# av_surface_cov_per_run
0.303917
0.304458
0.296208
0.302250
0.301708
0.303667
0.300125
0.299667
0.307458
0.302625
0.300208
0.304667
0.305042
0.303375
0.304583
0.301875
0.304708
0.300292
0.298208
0.299375
0.294667
0.302792
0.304125
0.300500
0.305458
0.300167
0.302833
0.302042
0.299500
0.298792
0.302083
0.303042
0.302208
0.300583
0.302042
0.305000
0.304083
0.303792
0.304792
0.296792
0.310083
0.299833
0.304583
0.302917
0.301292
0.302042
0.296458
0.301625
0.302958
0.301000
0.308708
0.303000
0.304708
0.302667
0.301958
0.295083
0.302917
0.303583
0.308000
0.305625
0.299333
0.298917
0.305375
0.304833
0.302250
0.298125
0.302583
0.306708
0.301125
0.300125
0.301125
0.300292
0.301417
0.303083
0.302625
0.302583
0.304583
0.303500
0.303500
0.301667
0.301875
0.304667
0.296542
0.305000
0.306667
0.307125
0.304750
0.308208
0.298917
0.303083
0.301625
0.303167
0.306833
0.299875
0.295667
0.298917
0.302208
0.304542
0.302792
0.301083
0.297708
0.305792
0.305250
0.300833
0.298000
0.301208
0.300458
0.298625
0.306083
0.302417
0.309250
0.303750
0.302042
0.299958
0.297292
0.299458
0.301542
0.300792
0.307042
0.303917
0.304208
0.304000
0.305667
0.300833
0.303667
0.303542
0.301250
0.301750
0.302042
0.304250
0.306333
0.303875
0.304167
0.300167
0.302458
0.296333
0.305042
0.299750
0.308708
0.311458
0.303458
0.302833
0.299375
0.307542
0.303833
0.304542
0.308875
0.301375
0.298667
0.301125
0.300750
0.309583
0.302625
0.304917
0.304708
0.304083
0.310500
0.304167
0.307125
0.299042
0.302833
0.304625
0.308958
0.305667
0.303625
0.301583
0.301333
0.300750
0.301375
0.298875
0.302333
0.301958
0.302958
0.301333
0.301583
0.298125
0.293875
0.303125
0.300958
0.301583
0.310250
0.309208
0.297917
0.301792
0.305750
0.304833
0.298500
0.300417
0.296583
0.303500
0.305333
0.303292
0.301833
0.301667
0.299625
0.306125
0.302375
0.304500
0.299583
0.300667
0.302958
0.297750
0.301250
0.303667
0.302083
0.304000
0.304042
0.306208
0.306167
0.305042
0.302042
0.307583
0.302542
0.297458
0.306375
0.305708
0.301333
0.301083
0.309208
0.298000
0.307000
0.296875
0.305292
0.296875
0.301583
0.302833
0.309333
0.299917
0.300292
0.305042
0.302208
0.296250
0.305250
0.305792
0.300167
0.309750
0.306417
0.303292
0.299625
0.299208
0.305333
0.301333
0.302625
0.305792
0.300917
0.302000
0.300375
0.310875
0.303500
0.302292
0.296833
0.300083
0.298292
0.298458
0.300667
0.303375
0.304667
0.301292
0.294750
0.305667
0.301625
0.302375
0.301583
0.306417
0.307833
0.302208
0.300625
0.304792
0.307500
0.306208
0.303875
0.310875
0.303833
0.304583
0.302292
0.305208
0.306583
0.296833
0.296750
0.303625
0.303583
0.309667
0.304417
0.306708
0.297208
0.299167
0.306250
0.301708
0.305583
0.302250
0.299833
0.301458
0.303500
0.293500
0.305208
0.304750
0.302042
0.298667
0.301208
0.307833
0.304250
0.301958
0.306625
0.307250
0.300708
0.304917
0.303875
0.300000
0.301833
0.296375
0.308125
0.308208
0.300375
0.308125
0.301625
0.302375
0.306000
0.302292
0.306792
0.302083
0.299333
0.304458
0.307375
0.302250
0.304042
0.301792
0.297792
0.303250
0.300375
0.308375
0.299083
0.300958
0.302042
0.303417
0.299208
0.303417
0.309125
0.306333
0.299875
0.300750
0.305708
0.297417
0.306083
0.305875
0.305583
0.308458
0.305208
0.300125
0.300125
0.296667
0.301292
0.302250
0.305667
0.311583
0.303125
0.301167
0.304000
0.297583
0.298875
0.304125
0.302042
0.301750
0.297167
0.308583
0.303250
0.303625
0.303958
0.297208
0.301375
0.297750
0.304542
0.305292
0.305042
0.308417
0.304125
0.301583
0.304917
0.303042
0.301583
0.299625
0.304417
0.302583
0.299750
0.303125
0.306083
0.300250
0.298500
0.306375
0.305042
0.299083
0.306458
0.299750
0.300458
0.300792
0.303500
0.301125
0.302125
0.298625
0.301292
0.296750
0.300500
0.298583
0.302958
0.300583
0.304667
0.306417
0.304542
0.303208
0.301417
0.309958
0.299958
0.301292
0.307542
0.300792
0.301792
0.305792
0.302500
0.297750
0.300417
0.298333
0.310292
0.300458
0.304250
0.301333
0.307500
0.301208
0.302875
0.301458
0.303833
0.302833
0.298917
0.302042
0.301583
0.305292
0.300042
0.300917
0.298792
0.304125
0.304750
0.303708
0.302000
0.297458
0.301750
0.295583
0.301833
0.300583
0.306625
0.305042
0.301000
0.300667
0.304375
0.303292
0.307208
0.304417
0.303292
0.309208
0.303042
0.299500
0.303125
0.299542
0.301250
0.297458
0.305208
0.299958
0.305042
0.299667
0.302708
0.300083
0.300292
0.300500
0.299208
0.300250
0.302125
0.303583
0.308167
0.302500
0.300708
0.306417
0.305917
0.304625
0.295833
0.300583
0.299667
0.294458
0.305792
0.307750
0.302958
0.303167
0.300125
0.305333
0.303417
0.305625
0.309000
0.305917
0.305750
0.305625
0.299875
0.298375
0.301917
0.301917
