# av_surface_cov_per_run
0.278750
0.270417
0.265625
0.268333
0.262083
0.272083
0.286667
0.260625
0.267917
0.266250
0.251250
0.271667
0.265833
0.273750
0.256042
0.267292
0.258542
0.277292
0.272500
0.249167
0.268958
0.266458
0.271458
0.257500
0.273333
0.258125
0.268958
0.252917
0.270417
0.286250
0.279167
0.267708
0.267500
0.281667
0.272292
0.248750
0.266667
0.271667
0.270417
0.266042
0.264583
0.265833
0.262708
0.252083
0.263958
0.279583
0.275000
0.262500
0.263125
0.268958
0.280000
0.284375
0.261042
0.265208
0.253958
0.262917
0.287708
0.265208
0.274792
0.266250
0.263542
0.271250
0.261458
0.275208
0.275000
0.277083
0.269375
0.264792
0.258125
0.260833
0.270625
0.269167
0.251875
0.248958
0.255208
0.263542
0.252708
0.277917
0.270208
0.255417
0.262708
0.267292
0.266250
0.261250
0.261458
0.264375
0.250625
0.271875
0.283958
0.247708
0.265417
0.289583
0.269792
0.260833
0.263542
0.269792
0.276042
0.253333
0.262708
0.263333
0.265000
0.257917
0.251250
0.270208
0.271667
0.259792
0.259583
0.275208
0.257500
0.286250
0.265208
0.276250
0.284792
0.260208
0.256250
0.265833
0.285833
0.275208
0.273542
0.281458
0.267917
0.260417
0.271458
0.238542
0.272500
0.243333
0.275833
0.261458
0.266875
0.277917
0.283958
0.257917
0.256458
0.259583
0.262500
0.256875
0.270625
0.246667
0.268333
0.270625
0.262292
0.262292
0.275417
0.270208
0.255625
0.258750
0.261250
0.266042
0.265000
0.277917
0.245833
0.258750
0.267917
0.262500
0.277500
0.269375
0.266042
0.278750
0.277500
0.276875
0.272083
0.275833
0.275208
0.272500
0.272083
0.263750
0.262917
0.271875
0.267917
0.273125
0.270208
0.263333
0.261250
0.271042
0.288125
0.264583
0.272500
0.275208
0.252083
0.246250
0.258750
0.262083
0.266042
0.274167
0.261667
0.266875
0.271250
0.262292
0.264792
0.270833
0.258750
0.278750
0.263958
0.262917
0.268750
0.267708
0.278542
0.264792
0.271250
0.268750
0.265000
0.276667
0.262083
0.266458
0.272500
0.271250
0.261250
0.264792
0.261458
0.286875
0.264792
0.266458
0.252083
0.246250
0.270208
0.256458
0.257083
0.257083
0.267917
0.267500
0.254375
0.264375
0.261458
0.266458
0.247500
0.246458
0.276875
0.255833
0.271875
0.279375
0.249792
0.273750
0.270208
0.273125
0.280417
0.257083
0.273750
0.271458
0.267917
0.278750
0.267083
0.283542
0.268750
0.266250
0.269792
0.268542
0.275417
0.257083
0.275417
0.268750
0.270208
0.270000
0.269583
0.267292
0.263333
0.272500
0.268125
0.267708
0.251250
0.265625
0.244583
0.259583
0.267083
0.265417
0.261875
0.277500
0.268958
0.264167
0.270833
0.261667
0.254375
0.266458
0.269583
0.258542
0.264583
0.237500
0.278333
0.281250
0.256875
0.264167
0.267083
0.268750
0.283958
0.245625
0.258333
0.261667
0.268542
0.271458
0.285208
0.263542
0.272708
0.281250
0.269792
0.276250
0.269792
0.288125
0.265625
0.274583
0.258750
0.261250
0.268125
0.266250
0.263542
0.263958
0.267292
0.255000
0.257500
0.282083
0.280625
0.259792
0.277292
0.248750
0.281458
0.260833
0.282500
0.261042
0.277083
0.268958
0.267292
0.260625
0.267708
0.251458
0.280833
0.259792
0.275833
0.272292
0.254583
0.263958
0.276042
0.262500
0.260208
0.257083
0.254792
0.271042
0.257917
0.274375
0.261667
0.265208
0.250625
0.262083
0.281667
0.256667
0.272083
0.263750
0.266458
0.257917
0.266875
0.272500
0.271458
0.275625
0.280000
0.256042
0.269583
0.268542
0.253333
0.281458
0.267292
0.256667
0.271667
0.268958
0.272292
0.292708
0.274375
0.261667
0.259167
0.270417
0.265000
0.268333
0.279583
0.261042
0.275625
0.260833
0.258542
0.256042
0.266042
0.278333
0.271250
0.276042
0.257917
0.250000
0.263750
0.265625
0.263125
0.266875
0.285833
0.271875
0.270000
0.261250
0.281875
0.257708
0.265625
0.285000
0.265833
0.257500
0.270833
0.259167
0.283333
0.276042
0.262292
0.277292
0.278333
0.246250
0.283750
0.261042
0.253750
0.261458
0.263125
0.263958
0.272500
0.253958
0.272917
0.265625
0.246667
0.260417
0.263333
0.268125
0.277500
0.264792
0.246250
0.256042
0.271250
0.271875
0.276875
0.267500
0.270000
0.273750
0.264583
0.267708
0.283542
0.275833
0.276875
0.274167
0.284792
0.251458
0.262083
0.282917
0.258542
0.267083
0.286250
0.282292
0.273125
0.258958
0.260417
0.253542
0.276875
0.260417
0.260208
0.266250
0.259375
0.267708
0.271667
0.260833
0.276875
0.271458
0.282083
0.261875
0.274167
0.250833
0.275833
0.273333
0.269375
0.277083
0.270417
0.277292
0.266458
0.260625
0.259583
0.273750
0.251042
0.275000
0.261667
0.265625
0.268542
0.276667
0.263750
0.262500
0.260833
0.255417
0.263125
0.275833
0.285833
0.262083
0.279167
0.279583
0.270625
0.262083
0.274375
0.252292
0.272708
0.270625
0.269792
0.250208
0.267500
0.268750
0.254792
0.276875
0.267083
0.267083
0.266875
0.275208
