# av_surface_cov_per_run
0.306667
0.304333
0.310667
0.311000
0.289667
0.296000
0.305000
0.302667
0.296000
0.308000
0.309333
0.298333
0.299667
0.299667
0.319667
0.298667
0.305333
0.313667
0.305333
0.301000
0.318000
0.301333
0.306333
0.288000
0.305667
0.328667
0.319000
0.300333
0.302667
0.312667
0.299333
0.289667
0.310000
0.309667
0.313000
0.307333
0.318667
0.296667
0.305000
0.306000
0.295000
0.301667
0.318333
0.307000
0.289000
0.303000
0.306667
0.301333
0.310667
0.288333
0.308667
0.312333
0.300000
0.314000
0.305333
0.310333
0.301000
0.294667
0.307333
0.308000
0.306000
0.309333
0.305667
0.302333
0.311333
0.306667
0.296333
0.305667
0.309333
0.302000
0.307000
0.315667
0.299667
0.312667
0.310000
0.307333
0.297000
0.294667
0.309333
0.298333
0.317667
0.303667
0.307000
0.306000
0.296667
0.301333
0.315667
0.299667
0.305667
0.313000
0.299667
0.298667
0.310667
0.297000
0.312333
0.312333
0.308000
0.298333
0.301000
0.309667
0.293000
0.312333
0.300333
0.306667
0.320667
0.305667
0.313667
0.326333
0.315000
0.298667
0.314333
0.306000
0.299000
0.311333
0.290333
0.299000
0.301333
0.311667
0.301667
0.293000
0.308333
0.307667
0.305333
0.298333
0.317667
0.308333
0.302333
0.296000
0.312667
0.294667
0.306000
0.298000
0.315667
0.295333
0.305333
0.301000
0.309000
0.297667
0.305333
0.292000
0.300333
0.294000
0.304000
0.291000
0.296667
0.294667
0.296667
0.299000
0.321000
0.311667
0.320000
0.312000
0.307000
0.301333
0.294667
0.314000
0.303000
0.312333
0.294333
0.303000
0.305667
0.315333
0.308000
0.296333
0.300000
0.304667
0.285333
0.315333
0.314667
0.293333
0.311000
0.315000
0.293667
0.304667
0.314333
0.298000
0.305333
0.295667
0.295667
0.312000
0.310333
0.307333
0.289333
0.296000
0.313000
0.300667
0.314000
0.306667
0.318667
0.308667
0.300333
0.297333
0.299333
0.310333
0.312000
0.313333
0.302667
0.302333
0.314667
0.317000
0.313333
0.307333
0.315333
0.293000
0.299667
0.302000
0.306000
0.305667
0.306667
0.296000
0.315333
0.295667
0.300000
0.315000
0.322333
0.299000
0.301667
0.294667
0.309000
0.299333
0.308333
0.320333
0.294333
0.322000
0.308667
0.310000
0.295000
0.298000
0.303333
0.309333
0.305667
0.295000
0.302333
0.301333
0.304667
0.299000
0.303333
0.292667
0.285000
0.281333
0.297333
0.317333
0.306000
0.308333
0.299667
0.303333
0.296667
0.287333
0.310333
0.308667
0.308333
0.305667
0.306000
0.310333
0.305667
0.294000
0.305667
0.310667
0.300333
0.305000
0.304667
0.301333
0.303667
0.307667
0.302667
0.311667
0.307667
0.310667
0.296667
0.294333
0.287667
0.304000
0.308667
0.287000
0.297333
0.310000
0.301333
0.290000
0.311333
0.306333
0.297000
0.300333
0.294000
0.297667
0.311667
0.291333
0.309333
0.295667
0.306333
0.315333
0.289000
0.303667
0.298333
0.311333
0.294000
0.315000
0.315000
0.316000
0.312667
0.307000
0.305667
0.296667
0.307667
0.313000
0.296333
0.302000
0.303333
0.314000
0.297000
0.315667
0.303667
0.307333
0.293333
0.300667
0.310333
0.327333
0.302333
0.296667
0.310667
0.309000
0.304000
0.306000
0.304667
0.318667
0.305000
0.307667
0.290000
0.293667
0.307667
0.304000
0.300667
0.306000
0.310333
0.307667
0.307667
0.311667
0.300333
0.305333
0.315667
0.308333
0.315000
0.296333
0.298000
0.323667
0.304667
0.302000
0.293333
0.301667
0.304000
0.304333
0.290667
0.309333
0.309333
0.311000
0.302000
0.311000
0.311667
0.317667
0.301667
0.314333
0.311667
0.314667
0.302333
0.310667
0.307333
0.302000
0.302667
0.298000
0.309333
0.315667
0.307000
0.328667
0.293667
0.308667
0.324667
0.301000
0.301333
0.302000
0.306333
0.320667
0.299333
0.305000
0.295667
0.315333
0.288333
0.307667
0.316667
0.295667
0.293667
0.296333
0.309333
0.305667
0.295000
0.304667
0.305667
0.307667
0.312000
0.318000
0.291000
0.311667
0.308667
0.307667
0.308667
0.302333
0.309000
0.309000
0.310000
0.302333
0.299000
0.310000
0.324333
0.296667
0.310000
0.311000
0.308000
0.319333
0.294667
0.307000
0.298667
0.297333
0.312667
0.318000
0.312000
0.304000
0.293667
0.309333
0.303000
0.301000
0.304667
0.316667
0.305000
0.307000
0.321333
0.312000
0.301333
0.308333
0.291333
0.312000
0.284000
0.297000
0.308000
0.311000
0.304667
0.299333
0.307667
0.312667
0.299333
0.312333
0.313667
0.320333
0.299000
0.303333
0.298667
0.306667
0.311667
0.315333
0.302000
0.297667
0.310333
0.298333
0.302333
0.312000
0.308667
0.308333
0.294333
0.313333
0.300667
0.292667
0.318333
0.306333
0.304333
0.298667
0.308000
0.312333
0.315333
0.311000
0.308333
0.304000
0.303000
0.314667
0.315000
0.302667
0.301333
0.315333
0.301000
0.314333
0.301333
0.297333
0.309667
0.298667
0.318667
0.297333
0.313667
0.304667
0.305000
0.294333
0.304333
0.297000
0.309000
0.318667
0.313000
0.290667
0.303000
0.316667
0.305333
0.296000
0.302333
0.285000
0.306000
0.309667
0.315333
0.300667
0.284000
0.309000
0.311667
0.303000
0.304333
0.311667
0.314333
0.293667
0.301667
0.294667
0.310333
0.297333
0.295000
0.309000
0.309000
0.300667
0.301000
0.314000
0.312667
0.313000
0.314667
0.313333
0.321667
0.306667
0.309333
0.303000
0.299000
0.300333
0.304667
0.306667
0.302667
0.305000
0.312000
0.304333
0.304000
0.305000
0.312333
0.311333
0.303667
0.305000
0.298000
0.312333
0.313333
0.312333
0.298000
0.302333
0.311333
0.317333
0.303000
0.305667
0.316000
0.306667
0.302333
0.305667
0.307667
0.307333
0.309000
0.311000
0.316333
0.311333
0.299000
0.304333
0.295333
0.317000
0.313667
0.306333
0.307667
0.316667
0.301667
0.306000
0.289667
0.315667
0.288000
0.306333
0.300667
0.319667
0.305333
0.314667
0.307333
0.308333
0.293000
0.307000
0.307333
0.310333
0.303333
0.296333
0.300667
0.302667
0.307000
0.294333
0.292333
0.291333
0.317667
0.303667
0.307333
0.314000
0.305333
0.291333
0.301333
0.311333
0.294333
0.297000
0.310333
0.291333
0.307333
0.306000
0.325667
0.306000
0.306667
0.312000
0.303333
0.300667
0.310333
0.303667
0.298000
0.310667
0.297333
0.312333
0.309667
0.307000
0.304333
0.298333
0.299000
0.306333
0.297333
0.317000
0.293667
0.298000
0.312333
0.314000
0.298667
0.300667
0.307667
0.307000
0.300000
0.305667
0.300667
0.299667
0.316000
0.292667
0.297000
0.300000
0.305667
0.303000
0.306333
0.303667
0.288667
0.312333
0.309000
0.323333
0.292667
0.315000
0.325333
0.314333
0.295000
0.297333
0.327333
0.295667
0.306000
0.291333
0.306667
0.307333
0.300333
0.314000
0.313000
0.315000
0.311333
0.296333
0.294667
0.305333
0.301000
0.319667
0.305000
0.305333
0.313667
0.301333
0.301333
0.302000
0.326333
0.299667
0.307667
0.301333
0.321000
0.300333
0.297333
0.301333
0.312333
0.308333
0.290333
0.310667
0.307333
0.310333
0.316333
0.304000
0.307000
0.308000
0.309000
0.300333
0.304000
0.304333
0.302667
0.303667
0.285333
0.308333
0.308667
0.303333
0.288667
0.305667
0.307333
0.298667
0.301667
0.301000
0.303667
0.282000
0.308000
0.305000
0.311000
0.288667
0.296333
0.318667
0.309000
0.300333
0.308333
0.304000
0.317333
0.303667
0.300333
0.303667
0.310000
0.297000
0.309333
0.311333
0.311000
0.305000
0.302667
0.307000
0.311333
0.306000
0.306000
0.292667
0.311333
0.287333
0.304333
0.313667
0.310667
0.315000
0.316333
0.305333
0.300667
0.304667
0.305667
0.304667
0.302000
0.308333
0.298000
0.309000
0.296000
0.309333
0.304000
0.311667
0.305000
0.306667
0.300000
0.300333
0.309667
0.292333
0.322667
0.316000
0.308333
0.313333
0.307333
0.306333
0.310667
0.298333
0.307000
0.305333
0.301000
0.302333
0.298333
0.314667
0.306333
0.307000
0.303000
0.311667
0.315000
0.316333
0.293667
0.310333
0.299333
0.306000
0.316000
0.289667
0.311000
0.309000
0.302667
0.309333
0.301000
0.310333
0.306333
0.308000
0.314667
0.303667
0.320667
0.302000
0.306000
0.302667
0.300000
0.291000
0.299000
0.291000
0.304000
0.319667
0.300333
0.311667
0.311667
0.296667
0.303667
0.306000
0.302000
0.298000
0.301667
0.312000
0.289000
0.304000
0.301667
0.296000
0.314667
0.327667
0.324000
0.303667
0.312667
0.306000
0.302000
0.308000
0.307000
0.319000
0.299000
0.305333
0.307333
0.318667
0.311667
0.320000
0.304000
0.316667
0.312000
0.295667
0.317667
0.299667
0.305333
0.306333
0.317333
0.305333
0.301333
0.303333
0.302000
0.301000
0.292333
0.309000
0.304000
0.314000
0.307333
0.304000
0.296667
0.317000
0.302000
0.318333
0.299333
0.302667
0.311333
0.313667
0.291333
0.286333
0.310667
0.308667
0.301667
0.296667
0.304667
0.311667
0.316333
0.303000
0.310667
0.310667
0.304333
0.312000
0.293000
0.295333
0.311000
0.307333
0.288667
0.288333
0.293667
0.302000
0.305000
0.312333
0.304667
0.308000
0.292333
0.304333
0.312000
0.305333
0.309667
0.301667
0.313667
0.299333
0.309667
0.308000
0.306667
0.307333
0.303333
0.306333
0.298000
0.305000
0.306333
0.297333
0.294333
0.306333
0.313667
0.308333
0.299333
0.307333
0.305667
0.307000
0.302000
0.302333
0.300333
0.302667
0.311333
0.300667
0.305333
0.308333
0.294667
0.302000
0.303333
0.315333
0.311667
0.314333
0.307000
0.299000
0.310000
0.303667
0.307333
0.295000
0.310667
0.312000
0.310667
0.312667
0.300667
0.306333
0.309333
0.284333
0.296333
0.309000
0.307667
0.311000
0.317667
0.326667
0.306667
0.326000
0.302667
0.300667
0.297333
0.293333
0.298667
0.298000
0.305000
0.326333
0.287667
0.302000
0.303000
0.306667
0.300333
0.307333
0.303333
0.316333
0.307333
0.304667
0.301333
0.301333
0.300333
0.313333
0.299667
0.299333
0.305667
0.292000
0.296333
0.311000
0.316000
0.299667
