# av_surface_cov_per_run
0.311750
0.311833
0.309750
0.306333
0.304500
0.310250
0.317333
0.310000
0.307917
0.309333
0.309583
0.306667
0.302250
0.307750
0.304583
0.303667
0.304583
0.307750
0.307667
0.312583
0.306500
0.307417
0.311667
0.308750
0.312083
0.309083
0.313417
0.310417
0.308500
0.308417
0.309583
0.310333
0.301833
0.302500
0.304917
0.309000
0.305333
0.308583
0.307083
0.311750
0.304667
0.309000
0.308667
0.314167
0.306833
0.305250
0.312333
0.308750
0.308667
0.311250
0.311417
0.307500
0.308083
0.306333
0.306083
0.311583
0.308750
0.312917
0.306417
0.307667
0.310167
0.316417
0.309583
0.305750
0.309917
0.311083
0.308167
0.312250
0.310500
0.308833
0.313083
0.309917
0.309167
0.309000
0.310083
0.312167
0.302250
0.311750
0.309667
0.306333
0.306833
0.308000
0.317417
0.310917
0.308583
0.310833
0.315583
0.308500
0.305417
0.313167
0.309000
0.307750
0.313250
0.312417
0.307833
0.312667
0.306750
0.308333
0.309000
0.306333
0.314667
0.312083
0.316333
0.304250
0.304750
0.308917
0.306000
0.309583
0.313750
0.310333
0.310333
0.314750
0.309500
0.311667
0.313750
0.311500
0.316167
0.309333
0.307250
0.311083
0.310333
0.312833
0.305750
0.313083
0.313667
0.301583
0.304833
0.312500
0.310667
0.312333
0.308750
0.306750
0.309333
0.304833
0.304583
0.311417
0.309500
0.309750
0.310083
0.310667
0.304833
0.307000
0.306500
0.305000
0.311583
0.309667
0.309750
0.313250
0.306500
0.302750
0.314250
0.308083
0.308500
0.306583
0.312583
0.304583
0.304417
0.307750
0.307083
0.304833
0.309583
0.308167
0.306500
0.314833
0.310583
0.308750
0.309250
0.314583
0.312833
0.306333
0.309417
0.303583
0.308833
0.301250
0.304333
0.311250
0.302667
0.312333
0.307000
0.311250
0.307167
0.309583
0.308500
0.308250
0.308917
0.309500
0.305000
0.306500
0.313833
0.310000
0.311667
0.315667
0.307667
0.303833
0.312917
0.311917
0.305250
0.307000
0.308750
0.306750
0.309500
0.312500
0.308833
0.315750
0.311417
0.308000
0.307500
0.307333
0.308250
0.304000
0.311250
0.303083
0.308333
0.311083
0.310500
0.313167
0.308083
0.310583
0.306333
0.306083
0.312167
0.308000
0.311250
0.307250
0.308917
0.312500
0.309583
0.311000
0.307833
0.309250
0.306917
0.307333
0.308833
0.312167
0.307417
0.307833
0.312917
0.315250
0.309250
0.309667
0.314250
0.307750
0.303500
0.309833
0.308917
0.312167
0.303667
0.309417
0.310583
0.303167
0.309417
0.306167
0.307000
0.308000
0.311750
0.309667
0.309583
0.309583
0.311000
0.309500
0.307750
0.306083
0.305167
0.312583
0.306750
0.299917
0.312250
0.308833
0.304417
0.310250
0.307917
0.307417
0.308083
0.315750
0.307417
0.313167
0.311000
0.310500
0.310750
0.310333
0.305167
0.307583
0.310500
0.314583
0.307833
0.307750
0.309833
0.310750
0.312500
0.310167
0.304083
0.305333
0.306917
0.308500
0.309833
0.306250
0.307417
0.312083
0.311083
0.312167
0.308083
0.307083
0.311500
0.307750
0.310250
0.309000
0.307750
0.307000
0.305417
0.306417
0.311667
0.306917
0.317083
0.302583
0.310250
0.311250
0.308000
0.310417
0.315000
0.303500
0.313667
0.309250
0.310250
0.309667
0.312333
0.304500
0.307833
0.304500
0.308000
0.309667
0.308500
0.308833
0.307333
0.308333
0.314250
0.318167
0.313333
0.311417
0.310750
0.306333
0.316833
0.305167
0.308833
0.313333
0.306333
0.304500
0.312000
0.308917
0.310667
0.311417
0.313667
0.301000
0.310667
0.307000
0.310250
0.308167
0.312417
0.312833
0.308667
0.307250
0.308000
0.308583
0.305417
0.309000
0.311167
0.307667
0.300833
0.309583
0.308250
0.311250
0.307250
0.309333
0.309000
0.310750
0.305583
0.304917
0.311750
0.310833
0.304917
0.310167
0.316667
0.303417
0.309500
0.312500
0.304917
0.308917
0.309167
0.309333
0.309333
0.303500
0.308500
0.309000
0.310333
0.313000
0.311167
0.307667
0.314917
0.314667
0.311250
0.310167
0.307333
0.305833
0.304583
0.303833
0.308583
0.307667
0.312167
0.306333
0.309750
0.302167
0.307917
0.310417
0.306167
0.309083
0.314500
0.308417
0.310000
0.308083
0.309750
0.304667
0.317250
0.308833
0.306083
0.309500
0.314583
0.312750
0.315417
0.306583
0.313417
0.308833
0.305917
0.312750
0.308500
0.306500
0.306583
0.312333
0.310333
0.306167
0.304333
0.309500
0.308417
0.308750
0.307917
0.305500
0.311833
0.306083
0.314000
0.307083
0.310083
0.312750
0.306583
0.306000
0.306667
0.304250
0.301000
0.304833
0.313167
0.311750
0.312750
0.310250
0.308917
0.307667
0.303833
0.306750
0.306333
0.305250
0.309667
0.310417
0.311667
0.309250
0.313500
0.311250
0.309333
0.306250
0.302500
0.305750
0.310417
0.308750
0.302667
0.309250
0.304167
0.313333
0.310500
0.308167
0.306083
0.308333
0.308417
0.307833
0.311000
0.311833
0.307167
0.311333
0.311500
0.312000
0.309333
0.309333
0.308917
0.306750
0.308667
0.309083
0.312167
0.306000
0.310500
0.310750
0.311167
0.306333
0.310083
0.309833
0.308417
0.309083
0.308167
0.305750
0.313583
0.312583
0.310167
0.305667
0.308833
0.311083
0.310083
0.311000
0.308667
0.310083
0.312000
0.303500
0.306167
0.305250
0.305833
0.304083
0.306667
0.305083
0.305917
0.307750
0.305667
0.302833
0.311667
0.305667
0.312000
0.310417
0.305167
0.309750
0.307667
0.306583
0.306750
0.309083
0.309000
0.311333
0.303417
0.310167
0.305833
0.304417
0.315000
0.309000
0.311583
0.310167
0.304917
0.307583
0.307167
0.305417
0.311750
0.314250
0.316000
0.304750
0.310500
0.310167
0.311417
0.304083
0.307583
0.311250
0.308250
0.305333
0.313667
0.313000
0.314917
0.310667
0.309250
0.317083
0.304167
0.301583
0.308000
0.309583
0.311417
0.304583
0.313750
0.302750
0.310667
0.308250
0.303333
0.309000
0.312250
0.309667
0.310917
0.306167
0.307583
0.305750
0.312833
0.311500
0.312667
0.306083
0.309750
0.311917
0.309250
0.309333
0.313417
0.309750
0.306500
0.303083
0.314833
0.308250
0.309583
0.302500
0.311667
0.302167
0.308167
0.305917
0.307500
0.309417
0.303917
0.307083
0.307167
0.309083
0.308417
0.309583
0.310333
0.314000
0.309833
0.305083
0.312833
0.309750
0.308333
0.313750
0.310000
0.315167
0.309583
0.311083
0.312000
0.308667
0.311417
0.310000
0.305250
0.309167
0.309583
0.307750
0.311417
0.310417
0.311583
0.307417
0.305833
0.308333
0.301083
0.307583
0.314500
0.308417
0.310667
0.316667
0.309500
0.310833
0.309083
0.311917
0.306333
0.311500
0.309750
0.311167
0.306583
0.310250
0.301917
0.310250
0.306167
0.308750
0.308083
0.303750
0.306500
0.310000
0.310833
0.309917
0.303583
0.318083
0.303583
0.308167
0.303083
0.313833
0.299833
0.313167
0.306583
0.303583
0.311583
0.309000
0.313417
0.312417
0.309333
0.308417
0.306833
0.300917
0.310083
0.310333
0.303667
0.303833
0.306417
0.308500
0.305417
0.307417
0.314250
0.312833
0.307583
0.315083
0.309083
0.312250
0.309667
0.307917
0.308000
0.307917
0.307583
0.309250
0.309417
0.310750
0.305667
0.309000
0.310000
0.309750
0.312500
0.308333
0.309833
0.313083
0.313750
0.309333
0.310083
0.307833
0.314750
0.306083
0.308167
0.309917
0.314500
0.305667
0.308250
0.303250
0.307667
0.308583
0.311417
0.308667
0.316250
0.310250
0.313750
0.305917
0.303750
0.307583
0.309250
0.308417
0.311417
0.306333
0.305750
0.312000
0.307500
0.309000
0.299000
0.305583
0.310250
0.307750
0.308833
0.308917
0.311500
0.301833
0.310167
0.312500
0.308417
0.310333
0.306000
0.313667
0.313583
0.308750
0.304333
0.308667
0.318667
0.309583
0.303833
0.306083
0.305417
0.308750
0.316167
0.310083
0.308250
0.310083
0.304667
0.313917
0.309167
0.308250
0.312417
0.309167
0.310167
0.300583
0.310083
0.314250
0.304750
0.312417
0.316833
0.311750
0.310167
0.305750
0.310833
0.306500
0.311833
0.309917
0.304750
0.310417
0.308500
0.307167
0.309500
0.308583
0.309167
0.302000
0.308583
0.315000
0.304667
0.308583
0.310333
0.315667
0.315500
0.306167
0.310750
0.313750
0.311833
0.310083
0.306833
0.317750
0.307917
0.312417
0.310917
0.306333
0.307417
0.305833
0.303333
0.306083
0.308500
0.306500
0.312000
0.305000
0.305500
0.311667
0.308500
0.311083
0.310250
0.310000
0.306250
0.307833
0.307333
0.308917
0.315083
0.310417
0.308000
0.313750
0.309833
0.309083
0.307750
0.309000
0.306500
0.311500
0.304500
0.316750
0.310000
0.309083
0.309167
0.310333
0.305417
0.307750
0.308000
0.309500
0.303250
0.304750
0.305250
0.310333
0.305250
0.301583
0.312917
0.308833
0.309750
0.307083
0.310750
0.302250
0.312583
0.308583
0.311417
0.311500
0.307833
0.306583
0.304417
0.308250
0.308083
0.308750
0.310000
0.313750
0.309000
0.309583
0.309750
0.312167
0.305333
0.307083
0.313250
0.309583
0.304000
0.309000
0.308833
0.310583
0.309667
0.306167
0.310083
0.310167
0.308000
0.312417
0.309333
0.309583
0.302417
0.307750
0.307750
0.312750
0.309667
0.306833
0.311000
0.305583
0.310417
0.309000
0.315583
0.312667
0.313083
0.303250
0.311167
0.308417
0.308500
0.311583
0.307583
0.314417
0.308333
0.306833
0.308000
0.304667
0.306083
0.304833
0.310917
0.314250
0.313417
0.309333
0.306750
0.310167
0.305167
0.306167
0.308500
0.307833
0.314500
0.307667
0.310417
0.313917
0.307667
0.303333
0.307750
0.311667
0.314333
0.313250
0.306333
0.310583
0.311250
0.313167
0.311667
0.308667
0.307583
0.304333
0.307667
0.309583
0.309000
0.310083
0.309917
0.312333
0.306750
0.309000
0.309583
0.308333
0.308750
0.309250
0.308833
0.301583
0.304833
0.309583
0.312000
0.303167
0.306667
0.308000
0.305167
0.309583
0.309333
0.301917
0.307500
0.311167
0.311833
0.309333
0.307083
0.314417
0.304167
0.310500
0.309833
0.310000
0.310250
0.313917
0.302417
0.312667
