# av_surface_cov_per_run
0.311800
0.308450
0.307300
0.306500
0.312000
0.309400
0.310250
0.311500
0.305450
0.306850
0.310950
0.309050
0.309200
0.308250
0.308100
0.306050
0.309750
0.311100
0.307000
0.311050
0.308450
0.312000
0.308900
0.305750
0.307950
0.311800
0.304600
0.309750
0.309800
0.305450
0.309000
0.306750
0.311000
0.306950
0.311250
0.308500
0.313150
0.306250
0.306950
0.311300
0.308300
0.308300
0.307750
0.309350
0.307750
0.304600
0.305800
0.307250
0.307300
0.309300
0.309550
0.309000
0.311200
0.312650
0.304950
0.312300
0.305900
0.304550
0.306000
0.309050
0.306900
0.307050
0.307300
0.312100
0.308950
0.310500
0.306250
0.308200
0.311000
0.309200
0.311450
0.311750
0.309150
0.308850
0.308550
0.313500
0.310650
0.311750
0.311950
0.307300
0.311700
0.310850
0.308700
0.309000
0.310450
0.311950
0.312500
0.307000
0.312050
0.307250
0.307950
0.305700
0.310250
0.313000
0.310050
0.306050
0.310500
0.310650
0.309900
0.309700
0.306400
0.305450
0.307850
0.310650
0.311550
0.309550
0.312050
0.308900
0.307000
0.310650
0.310500
0.307800
0.310650
0.310050
0.309800
0.313350
0.308850
0.305350
0.310100
0.308050
0.315950
0.305850
0.311950
0.308100
0.310100
0.309750
0.307050
0.305800
0.306250
0.310950
0.310450
0.310050
0.309000
0.308500
0.310350
0.304750
0.311900
0.310850
0.312300
0.308550
0.309650
0.311000
0.308550
0.309250
0.311500
0.310400
0.306850
0.309200
0.307850
0.307750
0.308400
0.309550
0.309500
0.311700
0.311450
0.306300
0.311450
0.311350
0.306050
0.309250
0.308100
0.311450
0.309400
0.308850
0.310550
0.308800
0.308900
0.311150
0.311050
0.308600
0.311700
0.309500
0.311000
0.313500
0.308900
0.308350
0.308800
0.309150
0.306350
0.313550
0.305800
0.310750
0.311200
0.311450
0.307850
0.312450
0.309050
0.311700
0.310100
0.313500
0.307300
0.311700
0.310050
0.307800
0.305400
0.308400
0.307950
0.310300
0.309400
0.308150
0.313500
0.306950
0.309350
0.307950
0.307300
0.309200
0.308000
0.309750
0.308600
0.310950
0.308300
0.306050
0.308350
0.309550
0.309050
0.310900
0.311700
0.309250
0.311000
0.309200
0.309700
0.311900
0.307000
0.308650
0.307300
0.313250
0.310600
0.306200
0.316100
0.308900
0.307750
0.310550
0.311950
0.309000
0.307900
0.310450
0.310800
0.308800
0.302700
0.310650
0.312950
0.307650
0.308900
0.307200
0.307600
0.308800
0.306250
0.310300
0.308250
0.313950
0.313250
0.311700
0.311600
0.310350
0.305050
0.311350
0.309650
0.310250
0.307800
0.306800
0.312950
0.309250
0.308600
0.307600
0.307450
0.308600
0.305400
0.306950
0.310950
0.307100
0.310850
0.307300
0.309500
0.312750
0.307750
0.309150
0.310700
0.307300
0.311100
0.307300
0.309600
0.308500
0.310550
0.307400
0.303300
0.310300
0.307250
0.312000
0.310550
0.304400
0.309700
0.303200
0.311850
0.308600
0.309250
0.305350
0.312550
0.313400
0.310400
0.306500
0.308900
0.310600
0.306400
0.308950
0.307350
0.308050
0.310050
0.308100
0.312150
0.306150
0.309900
0.310650
0.310500
0.305250
0.307550
0.312650
0.308850
0.309150
0.307850
0.308300
0.315550
0.309800
0.308250
0.308100
0.310250
0.308800
0.308200
0.309600
0.310250
0.307800
0.304350
0.312900
0.307750
0.311200
0.311700
0.307400
0.311200
0.311350
0.305900
0.307600
0.310350
0.304700
0.312700
0.311100
0.307500
0.312200
0.307150
0.310000
0.313800
0.307850
0.310300
0.306750
0.306750
0.311050
0.310750
0.309950
0.309000
0.308100
0.306100
0.314650
0.313250
0.310600
0.308300
0.309250
0.310500
0.310950
0.304700
0.308200
0.309400
0.311750
0.305250
0.307850
0.312350
0.310600
0.309750
0.310100
0.309000
0.307400
0.306950
0.307700
0.309450
0.308900
0.310950
0.307500
0.308750
0.310200
0.305250
0.310850
0.310150
0.309250
0.308350
0.309600
0.308450
0.304000
0.305600
0.306550
0.310750
0.312800
0.309950
0.304650
0.314200
0.309350
0.311550
0.309850
0.314900
0.309750
0.307750
0.304350
0.308450
0.309200
0.303500
0.308400
0.306500
0.312300
0.308950
0.309450
0.309200
0.308000
0.311750
0.308600
0.310900
0.311600
0.308950
0.306000
0.309650
0.311300
0.312400
0.306600
0.309900
0.309750
0.311550
0.312600
0.311500
0.312100
0.312400
0.306450
0.307750
0.310050
0.308500
0.304550
0.310900
0.306800
0.308550
0.312150
0.312350
0.307650
0.306350
0.306950
0.310100
0.308050
0.308150
0.311900
0.308250
0.308000
0.310500
0.307100
0.305950
0.311350
0.309600
0.309950
0.311450
0.312000
0.309100
0.314000
0.310750
0.307350
0.309000
0.309400
0.315550
0.308700
0.312900
0.311000
0.311800
0.307800
0.304150
0.306750
0.312100
0.308300
0.307500
0.306250
0.310300
0.306750
0.311200
0.313550
0.304000
0.303950
0.303850
0.306800
0.308500
0.307100
0.312800
0.305550
0.307100
0.308950
0.309550
0.309450
0.307900
0.312750
0.306200
0.310600
0.305600
0.306200
0.307750
0.310950
0.309300
0.313300
0.305400
0.312250
0.308250
0.309400
0.309500
0.310900
0.313050
0.309150
0.308500
0.309850
0.311650
0.311700
0.306300
0.313300
0.306350
0.309350
0.307600
0.310650
0.309450
0.309200
0.309000
0.307450
0.306600
0.309750
0.310000
0.307900
0.309100
0.311100
0.312200
0.306050
0.307800
0.306050
0.312600
0.311350
0.311950
0.305900
0.308950
0.306850
0.303450
0.309500
0.303350
0.309200
0.312100
0.309350
0.310950
0.311400
0.313750
0.304950
0.312300
0.308300
0.307950
0.307200
0.307300
0.309450
0.305550
0.307100
0.307400
0.306900
0.310150
0.306750
0.312150
0.310400
0.310250
0.310450
0.308750
0.306800
0.308500
0.310550
0.309450
0.303800
0.312800
0.310900
0.309200
0.306450
0.310650
0.309700
0.312150
0.306850
0.307950
0.308450
0.304400
0.313250
0.310800
0.312900
0.308600
0.307350
0.311000
0.312000
0.309000
0.310900
0.310150
0.310450
0.304700
0.312150
0.307300
0.309700
0.304100
0.306400
0.310200
0.311450
0.307350
0.311950
0.311800
0.304650
0.306850
0.308500
0.308300
0.308500
0.308550
0.314000
0.306350
0.307700
0.304750
0.310200
0.313600
0.308550
0.305300
0.308000
0.310150
0.309850
0.306550
0.308000
0.307700
0.309350
0.310550
0.307450
0.311450
0.307550
0.309200
0.308550
0.310500
0.311350
0.311350
0.308600
0.307500
0.308600
0.307200
0.313000
0.311450
0.309400
0.308200
0.315600
0.310100
0.313350
0.308450
0.307350
0.303600
0.304850
0.304500
0.313450
0.309350
0.308600
0.305250
0.309650
0.308250
0.310450
0.310200
0.310200
0.305000
0.306000
0.306750
0.309050
0.308300
0.305500
0.310150
0.307800
0.310100
0.304700
0.311500
0.310900
0.310150
0.307900
0.306050
0.303600
0.305700
0.312400
0.309500
0.306050
0.310050
0.313300
0.309050
0.306400
0.309650
0.311850
0.308350
0.307600
0.307600
0.309000
0.311700
0.309300
0.309550
0.310250
0.310150
0.308750
0.305950
0.309500
0.310350
0.303100
0.307550
0.309850
0.306300
0.311400
0.308600
0.310750
0.312150
0.309150
0.308150
0.312600
0.309050
0.305250
0.308950
0.311700
0.305150
0.313350
0.310250
0.303650
0.309350
0.309550
0.305050
0.313300
0.311850
0.309600
0.310400
0.311850
0.306400
0.306400
0.308600
0.310050
0.306700
0.311850
0.307200
0.306950
0.308350
0.309200
0.306700
0.312750
0.309700
0.308100
0.306000
0.310750
0.307350
0.313700
0.309550
0.312100
0.307600
0.306250
0.310500
0.312700
0.310350
0.311500
0.303200
0.311200
0.308450
0.309900
0.306350
0.310550
0.310350
0.307150
0.306700
0.313150
0.311400
0.310000
0.311550
0.310250
0.304900
0.313050
0.305350
0.308750
0.310150
0.308750
0.309000
0.305700
0.311500
0.306550
0.304550
0.308500
0.310800
0.307150
0.305900
0.307550
0.308000
0.307050
0.310650
0.309300
0.311150
0.307400
0.309400
0.311600
0.310350
0.308950
0.307850
0.311050
0.312550
0.310700
0.309700
0.303050
0.306900
0.312500
0.307200
0.313300
0.306050
0.309700
0.306200
0.310200
0.310650
0.307650
0.303900
0.311400
0.312350
0.307800
0.313200
0.308000
0.310400
0.309000
0.309000
0.311000
0.303950
0.308650
0.306750
0.305550
0.309650
0.310150
0.313950
0.310900
0.309100
0.307550
0.311000
0.307500
0.310850
0.308850
0.308900
0.309100
0.313450
0.309250
0.308750
0.307650
0.309550
0.310850
0.308900
0.311900
0.307300
0.307600
0.306850
0.311350
0.307800
0.309050
0.311000
0.306500
0.305750
0.308750
0.312700
0.307550
0.313100
0.309550
0.306850
0.311950
0.313650
0.309400
0.307650
0.310950
0.310750
0.307100
0.309550
0.310750
0.308850
0.309100
0.302450
0.305500
0.308150
0.308800
0.309700
0.306500
0.307900
0.315000
0.310500
0.307700
0.304150
0.313000
0.313000
0.310850
0.307300
0.306750
0.311000
0.313850
0.311350
0.311800
0.309400
0.312650
0.306300
0.311750
0.305350
0.310400
0.308000
0.305050
0.310450
0.311200
0.311650
0.307700
0.311050
0.312500
0.311050
0.311650
0.311600
0.307350
0.306800
0.305950
0.308300
0.304200
0.305450
0.310150
0.306200
0.304350
0.305750
0.309550
0.307600
0.314700
0.309400
0.307800
0.308650
0.307050
0.307300
0.307500
0.310700
0.307900
0.312550
0.312150
0.314550
0.307500
0.308550
0.314500
0.307500
0.311300
0.313150
0.306800
0.309550
0.305000
0.311800
0.308950
0.310800
0.308700
0.312300
0.308800
0.306650
0.308600
0.308100
0.307150
0.307150
0.307300
0.307300
0.302050
0.308450
0.312150
0.307200
0.308600
0.314650
0.308100
0.308050
0.308550
0.314750
0.310450
0.307800
0.303650
0.311650
0.310700
0.309950
0.315150
0.308000
0.309100
0.305250
0.311050
0.308200
0.310550
0.308000
0.309450
0.307750
0.312050
0.310300
0.306800
0.307400
0.312000
0.312400
0.306900
0.309400
0.309900
0.309800
0.313450
0.310800
0.310350
0.309450
0.310300
0.309600
0.307450
0.309400
0.302900
