# i correlation
1 0.005963
2 0.005273
3 0.004746
4 0.004310
5 0.003916
6 0.003605
7 0.003372
8 0.003176
9 0.002987
10 0.002731
11 0.002539
12 0.002413
13 0.002365
14 0.002313
15 0.002310
16 0.002283
17 0.002319
18 0.002368
19 0.002474
20 0.002413
21 0.002345
22 0.002373
23 0.002410
24 0.002422
25 0.002412
26 0.002442
27 0.002462
28 0.002504
29 0.002536
30 0.002534
31 0.002590
32 0.002637
33 0.002628
34 0.002575
35 0.002459
36 0.002384
37 0.002293
38 0.002218
39 0.002150
40 0.002084
41 0.002009
42 0.001907
43 0.001846
44 0.001818
45 0.001903
46 0.001980
47 0.001981
48 0.001994
49 0.001981
50 0.001975
51 0.002013
52 0.002043
53 0.002141
54 0.002170
55 0.002138
56 0.002063
57 0.002028
58 0.002039
59 0.002088
60 0.002111
61 0.002140
62 0.002193
63 0.002158
64 0.002123
65 0.002103
66 0.002063
67 0.002052
68 0.002079
69 0.002121
70 0.002064
71 0.001982
72 0.001973
73 0.001968
74 0.001977
75 0.001972
76 0.001927
77 0.001917
78 0.001933
79 0.001906
80 0.001865
81 0.001824
82 0.001720
83 0.001674
84 0.001687
85 0.001708
86 0.001735
87 0.001747
88 0.001722
89 0.001651
90 0.001618
91 0.001674
92 0.001790
93 0.001818
94 0.001844
95 0.001804
96 0.001758
97 0.001688
98 0.001667
99 0.001686
100 0.001665
101 0.001593
102 0.001475
103 0.001420
104 0.001346
105 0.001291
106 0.001247
107 0.001251
108 0.001197
109 0.001152
110 0.001092
111 0.001084
112 0.001004
113 0.000913
114 0.000890
115 0.000820
116 0.000766
117 0.000783
118 0.000912
119 0.000999
120 0.001162
121 0.001285
122 0.001400
123 0.001568
124 0.001710
125 0.001799
126 0.001869
127 0.001872
128 0.001840
129 0.001789
130 0.001767
131 0.001754
132 0.001732
133 0.001728
134 0.001736
135 0.001673
136 0.001571
137 0.001496
138 0.001349
139 0.001242
140 0.001167
141 0.001032
142 0.000973
143 0.000971
144 0.000978
145 0.001009
146 0.001054
147 0.001112
148 0.001110
149 0.001099
150 0.001051
151 0.001088
152 0.001121
153 0.001187
154 0.001291
155 0.001283
156 0.001263
157 0.001234
158 0.001180
159 0.001115
160 0.001027
161 0.000919
162 0.000923
163 0.000840
164 0.000757
165 0.000679
166 0.000641
167 0.000579
168 0.000483
169 0.000395
170 0.000368
171 0.000405
172 0.000429
173 0.000476
174 0.000524
175 0.000582
176 0.000529
177 0.000482
178 0.000445
179 0.000397
180 0.000368
181 0.000399
182 0.000459
183 0.000506
184 0.000501
185 0.000452
186 0.000417
187 0.000423
188 0.000409
189 0.000468
190 0.000490
191 0.000426
192 0.000358
193 0.000286
194 0.000173
195 0.000079
196 0.000093
197 0.000146
198 0.000228
199 0.000298
200 0.000311
201 0.000319
202 0.000325
203 0.000275
204 0.000275
205 0.000378
206 0.000529
207 0.000628
208 0.000719
209 0.000762
210 0.000770
211 0.000707
212 0.000588
213 0.000502
214 0.000464
215 0.000505
216 0.000547
217 0.000535
218 0.000595
219 0.000636
220 0.000715
221 0.000770
222 0.000736
223 0.000695
224 0.000694
225 0.000728
226 0.000694
227 0.000657
228 0.000686
229 0.000718
230 0.000692
231 0.000601
232 0.000482
233 0.000405
234 0.000332
235 0.000214
236 0.000103
237 0.000052
238 0.000017
239 0.000010
240 -0.000020
241 0.000005
242 0.000071
243 0.000156
244 0.000245
245 0.000268
246 0.000324
247 0.000396
248 0.000433
249 0.000427
250 0.000439
251 0.000489
252 0.000544
253 0.000600
254 0.000638
255 0.000596
256 0.000514
257 0.000432
258 0.000437
259 0.000413
260 0.000379
261 0.000348
262 0.000331
263 0.000312
264 0.000185
265 0.000072
266 0.000021
267 0.000015
268 0.000036
269 0.000042
270 0.000068
271 0.000093
272 0.000045
273 0.000067
274 0.000121
275 0.000165
276 0.000186
277 0.000264
278 0.000394
279 0.000473
280 0.000594
281 0.000717
282 0.000869
283 0.000918
284 0.000922
285 0.000925
286 0.000907
287 0.000883
288 0.000815
289 0.000713
290 0.000603
291 0.000490
292 0.000389
293 0.000357
294 0.000320
295 0.000214
296 0.000139
297 0.000054
298 0.000001
299 0.000013
300 0.000075
301 0.000128
302 0.000125
303 0.000121
304 0.000102
305 0.000044
306 0.000063
307 0.000135
308 0.000210
309 0.000263
310 0.000229
311 0.000216
312 0.000211
313 0.000162
314 0.000082
315 0.000019
316 0.000037
317 -0.000023
318 -0.000090
319 -0.000139
320 -0.000188
321 -0.000193
322 -0.000223
323 -0.000353
324 -0.000455
325 -0.000554
326 -0.000607
327 -0.000626
328 -0.000583
329 -0.000570
330 -0.000554
331 -0.000512
332 -0.000447
333 -0.000360
334 -0.000324
335 -0.000237
336 -0.000164
337 -0.000136
338 -0.000133
339 -0.000138
340 -0.000109
341 -0.000111
342 -0.000132
343 -0.000181
344 -0.000220
345 -0.000192
346 -0.000123
347 -0.000085
348 -0.000077
349 -0.000078
350 -0.000063
351 -0.000094
352 -0.000050
353 0.000045
354 0.000126
355 0.000181
356 0.000171
357 0.000151
358 0.000080
359 -0.000003
360 -0.000074
361 -0.000093
362 0.000009
363 -0.000000
364 0.000016
365 0.000077
366 0.000076
367 0.000099
368 0.000143
369 0.000178
370 0.000150
371 0.000079
372 0.000066
373 0.000101
374 0.000167
375 0.000187
376 0.000170
377 0.000204
378 0.000231
379 0.000232
380 0.000255
381 0.000370
382 0.000439
383 0.000443
384 0.000442
385 0.000455
386 0.000448
387 0.000467
388 0.000507
389 0.000448
390 0.000353
391 0.000309
392 0.000241
393 0.000241
394 0.000210
395 0.000185
396 0.000198
397 0.000177
398 0.000165
399 0.000167
400 0.000228
401 0.000302
402 0.000334
403 0.000385
404 0.000418
405 0.000469
406 0.000534
407 0.000633
408 0.000711
409 0.000722
410 0.000701
411 0.000724
412 0.000729
413 0.000708
414 0.000708
415 0.000747
416 0.000743
417 0.000706
418 0.000639
419 0.000551
420 0.000541
421 0.000530
422 0.000492
423 0.000373
424 0.000265
425 0.000201
426 0.000180
427 0.000241
428 0.000306
429 0.000372
430 0.000421
431 0.000428
432 0.000426
433 0.000429
434 0.000464
435 0.000533
436 0.000601
437 0.000616
438 0.000596
439 0.000619
440 0.000675
441 0.000689
442 0.000675
443 0.000638
444 0.000617
445 0.000593
446 0.000576
447 0.000516
448 0.000461
449 0.000450
450 0.000402
451 0.000345
452 0.000349
453 0.000386
454 0.000404
455 0.000410
456 0.000404
457 0.000383
458 0.000389
459 0.000377
460 0.000387
461 0.000419
462 0.000466
463 0.000494
464 0.000517
465 0.000480
466 0.000463
467 0.000454
468 0.000488
469 0.000576
470 0.000652
471 0.000730
472 0.000781
473 0.000845
474 0.000883
475 0.000911
476 0.000942
477 0.000924
478 0.000891
479 0.000826
480 0.000802
481 0.000761
482 0.000743
483 0.000711
484 0.000661
485 0.000590
486 0.000537
487 0.000529
488 0.000543
489 0.000582
490 0.000609
491 0.000603
492 0.000632
493 0.000680
494 0.000684
495 0.000700
496 0.000709
497 0.000723
498 0.000701
499 0.000744
500 0.000779
501 0.000830
502 0.000911
503 0.000968
504 0.000967
505 0.001002
506 0.001025
507 0.001069
508 0.001091
509 0.001132
510 0.001136
511 0.001159
512 0.001178
513 0.001152
514 0.001119
515 0.001069
516 0.001010
517 0.000890
518 0.000782
519 0.000709
520 0.000676
521 0.000660
522 0.000661
523 0.000646
524 0.000690
525 0.000691
526 0.000697
527 0.000730
528 0.000773
529 0.000871
530 0.000927
531 0.000961
532 0.000977
533 0.001010
534 0.000993
535 0.000971
536 0.000951
537 0.000936
538 0.000891
539 0.000842
540 0.000810
541 0.000772
542 0.000757
543 0.000737
544 0.000763
545 0.000790
546 0.000835
547 0.000838
548 0.000786
549 0.000716
550 0.000663
551 0.000658
552 0.000678
553 0.000678
554 0.000662
555 0.000684
556 0.000704
557 0.000668
558 0.000655
559 0.000626
560 0.000607
561 0.000614
562 0.000655
563 0.000742
564 0.000805
565 0.000836
566 0.000858
567 0.000871
568 0.000844
569 0.000833
570 0.000850
571 0.000873
572 0.000849
573 0.000762
574 0.000779
575 0.000830
576 0.000798
577 0.000711
578 0.000641
579 0.000554
580 0.000485
581 0.000391
582 0.000324
583 0.000321
584 0.000299
585 0.000276
586 0.000256
587 0.000249
588 0.000226
589 0.000227
590 0.000235
591 0.000226
592 0.000211
593 0.000235
594 0.000291
595 0.000317
596 0.000313
597 0.000301
598 0.000334
599 0.000373
600 0.000387
601 0.000406
602 0.000414
603 0.000429
604 0.000450
605 0.000431
606 0.000453
607 0.000481
608 0.000483
609 0.000464
610 0.000464
611 0.000444
612 0.000439
613 0.000406
614 0.000394
615 0.000405
616 0.000413
617 0.000388
618 0.000353
619 0.000289
620 0.000294
621 0.000296
622 0.000277
623 0.000253
624 0.000241
625 0.000273
626 0.000264
627 0.000264
628 0.000243
629 0.000210
630 0.000177
631 0.000131
632 0.000124
633 0.000149
634 0.000177
635 0.000215
636 0.000310
637 0.000384
638 0.000406
639 0.000476
640 0.000541
641 0.000518
642 0.000494
643 0.000483
644 0.000498
645 0.000473
646 0.000454
647 0.000438
648 0.000407
649 0.000373
650 0.000316
651 0.000290
652 0.000248
653 0.000228
654 0.000217
655 0.000292
656 0.000353
657 0.000374
658 0.000363
659 0.000347
660 0.000319
661 0.000304
662 0.000283
663 0.000282
664 0.000276
665 0.000224
666 0.000176
667 0.000130
668 0.000107
669 0.000103
670 0.000112
671 0.000151
672 0.000171
673 0.000156
674 0.000165
675 0.000176
676 0.000180
677 0.000180
678 0.000222
679 0.000244
680 0.000262
681 0.000262
682 0.000267
683 0.000266
684 0.000297
685 0.000334
686 0.000358
687 0.000397
688 0.000396
689 0.000404
690 0.000412
691 0.000389
692 0.000330
693 0.000295
694 0.000292
695 0.000300
696 0.000281
697 0.000246
698 0.000223
699 0.000218
700 0.000226
701 0.000251
702 0.000273
703 0.000292
704 0.000300
705 0.000273
706 0.000236
707 0.000176
708 0.000133
709 0.000122
710 0.000091
711 0.000042
712 -0.000009
713 -0.000027
714 -0.000059
715 -0.000060
716 -0.000076
717 -0.000045
718 -0.000003
719 0.000030
720 0.000058
721 0.000081
722 0.000104
723 0.000135
724 0.000128
725 0.000079
726 0.000022
727 -0.000049
728 -0.000114
729 -0.000146
730 -0.000159
731 -0.000187
732 -0.000189
733 -0.000166
734 -0.000130
735 -0.000126
736 -0.000087
737 -0.000072
738 -0.000055
739 -0.000055
740 -0.000028
741 -0.000011
742 -0.000018
743 -0.000028
744 -0.000047
745 -0.000082
746 -0.000124
747 -0.000130
748 -0.000156
749 -0.000131
750 -0.000119
751 -0.000095
752 -0.000068
753 -0.000018
754 -0.000000
755 0.000044
756 0.000073
757 0.000093
758 0.000125
759 0.000087
760 0.000066
761 0.000057
762 0.000070
763 0.000080
764 0.000097
765 0.000116
766 0.000120
767 0.000098
768 0.000079
769 0.000067
770 0.000074
771 0.000068
772 0.000070
773 0.000082
774 0.000092
775 0.000087
776 0.000081
777 0.000077
778 0.000055
779 0.000044
780 0.000045
781 0.000062
782 0.000071
783 0.000088
784 0.000084
785 0.000078
786 0.000065
787 0.000064
788 0.000060
789 0.000051
790 0.000062
791 0.000066
792 0.000092
793 0.000089
794 0.000088
795 0.000095
796 0.000096
797 0.000055
798 0.000019
799 0.000008
800 -0.000034
801 -0.000077
802 -0.000096
803 -0.000111
804 -0.000104
805 -0.000099
806 -0.000096
807 -0.000122
808 -0.000116
809 -0.000076
