# i correlation
1 0.006830
2 0.006137
3 0.005565
4 0.005243
5 0.004986
6 0.004742
7 0.004474
8 0.004325
9 0.004183
10 0.004013
11 0.003798
12 0.003575
13 0.003412
14 0.003222
15 0.003093
16 0.002974
17 0.002966
18 0.002941
19 0.003018
20 0.003109
21 0.003097
22 0.003129
23 0.003063
24 0.002973
25 0.002962
26 0.002937
27 0.002876
28 0.002839
29 0.002786
30 0.002719
31 0.002611
32 0.002621
33 0.002567
34 0.002520
35 0.002400
36 0.002307
37 0.002244
38 0.002216
39 0.002133
40 0.002035
41 0.001974
42 0.001928
43 0.001921
44 0.001912
45 0.001872
46 0.001844
47 0.001914
48 0.001878
49 0.001855
50 0.001843
51 0.001824
52 0.001816
53 0.001788
54 0.001835
55 0.001953
56 0.002043
57 0.002108
58 0.002166
59 0.002166
60 0.002110
61 0.002086
62 0.002079
63 0.002121
64 0.002168
65 0.002157
66 0.002202
67 0.002267
68 0.002326
69 0.002344
70 0.002384
71 0.002420
72 0.002401
73 0.002281
74 0.002204
75 0.002136
76 0.002165
77 0.002186
78 0.002111
79 0.002115
80 0.002080
81 0.002091
82 0.002050
83 0.002058
84 0.002055
85 0.002047
86 0.002005
87 0.002013
88 0.002022
89 0.002056
90 0.002224
91 0.002318
92 0.002317
93 0.002334
94 0.002311
95 0.002282
96 0.002290
97 0.002204
98 0.002139
99 0.002096
100 0.002065
101 0.002070
102 0.002092
103 0.002132
104 0.002151
105 0.002130
106 0.002176
107 0.002160
108 0.002112
109 0.002111
110 0.002056
111 0.002038
112 0.001993
113 0.002001
114 0.001991
115 0.002055
116 0.002059
117 0.001974
118 0.001861
119 0.001799
120 0.001739
121 0.001778
122 0.001833
123 0.001880
124 0.001911
125 0.001923
126 0.001953
127 0.001990
128 0.001999
129 0.002045
130 0.002013
131 0.002024
132 0.001991
133 0.001967
134 0.001927
135 0.001888
136 0.001807
137 0.001801
138 0.001800
139 0.001721
140 0.001653
141 0.001604
142 0.001665
143 0.001799
144 0.001748
145 0.001688
146 0.001632
147 0.001613
148 0.001581
149 0.001569
150 0.001524
151 0.001544
152 0.001521
153 0.001492
154 0.001425
155 0.001375
156 0.001310
157 0.001335
158 0.001313
159 0.001341
160 0.001380
161 0.001397
162 0.001536
163 0.001654
164 0.001723
165 0.001772
166 0.001787
167 0.001736
168 0.001649
169 0.001631
170 0.001631
171 0.001673
172 0.001675
173 0.001644
174 0.001618
175 0.001540
176 0.001401
177 0.001247
178 0.001149
179 0.001100
180 0.001106
181 0.001095
182 0.001027
183 0.001000
184 0.000980
185 0.001030
186 0.001045
187 0.001050
188 0.001075
189 0.001070
190 0.001014
191 0.001011
192 0.000996
193 0.001003
194 0.001044
195 0.001010
196 0.000936
197 0.000898
198 0.000962
199 0.001013
200 0.001060
201 0.001117
202 0.001118
203 0.001041
204 0.001017
205 0.001010
206 0.001116
207 0.001169
208 0.001235
209 0.001356
210 0.001495
211 0.001536
212 0.001534
213 0.001517
214 0.001603
215 0.001665
216 0.001673
217 0.001679
218 0.001701
219 0.001789
220 0.001805
221 0.001847
222 0.001828
223 0.001784
224 0.001690
225 0.001599
226 0.001527
227 0.001543
228 0.001578
229 0.001543
230 0.001507
231 0.001458
232 0.001378
233 0.001320
234 0.001284
235 0.001272
236 0.001361
237 0.001347
238 0.001404
239 0.001437
240 0.001447
241 0.001481
242 0.001512
243 0.001559
244 0.001633
245 0.001612
246 0.001523
247 0.001384
248 0.001320
249 0.001287
250 0.001216
251 0.001124
252 0.001011
253 0.000951
254 0.000870
255 0.000829
256 0.000775
257 0.000703
258 0.000584
259 0.000449
260 0.000347
261 0.000313
262 0.000263
263 0.000168
264 0.000196
265 0.000307
266 0.000375
267 0.000324
268 0.000316
269 0.000288
270 0.000344
271 0.000361
272 0.000430
273 0.000407
274 0.000414
275 0.000467
276 0.000541
277 0.000570
278 0.000633
279 0.000597
280 0.000492
281 0.000369
282 0.000322
283 0.000325
284 0.000303
285 0.000300
286 0.000322
287 0.000346
288 0.000355
289 0.000434
290 0.000450
291 0.000503
292 0.000530
293 0.000542
294 0.000587
295 0.000653
296 0.000714
297 0.000795
298 0.000850
299 0.000886
300 0.000978
301 0.001022
302 0.001092
303 0.001118
304 0.001125
305 0.001118
306 0.001090
307 0.001045
308 0.001065
309 0.001104
310 0.001146
311 0.001142
312 0.001201
313 0.001269
314 0.001293
315 0.001387
316 0.001480
317 0.001583
318 0.001596
319 0.001597
320 0.001581
321 0.001594
322 0.001584
323 0.001566
324 0.001475
325 0.001385
326 0.001335
327 0.001227
328 0.001144
329 0.001048
330 0.001002
331 0.000969
332 0.000972
333 0.000925
334 0.000915
335 0.000938
336 0.001003
337 0.001031
338 0.000998
339 0.000953
340 0.000917
341 0.000926
342 0.000869
343 0.000814
344 0.000757
345 0.000746
346 0.000719
347 0.000661
348 0.000579
349 0.000480
350 0.000328
351 0.000236
352 0.000203
353 0.000157
354 0.000089
355 0.000071
356 0.000003
357 0.000001
358 0.000011
359 0.000030
360 0.000058
361 0.000107
362 0.000147
363 0.000227
364 0.000299
365 0.000364
366 0.000357
367 0.000298
368 0.000294
369 0.000302
370 0.000311
371 0.000330
372 0.000317
373 0.000409
374 0.000503
375 0.000549
376 0.000545
377 0.000470
378 0.000373
379 0.000342
380 0.000397
381 0.000488
382 0.000562
383 0.000537
384 0.000546
385 0.000591
386 0.000666
387 0.000708
388 0.000697
389 0.000648
390 0.000617
391 0.000620
392 0.000605
393 0.000683
394 0.000708
395 0.000729
396 0.000695
397 0.000595
398 0.000518
399 0.000497
400 0.000506
401 0.000513
402 0.000506
403 0.000552
404 0.000616
405 0.000621
406 0.000637
407 0.000704
408 0.000815
409 0.000863
410 0.000865
411 0.000885
412 0.000899
413 0.000949
414 0.000928
415 0.000926
416 0.000920
417 0.000908
418 0.000876
419 0.000843
420 0.000828
421 0.000748
422 0.000668
423 0.000611
424 0.000565
425 0.000539
426 0.000529
427 0.000524
428 0.000559
429 0.000627
430 0.000665
431 0.000667
432 0.000662
433 0.000627
434 0.000605
435 0.000541
436 0.000494
437 0.000495
438 0.000514
439 0.000525
440 0.000509
441 0.000506
442 0.000561
443 0.000627
444 0.000608
445 0.000612
446 0.000644
447 0.000647
448 0.000643
449 0.000579
450 0.000556
451 0.000577
452 0.000635
453 0.000644
454 0.000642
455 0.000664
456 0.000659
457 0.000684
458 0.000704
459 0.000762
460 0.000730
461 0.000694
462 0.000610
463 0.000590
464 0.000622
465 0.000680
466 0.000723
467 0.000736
468 0.000655
469 0.000565
470 0.000536
471 0.000479
472 0.000474
473 0.000359
474 0.000364
475 0.000321
476 0.000333
477 0.000327
478 0.000297
479 0.000292
480 0.000330
481 0.000301
482 0.000272
483 0.000265
484 0.000311
485 0.000330
486 0.000367
487 0.000381
488 0.000316
489 0.000289
490 0.000253
491 0.000236
492 0.000197
493 0.000110
494 0.000018
495 -0.000076
496 -0.000104
497 -0.000097
498 -0.000099
499 -0.000162
500 -0.000210
501 -0.000238
502 -0.000255
503 -0.000299
504 -0.000309
505 -0.000349
506 -0.000303
507 -0.000329
508 -0.000326
509 -0.000361
510 -0.000292
511 -0.000266
512 -0.000257
513 -0.000254
514 -0.000190
515 -0.000173
516 -0.000097
517 -0.000039
518 0.000004
519 0.000050
520 0.000084
521 0.000092
522 0.000088
523 0.000105
524 0.000114
525 0.000113
526 0.000127
527 0.000191
528 0.000213
529 0.000232
530 0.000250
531 0.000223
532 0.000145
533 0.000149
534 0.000173
535 0.000200
536 0.000263
537 0.000284
538 0.000313
539 0.000354
540 0.000381
541 0.000367
542 0.000375
543 0.000387
544 0.000424
545 0.000419
546 0.000462
547 0.000478
548 0.000479
549 0.000461
550 0.000441
551 0.000468
552 0.000420
553 0.000420
554 0.000402
555 0.000399
556 0.000388
557 0.000361
558 0.000297
559 0.000283
560 0.000270
561 0.000299
562 0.000265
563 0.000187
564 0.000089
565 -0.000003
566 -0.000078
567 -0.000131
568 -0.000185
569 -0.000289
570 -0.000352
571 -0.000423
572 -0.000488
573 -0.000512
574 -0.000473
575 -0.000453
576 -0.000425
577 -0.000421
578 -0.000438
579 -0.000482
580 -0.000449
581 -0.000360
582 -0.000244
583 -0.000204
584 -0.000226
585 -0.000205
586 -0.000126
587 -0.000074
588 -0.000067
589 -0.000053
590 0.000004
591 0.000061
592 0.000109
593 0.000132
594 0.000090
595 0.000052
596 0.000033
597 -0.000001
598 -0.000034
599 -0.000136
600 -0.000194
601 -0.000229
602 -0.000241
603 -0.000258
604 -0.000285
605 -0.000308
606 -0.000331
607 -0.000323
608 -0.000302
609 -0.000249
610 -0.000159
611 -0.000153
612 -0.000126
613 -0.000100
614 -0.000033
615 0.000011
616 -0.000017
617 0.000022
618 0.000112
619 0.000212
620 0.000269
621 0.000272
622 0.000242
623 0.000278
624 0.000289
625 0.000293
626 0.000264
627 0.000263
628 0.000242
629 0.000272
630 0.000358
631 0.000386
632 0.000384
633 0.000320
634 0.000300
635 0.000258
636 0.000247
637 0.000203
638 0.000138
639 0.000130
640 0.000137
641 0.000163
642 0.000189
643 0.000214
644 0.000223
645 0.000246
646 0.000250
647 0.000247
648 0.000244
649 0.000265
650 0.000270
651 0.000271
652 0.000291
653 0.000359
654 0.000364
655 0.000339
656 0.000302
657 0.000297
658 0.000275
659 0.000252
660 0.000215
661 0.000179
662 0.000126
663 0.000067
664 -0.000006
665 -0.000027
666 -0.000065
667 -0.000130
668 -0.000155
669 -0.000194
670 -0.000240
671 -0.000308
672 -0.000372
673 -0.000399
674 -0.000433
675 -0.000458
676 -0.000474
677 -0.000453
678 -0.000403
679 -0.000373
680 -0.000375
681 -0.000369
682 -0.000350
683 -0.000308
684 -0.000296
685 -0.000251
686 -0.000180
687 -0.000148
688 -0.000133
689 -0.000183
690 -0.000228
691 -0.000254
692 -0.000270
693 -0.000230
694 -0.000196
695 -0.000167
696 -0.000158
697 -0.000172
698 -0.000193
699 -0.000214
700 -0.000247
701 -0.000243
702 -0.000233
703 -0.000200
704 -0.000147
705 -0.000088
706 -0.000044
707 -0.000024
708 0.000036
709 0.000085
710 0.000099
711 0.000096
712 0.000101
713 0.000127
714 0.000139
715 0.000127
716 0.000126
717 0.000136
718 0.000132
719 0.000107
720 0.000086
721 0.000061
722 0.000015
723 -0.000032
724 -0.000064
725 -0.000047
726 -0.000034
727 -0.000002
728 -0.000011
729 -0.000015
730 -0.000034
731 -0.000073
732 -0.000116
733 -0.000127
734 -0.000112
735 -0.000066
736 -0.000065
737 -0.000040
738 -0.000040
739 -0.000032
740 -0.000022
741 -0.000041
742 -0.000050
743 -0.000071
744 -0.000070
745 -0.000041
746 -0.000018
747 -0.000018
748 -0.000042
749 -0.000028
750 -0.000020
751 -0.000047
752 -0.000034
753 -0.000037
754 -0.000044
755 -0.000039
756 -0.000014
757 0.000017
758 0.000031
759 0.000047
760 0.000017
761 -0.000003
762 0.000004
763 0.000012
764 -0.000009
765 -0.000001
766 -0.000004
767 0.000007
768 0.000008
769 0.000034
770 0.000032
771 0.000012
772 0.000029
773 -0.000001
774 0.000007
775 0.000002
776 0.000025
777 0.000038
778 0.000023
779 -0.000013
780 -0.000025
781 -0.000030
782 -0.000026
783 -0.000065
784 -0.000081
785 -0.000099
786 -0.000116
787 -0.000136
788 -0.000140
789 -0.000133
790 -0.000157
791 -0.000179
792 -0.000166
793 -0.000164
794 -0.000166
795 -0.000179
796 -0.000183
797 -0.000193
798 -0.000204
799 -0.000190
800 -0.000197
801 -0.000208
802 -0.000199
803 -0.000192
804 -0.000189
805 -0.000185
806 -0.000184
807 -0.000194
808 -0.000209
809 -0.000227
