# i correlation
1 0.006138
2 0.005433
3 0.004927
4 0.004401
5 0.003947
6 0.003574
7 0.003236
8 0.002928
9 0.002730
10 0.002565
11 0.002505
12 0.002475
13 0.002490
14 0.002468
15 0.002411
16 0.002306
17 0.002189
18 0.002196
19 0.002153
20 0.002003
21 0.001849
22 0.001648
23 0.001533
24 0.001427
25 0.001308
26 0.001204
27 0.000991
28 0.000927
29 0.000926
30 0.000941
31 0.001016
32 0.001064
33 0.001192
34 0.001308
35 0.001335
36 0.001361
37 0.001415
38 0.001408
39 0.001391
40 0.001310
41 0.001276
42 0.001241
43 0.001182
44 0.001144
45 0.001061
46 0.001010
47 0.000938
48 0.000820
49 0.000792
50 0.000797
51 0.000792
52 0.000855
53 0.000908
54 0.001021
55 0.001129
56 0.001174
57 0.001218
58 0.001238
59 0.001277
60 0.001232
61 0.001093
62 0.001022
63 0.000962
64 0.000962
65 0.000942
66 0.000908
67 0.000939
68 0.000933
69 0.000962
70 0.001062
71 0.001219
72 0.001295
73 0.001380
74 0.001477
75 0.001537
76 0.001543
77 0.001615
78 0.001631
79 0.001565
80 0.001473
81 0.001313
82 0.001211
83 0.001232
84 0.001238
85 0.001298
86 0.001300
87 0.001246
88 0.001270
89 0.001273
90 0.001311
91 0.001338
92 0.001305
93 0.001299
94 0.001290
95 0.001267
96 0.001389
97 0.001506
98 0.001511
99 0.001468
100 0.001420
101 0.001399
102 0.001320
103 0.001351
104 0.001368
105 0.001329
106 0.001337
107 0.001271
108 0.001219
109 0.001261
110 0.001275
111 0.001288
112 0.001321
113 0.001303
114 0.001339
115 0.001375
116 0.001354
117 0.001255
118 0.001278
119 0.001323
120 0.001352
121 0.001359
122 0.001378
123 0.001382
124 0.001357
125 0.001400
126 0.001360
127 0.001335
128 0.001302
129 0.001238
130 0.001143
131 0.001084
132 0.001131
133 0.001102
134 0.001123
135 0.001166
136 0.001258
137 0.001319
138 0.001350
139 0.001407
140 0.001484
141 0.001541
142 0.001475
143 0.001378
144 0.001356
145 0.001321
146 0.001288
147 0.001254
148 0.001224
149 0.001189
150 0.001119
151 0.001106
152 0.001086
153 0.001103
154 0.001048
155 0.001044
156 0.001060
157 0.001086
158 0.001089
159 0.001070
160 0.001089
161 0.001023
162 0.001016
163 0.000990
164 0.000939
165 0.000977
166 0.000965
167 0.000963
168 0.000955
169 0.000924
170 0.000888
171 0.000885
172 0.000860
173 0.000853
174 0.000936
175 0.001038
176 0.001109
177 0.001107
178 0.001127
179 0.001192
180 0.001241
181 0.001358
182 0.001438
183 0.001469
184 0.001387
185 0.001358
186 0.001344
187 0.001249
188 0.001110
189 0.001033
190 0.000989
191 0.001028
192 0.001033
193 0.001051
194 0.001124
195 0.001113
196 0.001112
197 0.001099
198 0.001028
199 0.001036
200 0.001051
201 0.001031
202 0.000993
203 0.000950
204 0.000851
205 0.000785
206 0.000730
207 0.000637
208 0.000559
209 0.000565
210 0.000559
211 0.000586
212 0.000661
213 0.000690
214 0.000699
215 0.000770
216 0.000791
217 0.000843
218 0.000806
219 0.000819
220 0.000798
221 0.000715
222 0.000662
223 0.000638
224 0.000732
225 0.000841
226 0.000922
227 0.000971
228 0.000992
229 0.000986
230 0.001045
231 0.001091
232 0.001035
233 0.001006
234 0.000961
235 0.000839
236 0.000680
237 0.000554
238 0.000509
239 0.000467
240 0.000443
241 0.000363
242 0.000304
243 0.000277
244 0.000241
245 0.000241
246 0.000264
247 0.000235
248 0.000212
249 0.000104
250 0.000063
251 -0.000004
252 -0.000046
253 -0.000044
254 -0.000093
255 -0.000216
256 -0.000228
257 -0.000222
258 -0.000243
259 -0.000185
260 -0.000083
261 0.000037
262 0.000066
263 0.000036
264 0.000097
265 0.000155
266 0.000202
267 0.000272
268 0.000338
269 0.000428
270 0.000440
271 0.000549
272 0.000689
273 0.000789
274 0.000767
275 0.000671
276 0.000596
277 0.000533
278 0.000526
279 0.000566
280 0.000620
281 0.000695
282 0.000810
283 0.000893
284 0.000900
285 0.000975
286 0.000975
287 0.000957
288 0.000922
289 0.000819
290 0.000738
291 0.000607
292 0.000467
293 0.000312
294 0.000249
295 0.000194
296 0.000118
297 0.000137
298 0.000177
299 0.000207
300 0.000271
301 0.000350
302 0.000512
303 0.000699
304 0.000847
305 0.000944
306 0.001075
307 0.001144
308 0.001084
309 0.000960
310 0.000823
311 0.000675
312 0.000481
313 0.000280
314 0.000094
315 0.000051
316 0.000092
317 0.000234
318 0.000387
319 0.000484
320 0.000576
321 0.000680
322 0.000721
323 0.000756
324 0.000790
325 0.000778
326 0.000769
327 0.000756
328 0.000722
329 0.000615
330 0.000589
331 0.000620
332 0.000594
333 0.000524
334 0.000436
335 0.000413
336 0.000437
337 0.000477
338 0.000491
339 0.000544
340 0.000625
341 0.000684
342 0.000765
343 0.000831
344 0.000893
345 0.000944
346 0.000945
347 0.000871
348 0.000767
349 0.000756
350 0.000691
351 0.000603
352 0.000521
353 0.000466
354 0.000371
355 0.000224
356 0.000183
357 0.000188
358 0.000217
359 0.000200
360 0.000141
361 0.000122
362 0.000092
363 0.000031
364 -0.000080
365 -0.000097
366 -0.000097
367 -0.000137
368 -0.000152
369 -0.000239
370 -0.000323
371 -0.000370
372 -0.000342
373 -0.000357
374 -0.000355
375 -0.000341
376 -0.000305
377 -0.000279
378 -0.000291
379 -0.000209
380 -0.000128
381 -0.000104
382 -0.000034
383 0.000018
384 0.000028
385 0.000020
386 0.000013
387 -0.000047
388 -0.000139
389 -0.000266
390 -0.000356
391 -0.000388
392 -0.000384
393 -0.000412
394 -0.000391
395 -0.000345
396 -0.000315
397 -0.000237
398 -0.000160
399 -0.000162
400 -0.000181
401 -0.000166
402 -0.000174
403 -0.000121
404 -0.000098
405 -0.000053
406 -0.000024
407 0.000031
408 0.000122
409 0.000203
410 0.000235
411 0.000185
412 0.000119
413 0.000090
414 0.000054
415 0.000011
416 0.000034
417 0.000046
418 0.000061
419 0.000057
420 0.000096
421 0.000146
422 0.000196
423 0.000193
424 0.000118
425 0.000062
426 0.000039
427 0.000088
428 0.000107
429 0.000130
430 0.000140
431 0.000139
432 0.000139
433 0.000120
434 0.000090
435 0.000018
436 -0.000013
437 -0.000069
438 -0.000115
439 -0.000089
440 -0.000064
441 -0.000038
442 -0.000005
443 0.000077
444 0.000132
445 0.000162
446 0.000229
447 0.000320
448 0.000329
449 0.000273
450 0.000238
451 0.000218
452 0.000141
453 0.000095
454 0.000102
455 0.000114
456 0.000111
457 0.000141
458 0.000175
459 0.000246
460 0.000271
461 0.000239
462 0.000265
463 0.000339
464 0.000475
465 0.000609
466 0.000695
467 0.000757
468 0.000776
469 0.000781
470 0.000793
471 0.000711
472 0.000678
473 0.000680
474 0.000583
475 0.000448
476 0.000370
477 0.000306
478 0.000233
479 0.000151
480 0.000058
481 0.000029
482 0.000025
483 0.000050
484 0.000107
485 0.000133
486 0.000147
487 0.000103
488 0.000084
489 0.000049
490 0.000014
491 -0.000021
492 -0.000054
493 -0.000086
494 -0.000138
495 -0.000190
496 -0.000267
497 -0.000297
498 -0.000288
499 -0.000254
500 -0.000215
501 -0.000218
502 -0.000187
503 -0.000143
504 -0.000079
505 -0.000053
506 0.000003
507 0.000043
508 -0.000014
509 -0.000042
510 -0.000117
511 -0.000192
512 -0.000223
513 -0.000216
514 -0.000252
515 -0.000325
516 -0.000376
517 -0.000402
518 -0.000395
519 -0.000317
520 -0.000308
521 -0.000313
522 -0.000321
523 -0.000334
524 -0.000357
525 -0.000349
526 -0.000380
527 -0.000424
528 -0.000447
529 -0.000527
530 -0.000588
531 -0.000621
532 -0.000620
533 -0.000644
534 -0.000634
535 -0.000606
536 -0.000548
537 -0.000446
538 -0.000394
539 -0.000351
540 -0.000349
541 -0.000340
542 -0.000307
543 -0.000283
544 -0.000271
545 -0.000281
546 -0.000333
547 -0.000377
548 -0.000372
549 -0.000405
550 -0.000373
551 -0.000342
552 -0.000332
553 -0.000359
554 -0.000428
555 -0.000443
556 -0.000411
557 -0.000405
558 -0.000412
559 -0.000411
560 -0.000429
561 -0.000403
562 -0.000392
563 -0.000374
564 -0.000382
565 -0.000416
566 -0.000416
567 -0.000410
568 -0.000370
569 -0.000329
570 -0.000291
571 -0.000229
572 -0.000260
573 -0.000268
574 -0.000214
575 -0.000173
576 -0.000143
577 -0.000098
578 -0.000073
579 -0.000023
580 0.000010
581 -0.000049
582 -0.000077
583 -0.000064
584 -0.000038
585 -0.000036
586 -0.000082
587 -0.000108
588 -0.000092
589 -0.000067
590 -0.000027
591 0.000012
592 0.000054
593 0.000042
594 0.000015
595 -0.000029
596 -0.000079
597 -0.000095
598 -0.000103
599 -0.000077
600 -0.000100
601 -0.000142
602 -0.000162
603 -0.000124
604 -0.000076
605 -0.000012
606 0.000039
607 0.000063
608 0.000106
609 0.000150
610 0.000207
611 0.000216
612 0.000190
613 0.000188
614 0.000178
615 0.000151
616 0.000126
617 0.000049
618 -0.000006
619 -0.000062
620 -0.000125
621 -0.000148
622 -0.000104
623 -0.000077
624 -0.000046
625 0.000006
626 -0.000011
627 -0.000036
628 -0.000067
629 -0.000076
630 -0.000105
631 -0.000168
632 -0.000239
633 -0.000293
634 -0.000321
635 -0.000304
636 -0.000316
637 -0.000382
638 -0.000433
639 -0.000498
640 -0.000528
641 -0.000529
642 -0.000545
643 -0.000586
644 -0.000555
645 -0.000552
646 -0.000545
647 -0.000527
648 -0.000454
649 -0.000380
650 -0.000353
651 -0.000317
652 -0.000300
653 -0.000271
654 -0.000268
655 -0.000261
656 -0.000275
657 -0.000249
658 -0.000232
659 -0.000203
660 -0.000181
661 -0.000196
662 -0.000192
663 -0.000178
664 -0.000118
665 -0.000076
666 -0.000030
667 0.000035
668 0.000080
669 0.000081
670 0.000078
671 0.000063
672 0.000029
673 0.000023
674 0.000014
675 0.000016
676 0.000037
677 0.000044
678 0.000049
679 0.000065
680 0.000089
681 0.000101
682 0.000101
683 0.000135
684 0.000157
685 0.000166
686 0.000171
687 0.000180
688 0.000190
689 0.000221
690 0.000236
691 0.000228
692 0.000210
693 0.000202
694 0.000196
695 0.000166
696 0.000136
697 0.000068
698 -0.000008
699 -0.000052
700 -0.000073
701 -0.000080
702 -0.000084
703 -0.000084
704 -0.000072
705 -0.000107
706 -0.000170
707 -0.000212
708 -0.000260
709 -0.000324
710 -0.000367
711 -0.000422
712 -0.000431
713 -0.000462
714 -0.000493
715 -0.000464
716 -0.000451
717 -0.000467
718 -0.000442
719 -0.000389
720 -0.000350
721 -0.000350
722 -0.000397
723 -0.000440
724 -0.000470
725 -0.000483
726 -0.000470
727 -0.000468
728 -0.000468
729 -0.000453
730 -0.000453
731 -0.000437
732 -0.000427
733 -0.000396
734 -0.000380
735 -0.000383
736 -0.000409
737 -0.000443
738 -0.000422
739 -0.000385
740 -0.000355
741 -0.000351
742 -0.000368
743 -0.000370
744 -0.000327
745 -0.000304
746 -0.000280
747 -0.000226
748 -0.000205
749 -0.000177
750 -0.000119
751 -0.000049
752 0.000022
753 0.000090
754 0.000156
755 0.000224
756 0.000263
757 0.000268
758 0.000292
759 0.000293
760 0.000271
761 0.000244
762 0.000234
763 0.000221
764 0.000225
765 0.000242
766 0.000255
767 0.000266
768 0.000262
769 0.000257
770 0.000279
771 0.000337
772 0.000373
773 0.000430
774 0.000471
775 0.000499
776 0.000533
777 0.000543
778 0.000518
779 0.000493
780 0.000468
781 0.000415
782 0.000343
783 0.000277
784 0.000225
785 0.000195
786 0.000193
787 0.000191
788 0.000185
789 0.000199
790 0.000258
791 0.000282
792 0.000284
793 0.000298
794 0.000310
795 0.000321
796 0.000308
797 0.000260
798 0.000200
799 0.000172
800 0.000142
801 0.000101
802 0.000080
803 0.000046
804 0.000045
805 0.000052
806 0.000025
807 -0.000010
808 -0.000023
809 -0.000006
