# i correlation
1 0.005790
2 0.005103
3 0.004522
4 0.004067
5 0.003701
6 0.003328
7 0.003104
8 0.002828
9 0.002547
10 0.002358
11 0.002211
12 0.002134
13 0.002036
14 0.002039
15 0.001973
16 0.001904
17 0.001867
18 0.001797
19 0.001760
20 0.001794
21 0.001761
22 0.001763
23 0.001717
24 0.001660
25 0.001637
26 0.001624
27 0.001700
28 0.001797
29 0.001834
30 0.001943
31 0.001986
32 0.001964
33 0.001967
34 0.001884
35 0.001901
36 0.001911
37 0.001849
38 0.001783
39 0.001709
40 0.001604
41 0.001417
42 0.001236
43 0.001119
44 0.001116
45 0.001170
46 0.001127
47 0.001085
48 0.000978
49 0.000837
50 0.000716
51 0.000580
52 0.000554
53 0.000537
54 0.000506
55 0.000481
56 0.000394
57 0.000326
58 0.000345
59 0.000362
60 0.000371
61 0.000346
62 0.000259
63 0.000164
64 0.000124
65 0.000172
66 0.000348
67 0.000416
68 0.000444
69 0.000470
70 0.000473
71 0.000446
72 0.000482
73 0.000543
74 0.000584
75 0.000588
76 0.000522
77 0.000426
78 0.000337
79 0.000258
80 0.000293
81 0.000251
82 0.000211
83 0.000164
84 0.000105
85 -0.000001
86 -0.000065
87 -0.000086
88 -0.000108
89 -0.000097
90 -0.000083
91 -0.000080
92 -0.000065
93 -0.000080
94 -0.000026
95 -0.000017
96 -0.000059
97 -0.000067
98 -0.000072
99 -0.000004
100 0.000007
101 0.000008
102 -0.000004
103 -0.000039
104 -0.000020
105 0.000013
106 0.000071
107 0.000044
108 -0.000018
109 -0.000059
110 -0.000080
111 -0.000135
112 -0.000152
113 -0.000235
114 -0.000292
115 -0.000341
116 -0.000390
117 -0.000455
118 -0.000475
119 -0.000459
120 -0.000418
121 -0.000329
122 -0.000218
123 -0.000150
124 -0.000111
125 -0.000190
126 -0.000186
127 -0.000215
128 -0.000209
129 -0.000192
130 -0.000196
131 -0.000193
132 -0.000179
133 -0.000088
134 -0.000047
135 0.000005
136 0.000012
137 -0.000033
138 -0.000091
139 -0.000182
140 -0.000191
141 -0.000257
142 -0.000326
143 -0.000358
144 -0.000375
145 -0.000437
146 -0.000448
147 -0.000415
148 -0.000401
149 -0.000399
150 -0.000422
151 -0.000440
152 -0.000548
153 -0.000561
154 -0.000573
155 -0.000541
156 -0.000573
157 -0.000594
158 -0.000595
159 -0.000614
160 -0.000604
161 -0.000540
162 -0.000455
163 -0.000398
164 -0.000397
165 -0.000412
166 -0.000460
167 -0.000479
168 -0.000426
169 -0.000410
170 -0.000396
171 -0.000383
172 -0.000386
173 -0.000431
174 -0.000429
175 -0.000431
176 -0.000422
177 -0.000429
178 -0.000425
179 -0.000392
180 -0.000369
181 -0.000297
182 -0.000200
183 -0.000127
184 -0.000108
185 -0.000125
186 -0.000112
187 -0.000129
188 -0.000133
189 -0.000161
190 -0.000143
191 -0.000089
192 -0.000075
193 -0.000017
194 0.000033
195 0.000049
196 -0.000013
197 -0.000145
198 -0.000113
199 -0.000096
200 -0.000049
201 0.000035
202 0.000143
203 0.000221
204 0.000224
205 0.000174
206 0.000099
207 0.000028
208 -0.000075
209 -0.000109
210 -0.000145
211 -0.000191
212 -0.000214
213 -0.000128
214 -0.000062
215 0.000027
216 0.000134
217 0.000230
218 0.000320
219 0.000316
220 0.000317
221 0.000388
222 0.000465
223 0.000533
224 0.000562
225 0.000496
226 0.000391
227 0.000321
228 0.000281
229 0.000260
230 0.000250
231 0.000273
232 0.000252
233 0.000214
234 0.000189
235 0.000220
236 0.000274
237 0.000268
238 0.000302
239 0.000346
240 0.000437
241 0.000480
242 0.000499
243 0.000553
244 0.000561
245 0.000571
246 0.000560
247 0.000579
248 0.000648
249 0.000697
250 0.000762
251 0.000779
252 0.000848
253 0.000862
254 0.000815
255 0.000777
256 0.000728
257 0.000709
258 0.000636
259 0.000598
260 0.000612
261 0.000638
262 0.000712
263 0.000747
264 0.000720
265 0.000665
266 0.000638
267 0.000599
268 0.000638
269 0.000714
270 0.000831
271 0.000934
272 0.000981
273 0.000982
274 0.000937
275 0.000875
276 0.000880
277 0.000859
278 0.000801
279 0.000744
280 0.000721
281 0.000692
282 0.000723
283 0.000731
284 0.000819
285 0.000842
286 0.000873
287 0.000927
288 0.000928
289 0.000898
290 0.000883
291 0.000847
292 0.000755
293 0.000681
294 0.000602
295 0.000509
296 0.000478
297 0.000527
298 0.000570
299 0.000544
300 0.000527
301 0.000609
302 0.000694
303 0.000665
304 0.000657
305 0.000641
306 0.000617
307 0.000563
308 0.000583
309 0.000571
310 0.000577
311 0.000519
312 0.000510
313 0.000498
314 0.000517
315 0.000633
316 0.000774
317 0.000978
318 0.001111
319 0.001211
320 0.001228
321 0.001179
322 0.001216
323 0.001219
324 0.001254
325 0.001222
326 0.001114
327 0.001009
328 0.000892
329 0.000785
330 0.000666
331 0.000536
332 0.000377
333 0.000250
334 0.000168
335 0.000119
336 0.000110
337 0.000152
338 0.000198
339 0.000188
340 0.000176
341 0.000136
342 0.000149
343 0.000141
344 0.000170
345 0.000261
346 0.000359
347 0.000449
348 0.000537
349 0.000595
350 0.000679
351 0.000713
352 0.000782
353 0.000867
354 0.000938
355 0.001017
356 0.001101
357 0.001193
358 0.001240
359 0.001228
360 0.001193
361 0.001122
362 0.001124
363 0.001089
364 0.001055
365 0.000976
366 0.000847
367 0.000783
368 0.000757
369 0.000686
370 0.000641
371 0.000643
372 0.000683
373 0.000676
374 0.000632
375 0.000610
376 0.000582
377 0.000569
378 0.000560
379 0.000521
380 0.000453
381 0.000405
382 0.000388
383 0.000430
384 0.000498
385 0.000579
386 0.000638
387 0.000611
388 0.000568
389 0.000552
390 0.000541
391 0.000539
392 0.000617
393 0.000670
394 0.000697
395 0.000720
396 0.000752
397 0.000784
398 0.000753
399 0.000750
400 0.000785
401 0.000771
402 0.000741
403 0.000697
404 0.000688
405 0.000658
406 0.000671
407 0.000696
408 0.000724
409 0.000720
410 0.000653
411 0.000605
412 0.000557
413 0.000481
414 0.000449
415 0.000382
416 0.000370
417 0.000396
418 0.000403
419 0.000357
420 0.000317
421 0.000264
422 0.000270
423 0.000298
424 0.000326
425 0.000382
426 0.000361
427 0.000373
428 0.000366
429 0.000331
430 0.000330
431 0.000369
432 0.000354
433 0.000315
434 0.000330
435 0.000288
436 0.000295
437 0.000330
438 0.000398
439 0.000451
440 0.000488
441 0.000509
442 0.000536
443 0.000524
444 0.000494
445 0.000516
446 0.000557
447 0.000592
448 0.000609
449 0.000540
450 0.000427
451 0.000348
452 0.000360
453 0.000384
454 0.000438
455 0.000469
456 0.000448
457 0.000475
458 0.000515
459 0.000537
460 0.000461
461 0.000404
462 0.000402
463 0.000408
464 0.000453
465 0.000459
466 0.000490
467 0.000503
468 0.000467
469 0.000414
470 0.000378
471 0.000363
472 0.000382
473 0.000385
474 0.000363
475 0.000341
476 0.000315
477 0.000287
478 0.000321
479 0.000333
480 0.000343
481 0.000320
482 0.000327
483 0.000344
484 0.000393
485 0.000400
486 0.000452
487 0.000483
488 0.000475
489 0.000440
490 0.000419
491 0.000417
492 0.000400
493 0.000352
494 0.000303
495 0.000240
496 0.000204
497 0.000179
498 0.000128
499 0.000086
500 0.000084
501 0.000085
502 0.000059
503 0.000070
504 0.000040
505 -0.000031
506 -0.000052
507 -0.000122
508 -0.000145
509 -0.000214
510 -0.000225
511 -0.000203
512 -0.000238
513 -0.000271
514 -0.000358
515 -0.000407
516 -0.000480
517 -0.000516
518 -0.000486
519 -0.000487
520 -0.000427
521 -0.000410
522 -0.000386
523 -0.000341
524 -0.000327
525 -0.000355
526 -0.000392
527 -0.000399
528 -0.000382
529 -0.000363
530 -0.000353
531 -0.000377
532 -0.000339
533 -0.000291
534 -0.000304
535 -0.000358
536 -0.000472
537 -0.000504
538 -0.000559
539 -0.000588
540 -0.000545
541 -0.000507
542 -0.000467
543 -0.000450
544 -0.000427
545 -0.000429
546 -0.000392
547 -0.000368
548 -0.000340
549 -0.000311
550 -0.000308
551 -0.000262
552 -0.000259
553 -0.000259
554 -0.000296
555 -0.000315
556 -0.000353
557 -0.000382
558 -0.000338
559 -0.000341
560 -0.000279
561 -0.000269
562 -0.000264
563 -0.000258
564 -0.000236
565 -0.000197
566 -0.000183
567 -0.000187
568 -0.000222
569 -0.000271
570 -0.000288
571 -0.000294
572 -0.000306
573 -0.000302
574 -0.000266
575 -0.000280
576 -0.000263
577 -0.000186
578 -0.000083
579 -0.000041
580 -0.000068
581 -0.000064
582 -0.000069
583 -0.000139
584 -0.000220
585 -0.000272
586 -0.000282
587 -0.000304
588 -0.000233
589 -0.000183
590 -0.000104
591 -0.000076
592 -0.000107
593 -0.000088
594 -0.000074
595 -0.000047
596 -0.000035
597 -0.000037
598 -0.000007
599 0.000020
600 0.000041
601 0.000095
602 0.000139
603 0.000161
604 0.000150
605 0.000102
606 0.000077
607 0.000044
608 0.000042
609 0.000042
610 0.000088
611 0.000068
612 0.000045
613 0.000017
614 -0.000019
615 -0.000079
616 -0.000127
617 -0.000122
618 -0.000121
619 -0.000138
620 -0.000119
621 -0.000065
622 -0.000001
623 0.000034
624 0.000094
625 0.000146
626 0.000214
627 0.000236
628 0.000227
629 0.000205
630 0.000165
631 0.000105
632 0.000085
633 0.000059
634 0.000082
635 0.000092
636 0.000115
637 0.000145
638 0.000134
639 0.000129
640 0.000118
641 0.000175
642 0.000178
643 0.000139
644 0.000104
645 0.000075
646 0.000060
647 0.000069
648 0.000055
649 0.000069
650 0.000035
651 -0.000023
652 -0.000090
653 -0.000159
654 -0.000190
655 -0.000168
656 -0.000156
657 -0.000148
658 -0.000153
659 -0.000125
660 -0.000148
661 -0.000150
662 -0.000138
663 -0.000133
664 -0.000094
665 -0.000056
666 -0.000023
667 0.000017
668 0.000048
669 0.000084
670 0.000121
671 0.000173
672 0.000214
673 0.000238
674 0.000275
675 0.000297
676 0.000283
677 0.000312
678 0.000317
679 0.000320
680 0.000324
681 0.000298
682 0.000343
683 0.000355
684 0.000341
685 0.000307
686 0.000294
687 0.000295
688 0.000282
689 0.000250
690 0.000246
691 0.000218
692 0.000166
693 0.000140
694 0.000169
695 0.000229
696 0.000225
697 0.000214
698 0.000193
699 0.000200
700 0.000247
701 0.000262
702 0.000323
703 0.000335
704 0.000372
705 0.000375
706 0.000336
707 0.000317
708 0.000294
709 0.000308
710 0.000339
711 0.000350
712 0.000371
713 0.000352
714 0.000357
715 0.000349
716 0.000342
717 0.000301
718 0.000269
719 0.000270
720 0.000244
721 0.000229
722 0.000217
723 0.000215
724 0.000232
725 0.000270
726 0.000328
727 0.000399
728 0.000393
729 0.000394
730 0.000403
731 0.000398
732 0.000366
733 0.000339
734 0.000309
735 0.000351
736 0.000356
737 0.000333
738 0.000311
739 0.000279
740 0.000272
741 0.000290
742 0.000281
743 0.000252
744 0.000240
745 0.000244
746 0.000269
747 0.000296
748 0.000332
749 0.000389
750 0.000444
751 0.000447
752 0.000428
753 0.000422
754 0.000435
755 0.000444
756 0.000448
757 0.000437
758 0.000405
759 0.000380
760 0.000397
761 0.000422
762 0.000456
763 0.000466
764 0.000455
765 0.000455
766 0.000412
767 0.000367
768 0.000352
769 0.000345
770 0.000332
771 0.000355
772 0.000390
773 0.000403
774 0.000410
775 0.000387
776 0.000383
777 0.000412
778 0.000371
779 0.000347
780 0.000341
781 0.000319
782 0.000322
783 0.000302
784 0.000321
785 0.000367
786 0.000383
787 0.000382
788 0.000346
789 0.000327
790 0.000285
791 0.000226
792 0.000197
793 0.000168
794 0.000173
795 0.000168
796 0.000177
797 0.000172
798 0.000124
799 0.000113
800 0.000126
801 0.000141
802 0.000148
803 0.000126
804 0.000152
805 0.000167
806 0.000161
807 0.000158
808 0.000153
809 0.000158
