# i correlation
1 0.004542
2 0.003902
3 0.003361
4 0.002802
5 0.002411
6 0.002078
7 0.001914
8 0.001753
9 0.001585
10 0.001441
11 0.001369
12 0.001293
13 0.001310
14 0.001277
15 0.001240
16 0.001329
17 0.001394
18 0.001455
19 0.001496
20 0.001501
21 0.001405
22 0.001214
23 0.001078
24 0.000965
25 0.000909
26 0.000831
27 0.000817
28 0.000805
29 0.000840
30 0.000907
31 0.000906
32 0.000922
33 0.000821
34 0.000846
35 0.000844
36 0.000768
37 0.000809
38 0.000812
39 0.000850
40 0.000881
41 0.000874
42 0.000825
43 0.000806
44 0.000732
45 0.000728
46 0.000702
47 0.000649
48 0.000674
49 0.000695
50 0.000717
51 0.000751
52 0.000696
53 0.000690
54 0.000801
55 0.000836
56 0.000824
57 0.000780
58 0.000760
59 0.000777
60 0.000826
61 0.000842
62 0.000775
63 0.000715
64 0.000639
65 0.000464
66 0.000284
67 0.000141
68 -0.000034
69 -0.000087
70 -0.000101
71 -0.000081
72 -0.000009
73 0.000011
74 0.000061
75 0.000071
76 0.000017
77 -0.000012
78 0.000081
79 0.000240
80 0.000334
81 0.000391
82 0.000369
83 0.000302
84 0.000205
85 0.000139
86 0.000150
87 0.000135
88 0.000185
89 0.000190
90 0.000198
91 0.000191
92 0.000166
93 0.000132
94 0.000120
95 0.000248
96 0.000357
97 0.000450
98 0.000525
99 0.000576
100 0.000614
101 0.000649
102 0.000658
103 0.000599
104 0.000565
105 0.000515
106 0.000414
107 0.000316
108 0.000260
109 0.000315
110 0.000320
111 0.000295
112 0.000320
113 0.000408
114 0.000394
115 0.000427
116 0.000419
117 0.000388
118 0.000366
119 0.000300
120 0.000349
121 0.000364
122 0.000356
123 0.000307
124 0.000211
125 0.000144
126 0.000074
127 0.000003
128 -0.000021
129 0.000016
130 0.000026
131 0.000025
132 -0.000005
133 0.000006
134 0.000126
135 0.000201
136 0.000318
137 0.000377
138 0.000442
139 0.000556
140 0.000648
141 0.000725
142 0.000790
143 0.000780
144 0.000738
145 0.000679
146 0.000604
147 0.000623
148 0.000621
149 0.000665
150 0.000762
151 0.000818
152 0.000906
153 0.000945
154 0.000915
155 0.000887
156 0.000825
157 0.000742
158 0.000772
159 0.000793
160 0.000910
161 0.001072
162 0.001120
163 0.001102
164 0.001013
165 0.000916
166 0.000822
167 0.000701
168 0.000681
169 0.000716
170 0.000696
171 0.000741
172 0.000758
173 0.000711
174 0.000714
175 0.000691
176 0.000702
177 0.000739
178 0.000714
179 0.000765
180 0.000726
181 0.000662
182 0.000642
183 0.000604
184 0.000563
185 0.000604
186 0.000586
187 0.000613
188 0.000642
189 0.000681
190 0.000769
191 0.000836
192 0.000947
193 0.000955
194 0.000927
195 0.000943
196 0.000898
197 0.000823
198 0.000757
199 0.000706
200 0.000696
201 0.000674
202 0.000640
203 0.000642
204 0.000570
205 0.000514
206 0.000492
207 0.000381
208 0.000320
209 0.000272
210 0.000244
211 0.000231
212 0.000272
213 0.000324
214 0.000372
215 0.000439
216 0.000409
217 0.000349
218 0.000314
219 0.000304
220 0.000285
221 0.000253
222 0.000293
223 0.000261
224 0.000183
225 0.000135
226 0.000088
227 0.000027
228 -0.000045
229 -0.000113
230 -0.000154
231 -0.000187
232 -0.000196
233 -0.000188
234 -0.000150
235 -0.000104
236 -0.000100
237 -0.000138
238 -0.000103
239 -0.000081
240 -0.000039
241 0.000053
242 -0.000019
243 -0.000019
244 -0.000078
245 -0.000151
246 -0.000139
247 -0.000180
248 -0.000146
249 -0.000126
250 -0.000113
251 -0.000034
252 0.000029
253 0.000062
254 0.000056
255 0.000046
256 0.000052
257 0.000076
258 0.000080
259 0.000101
260 0.000106
261 0.000096
262 0.000017
263 -0.000034
264 -0.000024
265 0.000007
266 0.000049
267 0.000046
268 0.000043
269 0.000075
270 0.000099
271 0.000145
272 0.000089
273 0.000093
274 0.000109
275 0.000160
276 0.000217
277 0.000264
278 0.000347
279 0.000296
280 0.000229
281 0.000169
282 0.000088
283 0.000024
284 -0.000023
285 -0.000052
286 -0.000065
287 -0.000069
288 -0.000059
289 -0.000044
290 -0.000020
291 0.000003
292 0.000067
293 0.000081
294 0.000091
295 0.000122
296 0.000179
297 0.000203
298 0.000212
299 0.000211
300 0.000235
301 0.000259
302 0.000236
303 0.000223
304 0.000202
305 0.000273
306 0.000272
307 0.000268
308 0.000344
309 0.000348
310 0.000417
311 0.000418
312 0.000471
313 0.000565
314 0.000578
315 0.000640
316 0.000690
317 0.000671
318 0.000623
319 0.000513
320 0.000468
321 0.000500
322 0.000526
323 0.000517
324 0.000560
325 0.000583
326 0.000563
327 0.000552
328 0.000582
329 0.000613
330 0.000676
331 0.000705
332 0.000762
333 0.000753
334 0.000822
335 0.000878
336 0.000899
337 0.000913
338 0.000900
339 0.000860
340 0.000867
341 0.000896
342 0.000931
343 0.000938
344 0.000904
345 0.000915
346 0.000809
347 0.000730
348 0.000732
349 0.000716
350 0.000777
351 0.000806
352 0.000837
353 0.000840
354 0.000885
355 0.000929
356 0.001016
357 0.001054
358 0.001015
359 0.000968
360 0.000881
361 0.000864
362 0.000843
363 0.000769
364 0.000732
365 0.000681
366 0.000668
367 0.000632
368 0.000681
369 0.000760
370 0.000782
371 0.000824
372 0.000831
373 0.000837
374 0.000821
375 0.000848
376 0.000830
377 0.000845
378 0.000824
379 0.000825
380 0.000769
381 0.000667
382 0.000603
383 0.000451
384 0.000362
385 0.000252
386 0.000162
387 0.000157
388 0.000201
389 0.000268
390 0.000348
391 0.000446
392 0.000449
393 0.000437
394 0.000423
395 0.000428
396 0.000435
397 0.000441
398 0.000413
399 0.000357
400 0.000295
401 0.000245
402 0.000165
403 0.000131
404 0.000102
405 0.000099
406 0.000092
407 0.000110
408 0.000120
409 0.000133
410 0.000231
411 0.000280
412 0.000365
413 0.000461
414 0.000476
415 0.000449
416 0.000428
417 0.000389
418 0.000376
419 0.000320
420 0.000271
421 0.000199
422 0.000105
423 0.000052
424 0.000015
425 -0.000028
426 -0.000030
427 0.000017
428 0.000023
429 0.000003
430 0.000068
431 0.000108
432 0.000078
433 0.000066
434 0.000026
435 -0.000022
436 -0.000061
437 -0.000067
438 -0.000036
439 -0.000038
440 -0.000038
441 -0.000026
442 -0.000054
443 -0.000024
444 0.000065
445 0.000109
446 0.000159
447 0.000181
448 0.000134
449 0.000090
450 0.000034
451 0.000012
452 0.000018
453 0.000002
454 -0.000001
455 -0.000019
456 -0.000024
457 0.000019
458 0.000034
459 0.000031
460 0.000025
461 0.000061
462 0.000048
463 0.000067
464 0.000069
465 0.000109
466 0.000083
467 0.000056
468 0.000039
469 0.000006
470 0.000011
471 0.000033
472 -0.000001
473 -0.000042
474 -0.000092
475 -0.000145
476 -0.000104
477 -0.000060
478 -0.000015
479 0.000019
480 -0.000007
481 -0.000027
482 -0.000061
483 -0.000130
484 -0.000110
485 -0.000080
486 -0.000068
487 -0.000062
488 -0.000064
489 -0.000058
490 -0.000061
491 -0.000059
492 0.000061
493 0.000159
494 0.000193
495 0.000252
496 0.000229
497 0.000237
498 0.000284
499 0.000282
500 0.000322
501 0.000343
502 0.000349
503 0.000346
504 0.000329
505 0.000338
506 0.000341
507 0.000347
508 0.000361
509 0.000364
510 0.000367
511 0.000392
512 0.000373
513 0.000390
514 0.000382
515 0.000381
516 0.000411
517 0.000414
518 0.000452
519 0.000527
520 0.000576
521 0.000601
522 0.000593
523 0.000546
524 0.000469
525 0.000405
526 0.000374
527 0.000416
528 0.000449
529 0.000480
530 0.000532
531 0.000599
532 0.000659
533 0.000649
534 0.000572
535 0.000560
536 0.000550
537 0.000505
538 0.000428
539 0.000387
540 0.000416
541 0.000424
542 0.000380
543 0.000398
544 0.000426
545 0.000402
546 0.000409
547 0.000410
548 0.000445
549 0.000493
550 0.000543
551 0.000593
552 0.000617
553 0.000620
554 0.000547
555 0.000472
556 0.000459
557 0.000439
558 0.000444
559 0.000502
560 0.000522
561 0.000512
562 0.000510
563 0.000459
564 0.000462
565 0.000446
566 0.000466
567 0.000476
568 0.000456
569 0.000429
570 0.000370
571 0.000330
572 0.000276
573 0.000239
574 0.000233
575 0.000224
576 0.000230
577 0.000225
578 0.000242
579 0.000223
580 0.000209
581 0.000249
582 0.000273
583 0.000268
584 0.000209
585 0.000164
586 0.000150
587 0.000120
588 0.000065
589 0.000064
590 0.000088
591 0.000181
592 0.000199
593 0.000241
594 0.000271
595 0.000268
596 0.000267
597 0.000224
598 0.000186
599 0.000160
600 0.000115
601 0.000091
602 0.000079
603 0.000049
604 0.000003
605 -0.000020
606 -0.000016
607 0.000017
608 0.000009
609 0.000022
610 0.000089
611 0.000098
612 0.000101
613 0.000127
614 0.000116
615 0.000098
616 0.000113
617 0.000092
618 0.000114
619 0.000160
620 0.000171
621 0.000164
622 0.000162
623 0.000198
624 0.000146
625 0.000111
626 0.000085
627 0.000040
628 0.000054
629 0.000031
630 0.000041
631 0.000072
632 0.000134
633 0.000200
634 0.000229
635 0.000228
636 0.000250
637 0.000289
638 0.000315
639 0.000335
640 0.000345
641 0.000349
642 0.000384
643 0.000357
644 0.000357
645 0.000366
646 0.000394
647 0.000424
648 0.000441
649 0.000406
650 0.000418
651 0.000387
652 0.000278
653 0.000282
654 0.000275
655 0.000265
656 0.000294
657 0.000285
658 0.000298
659 0.000284
660 0.000246
661 0.000250
662 0.000261
663 0.000264
664 0.000265
665 0.000253
666 0.000266
667 0.000311
668 0.000331
669 0.000368
670 0.000426
671 0.000460
672 0.000492
673 0.000545
674 0.000584
675 0.000581
676 0.000548
677 0.000531
678 0.000504
679 0.000507
680 0.000510
681 0.000490
682 0.000496
683 0.000514
684 0.000530
685 0.000514
686 0.000499
687 0.000502
688 0.000481
689 0.000446
690 0.000460
691 0.000514
692 0.000545
693 0.000584
694 0.000580
695 0.000555
696 0.000533
697 0.000513
698 0.000520
699 0.000525
700 0.000526
701 0.000526
702 0.000537
703 0.000542
704 0.000588
705 0.000621
706 0.000607
707 0.000606
708 0.000585
709 0.000552
710 0.000528
711 0.000548
712 0.000572
713 0.000573
714 0.000582
715 0.000550
716 0.000528
717 0.000527
718 0.000557
719 0.000554
720 0.000547
721 0.000552
722 0.000552
723 0.000576
724 0.000574
725 0.000576
726 0.000546
727 0.000513
728 0.000527
729 0.000545
730 0.000540
731 0.000546
732 0.000564
733 0.000564
734 0.000575
735 0.000584
736 0.000596
737 0.000587
738 0.000563
739 0.000535
740 0.000480
741 0.000472
742 0.000474
743 0.000487
744 0.000481
745 0.000501
746 0.000518
747 0.000491
748 0.000486
749 0.000464
750 0.000423
751 0.000386
752 0.000370
753 0.000371
754 0.000382
755 0.000381
756 0.000345
757 0.000314
758 0.000279
759 0.000294
760 0.000277
761 0.000241
762 0.000239
763 0.000243
764 0.000218
765 0.000170
766 0.000148
767 0.000107
768 0.000112
769 0.000094
770 0.000074
771 0.000082
772 0.000104
773 0.000141
774 0.000141
775 0.000134
776 0.000097
777 0.000052
778 0.000027
779 0.000006
780 -0.000010
781 0.000012
782 0.000051
783 0.000046
784 0.000079
785 0.000084
786 0.000088
787 0.000085
788 0.000093
789 0.000133
790 0.000122
791 0.000131
792 0.000175
793 0.000189
794 0.000165
795 0.000161
796 0.000134
797 0.000110
798 0.000096
799 0.000079
800 0.000096
801 0.000082
802 0.000102
803 0.000126
804 0.000090
805 0.000090
806 0.000084
807 0.000091
808 0.000121
809 0.000167
