# i correlation
1 0.006028
2 0.005409
3 0.004865
4 0.004418
5 0.004059
6 0.003761
7 0.003551
8 0.003379
9 0.003241
10 0.003041
11 0.002846
12 0.002609
13 0.002445
14 0.002348
15 0.002293
16 0.002226
17 0.002163
18 0.002159
19 0.002140
20 0.002078
21 0.001993
22 0.001919
23 0.001857
24 0.001887
25 0.001884
26 0.001923
27 0.001909
28 0.001912
29 0.002020
30 0.002127
31 0.002160
32 0.002158
33 0.002103
34 0.002089
35 0.002056
36 0.002046
37 0.002024
38 0.002037
39 0.001999
40 0.001934
41 0.001872
42 0.001800
43 0.001735
44 0.001763
45 0.001796
46 0.001832
47 0.001866
48 0.001868
49 0.001957
50 0.002001
51 0.002043
52 0.002047
53 0.002016
54 0.001996
55 0.002002
56 0.002026
57 0.001986
58 0.001957
59 0.001965
60 0.001954
61 0.001886
62 0.001792
63 0.001628
64 0.001580
65 0.001575
66 0.001605
67 0.001672
68 0.001723
69 0.001755
70 0.001793
71 0.001708
72 0.001629
73 0.001597
74 0.001574
75 0.001701
76 0.001755
77 0.001801
78 0.001746
79 0.001751
80 0.001744
81 0.001740
82 0.001711
83 0.001700
84 0.001742
85 0.001803
86 0.001809
87 0.001763
88 0.001692
89 0.001660
90 0.001524
91 0.001518
92 0.001517
93 0.001522
94 0.001493
95 0.001458
96 0.001462
97 0.001435
98 0.001424
99 0.001413
100 0.001416
101 0.001367
102 0.001373
103 0.001380
104 0.001318
105 0.001309
106 0.001365
107 0.001469
108 0.001546
109 0.001607
110 0.001672
111 0.001739
112 0.001803
113 0.001844
114 0.001853
115 0.001914
116 0.001977
117 0.002011
118 0.002052
119 0.002115
120 0.002153
121 0.002148
122 0.002139
123 0.002083
124 0.001942
125 0.001777
126 0.001669
127 0.001572
128 0.001510
129 0.001477
130 0.001370
131 0.001321
132 0.001224
133 0.001099
134 0.001046
135 0.001077
136 0.001159
137 0.001317
138 0.001455
139 0.001513
140 0.001563
141 0.001612
142 0.001694
143 0.001715
144 0.001769
145 0.001896
146 0.001984
147 0.002047
148 0.002012
149 0.001999
150 0.002017
151 0.001977
152 0.001932
153 0.001919
154 0.001848
155 0.001775
156 0.001645
157 0.001566
158 0.001456
159 0.001380
160 0.001295
161 0.001234
162 0.001169
163 0.001088
164 0.001091
165 0.001016
166 0.000986
167 0.000969
168 0.001019
169 0.001124
170 0.001154
171 0.001183
172 0.001235
173 0.001348
174 0.001450
175 0.001538
176 0.001613
177 0.001638
178 0.001684
179 0.001635
180 0.001572
181 0.001430
182 0.001340
183 0.001329
184 0.001347
185 0.001259
186 0.001198
187 0.001149
188 0.001139
189 0.001162
190 0.001165
191 0.001230
192 0.001251
193 0.001277
194 0.001275
195 0.001278
196 0.001303
197 0.001323
198 0.001392
199 0.001488
200 0.001546
201 0.001536
202 0.001549
203 0.001585
204 0.001606
205 0.001619
206 0.001563
207 0.001443
208 0.001337
209 0.001234
210 0.001206
211 0.001132
212 0.001071
213 0.001033
214 0.001005
215 0.001020
216 0.001026
217 0.001017
218 0.000954
219 0.000867
220 0.000819
221 0.000781
222 0.000792
223 0.000802
224 0.000810
225 0.000825
226 0.000837
227 0.000828
228 0.000845
229 0.000903
230 0.000953
231 0.001061
232 0.001154
233 0.001238
234 0.001405
235 0.001467
236 0.001475
237 0.001435
238 0.001398
239 0.001367
240 0.001344
241 0.001329
242 0.001315
243 0.001300
244 0.001351
245 0.001331
246 0.001223
247 0.001139
248 0.001131
249 0.001155
250 0.001186
251 0.001221
252 0.001219
253 0.001314
254 0.001329
255 0.001372
256 0.001374
257 0.001419
258 0.001526
259 0.001630
260 0.001764
261 0.001933
262 0.001980
263 0.002009
264 0.002009
265 0.002003
266 0.002001
267 0.001985
268 0.001989
269 0.002041
270 0.002059
271 0.002072
272 0.002076
273 0.002098
274 0.002073
275 0.002047
276 0.002019
277 0.001949
278 0.001880
279 0.001873
280 0.001875
281 0.001827
282 0.001790
283 0.001722
284 0.001685
285 0.001647
286 0.001584
287 0.001568
288 0.001592
289 0.001611
290 0.001647
291 0.001712
292 0.001734
293 0.001755
294 0.001679
295 0.001619
296 0.001559
297 0.001581
298 0.001600
299 0.001642
300 0.001691
301 0.001683
302 0.001683
303 0.001635
304 0.001536
305 0.001421
306 0.001307
307 0.001236
308 0.001171
309 0.001133
310 0.001181
311 0.001225
312 0.001245
313 0.001296
314 0.001322
315 0.001357
316 0.001332
317 0.001336
318 0.001376
319 0.001418
320 0.001462
321 0.001450
322 0.001422
323 0.001446
324 0.001415
325 0.001412
326 0.001421
327 0.001433
328 0.001473
329 0.001542
330 0.001582
331 0.001503
332 0.001380
333 0.001295
334 0.001220
335 0.001155
336 0.001115
337 0.001146
338 0.001219
339 0.001234
340 0.001197
341 0.001145
342 0.001133
343 0.001140
344 0.001202
345 0.001221
346 0.001240
347 0.001281
348 0.001324
349 0.001371
350 0.001405
351 0.001374
352 0.001391
353 0.001389
354 0.001364
355 0.001361
356 0.001339
357 0.001349
358 0.001325
359 0.001303
360 0.001255
361 0.001181
362 0.001110
363 0.001042
364 0.000957
365 0.000807
366 0.000632
367 0.000525
368 0.000463
369 0.000438
370 0.000426
371 0.000389
372 0.000374
373 0.000432
374 0.000511
375 0.000592
376 0.000669
377 0.000702
378 0.000703
379 0.000814
380 0.000906
381 0.001010
382 0.001141
383 0.001226
384 0.001278
385 0.001271
386 0.001261
387 0.001234
388 0.001214
389 0.001199
390 0.001231
391 0.001285
392 0.001284
393 0.001265
394 0.001272
395 0.001305
396 0.001279
397 0.001236
398 0.001193
399 0.001201
400 0.001228
401 0.001273
402 0.001292
403 0.001339
404 0.001375
405 0.001367
406 0.001372
407 0.001359
408 0.001391
409 0.001346
410 0.001369
411 0.001366
412 0.001344
413 0.001335
414 0.001311
415 0.001316
416 0.001253
417 0.001213
418 0.001195
419 0.001225
420 0.001216
421 0.001187
422 0.001175
423 0.001131
424 0.001052
425 0.001007
426 0.001017
427 0.000974
428 0.000923
429 0.000892
430 0.000853
431 0.000856
432 0.000902
433 0.000972
434 0.001027
435 0.001081
436 0.001112
437 0.001167
438 0.001198
439 0.001256
440 0.001289
441 0.001280
442 0.001289
443 0.001276
444 0.001274
445 0.001240
446 0.001162
447 0.001114
448 0.001060
449 0.001059
450 0.001094
451 0.001129
452 0.001183
453 0.001232
454 0.001281
455 0.001285
456 0.001293
457 0.001312
458 0.001316
459 0.001319
460 0.001352
461 0.001357
462 0.001373
463 0.001372
464 0.001364
465 0.001322
466 0.001381
467 0.001429
468 0.001508
469 0.001502
470 0.001460
471 0.001445
472 0.001389
473 0.001347
474 0.001281
475 0.001291
476 0.001346
477 0.001362
478 0.001304
479 0.001231
480 0.001177
481 0.001045
482 0.000927
483 0.000830
484 0.000766
485 0.000735
486 0.000708
487 0.000674
488 0.000657
489 0.000653
490 0.000647
491 0.000661
492 0.000674
493 0.000674
494 0.000695
495 0.000696
496 0.000663
497 0.000667
498 0.000685
499 0.000715
500 0.000770
501 0.000838
502 0.000944
503 0.001022
504 0.001073
505 0.001115
506 0.001158
507 0.001153
508 0.001140
509 0.001091
510 0.001059
511 0.001045
512 0.001033
513 0.001078
514 0.001138
515 0.001166
516 0.001130
517 0.001105
518 0.001124
519 0.001097
520 0.001093
521 0.001067
522 0.001103
523 0.001108
524 0.001113
525 0.001065
526 0.001056
527 0.001028
528 0.001043
529 0.001078
530 0.001121
531 0.001128
532 0.001142
533 0.001150
534 0.001102
535 0.001083
536 0.001064
537 0.000997
538 0.000949
539 0.000926
540 0.000845
541 0.000762
542 0.000688
543 0.000626
544 0.000565
545 0.000524
546 0.000534
547 0.000533
548 0.000522
549 0.000513
550 0.000517
551 0.000507
552 0.000562
553 0.000619
554 0.000679
555 0.000750
556 0.000731
557 0.000727
558 0.000676
559 0.000687
560 0.000693
561 0.000719
562 0.000774
563 0.000799
564 0.000843
565 0.000884
566 0.000882
567 0.000826
568 0.000805
569 0.000770
570 0.000781
571 0.000786
572 0.000839
573 0.000918
574 0.000965
575 0.000991
576 0.001000
577 0.000972
578 0.000958
579 0.001011
580 0.001013
581 0.001008
582 0.000963
583 0.000943
584 0.000929
585 0.000922
586 0.000915
587 0.000900
588 0.000912
589 0.000913
590 0.000923
591 0.000933
592 0.000919
593 0.000894
594 0.000897
595 0.000924
596 0.000910
597 0.000934
598 0.000955
599 0.001001
600 0.001019
601 0.000994
602 0.000934
603 0.000900
604 0.000867
605 0.000840
606 0.000848
607 0.000845
608 0.000847
609 0.000860
610 0.000792
611 0.000773
612 0.000739
613 0.000743
614 0.000760
615 0.000776
616 0.000746
617 0.000744
618 0.000746
619 0.000671
620 0.000606
621 0.000540
622 0.000468
623 0.000415
624 0.000363
625 0.000319
626 0.000259
627 0.000210
628 0.000175
629 0.000137
630 0.000168
631 0.000181
632 0.000194
633 0.000135
634 0.000068
635 0.000009
636 -0.000053
637 -0.000082
638 -0.000084
639 -0.000085
640 -0.000076
641 -0.000067
642 -0.000053
643 -0.000039
644 -0.000005
645 0.000048
646 0.000113
647 0.000146
648 0.000182
649 0.000200
650 0.000217
651 0.000201
652 0.000218
653 0.000232
654 0.000212
655 0.000253
656 0.000258
657 0.000242
658 0.000216
659 0.000217
660 0.000222
661 0.000206
662 0.000214
663 0.000214
664 0.000250
665 0.000257
666 0.000265
667 0.000286
668 0.000325
669 0.000302
670 0.000284
671 0.000252
672 0.000241
673 0.000241
674 0.000251
675 0.000270
676 0.000318
677 0.000357
678 0.000359
679 0.000382
680 0.000379
681 0.000409
682 0.000455
683 0.000485
684 0.000552
685 0.000571
686 0.000570
687 0.000546
688 0.000510
689 0.000424
690 0.000368
691 0.000312
692 0.000290
693 0.000308
694 0.000351
695 0.000357
696 0.000355
697 0.000348
698 0.000345
699 0.000318
700 0.000298
701 0.000300
702 0.000349
703 0.000349
704 0.000341
705 0.000332
706 0.000322
707 0.000336
708 0.000330
709 0.000289
710 0.000266
711 0.000294
712 0.000313
713 0.000337
714 0.000389
715 0.000441
716 0.000495
717 0.000532
718 0.000534
719 0.000562
720 0.000554
721 0.000540
722 0.000506
723 0.000514
724 0.000516
725 0.000516
726 0.000548
727 0.000523
728 0.000499
729 0.000471
730 0.000442
731 0.000415
732 0.000435
733 0.000460
734 0.000497
735 0.000527
736 0.000532
737 0.000520
738 0.000507
739 0.000460
740 0.000408
741 0.000358
742 0.000319
743 0.000305
744 0.000303
745 0.000317
746 0.000343
747 0.000358
748 0.000347
749 0.000358
750 0.000384
751 0.000403
752 0.000436
753 0.000488
754 0.000513
755 0.000521
756 0.000522
757 0.000495
758 0.000446
759 0.000395
760 0.000338
761 0.000289
762 0.000253
763 0.000234
764 0.000257
765 0.000313
766 0.000354
767 0.000393
768 0.000432
769 0.000443
770 0.000437
771 0.000414
772 0.000381
773 0.000340
774 0.000293
775 0.000279
776 0.000241
777 0.000220
778 0.000208
779 0.000192
780 0.000165
781 0.000161
782 0.000161
783 0.000203
784 0.000241
785 0.000285
786 0.000316
787 0.000361
788 0.000348
789 0.000351
790 0.000367
791 0.000384
792 0.000400
793 0.000430
794 0.000445
795 0.000461
796 0.000483
797 0.000486
798 0.000466
799 0.000450
800 0.000416
801 0.000406
802 0.000413
803 0.000432
804 0.000467
805 0.000511
806 0.000516
807 0.000521
808 0.000495
809 0.000425
