# i correlation
1 0.003871
2 0.003233
3 0.002769
4 0.002454
5 0.002178
6 0.002005
7 0.001852
8 0.001674
9 0.001589
10 0.001476
11 0.001495
12 0.001497
13 0.001523
14 0.001441
15 0.001372
16 0.001320
17 0.001270
18 0.001219
19 0.001196
20 0.001163
21 0.001172
22 0.001175
23 0.001180
24 0.001185
25 0.001224
26 0.001215
27 0.001244
28 0.001299
29 0.001274
30 0.001215
31 0.001131
32 0.001106
33 0.001032
34 0.000999
35 0.000977
36 0.001005
37 0.001019
38 0.001006
39 0.000962
40 0.000820
41 0.000773
42 0.000678
43 0.000626
44 0.000574
45 0.000572
46 0.000605
47 0.000639
48 0.000615
49 0.000612
50 0.000646
51 0.000626
52 0.000559
53 0.000451
54 0.000368
55 0.000291
56 0.000280
57 0.000283
58 0.000241
59 0.000278
60 0.000292
61 0.000336
62 0.000304
63 0.000343
64 0.000340
65 0.000314
66 0.000257
67 0.000169
68 0.000048
69 -0.000081
70 -0.000130
71 -0.000198
72 -0.000293
73 -0.000390
74 -0.000378
75 -0.000301
76 -0.000168
77 -0.000123
78 -0.000115
79 -0.000099
80 -0.000008
81 0.000061
82 0.000093
83 0.000074
84 0.000068
85 -0.000035
86 -0.000141
87 -0.000184
88 -0.000081
89 -0.000036
90 -0.000034
91 -0.000045
92 0.000001
93 0.000044
94 0.000080
95 0.000108
96 0.000054
97 0.000032
98 0.000004
99 0.000031
100 0.000065
101 0.000128
102 0.000150
103 0.000229
104 0.000297
105 0.000333
106 0.000363
107 0.000425
108 0.000424
109 0.000405
110 0.000374
111 0.000396
112 0.000387
113 0.000363
114 0.000351
115 0.000357
116 0.000407
117 0.000388
118 0.000402
119 0.000417
120 0.000448
121 0.000438
122 0.000425
123 0.000411
124 0.000389
125 0.000440
126 0.000476
127 0.000538
128 0.000522
129 0.000583
130 0.000638
131 0.000763
132 0.000839
133 0.000842
134 0.000823
135 0.000858
136 0.000868
137 0.000799
138 0.000785
139 0.000801
140 0.000775
141 0.000759
142 0.000772
143 0.000816
144 0.000890
145 0.000944
146 0.000988
147 0.001044
148 0.001112
149 0.001062
150 0.001089
151 0.001064
152 0.001022
153 0.001004
154 0.000985
155 0.000916
156 0.000816
157 0.000752
158 0.000718
159 0.000663
160 0.000679
161 0.000706
162 0.000702
163 0.000682
164 0.000718
165 0.000793
166 0.000856
167 0.000913
168 0.000915
169 0.000911
170 0.000933
171 0.000951
172 0.000912
173 0.000889
174 0.000891
175 0.000866
176 0.000832
177 0.000864
178 0.000852
179 0.000839
180 0.000859
181 0.000867
182 0.000878
183 0.001014
184 0.001108
185 0.001136
186 0.001103
187 0.001044
188 0.000986
189 0.000954
190 0.000913
191 0.000849
192 0.000816
193 0.000735
194 0.000676
195 0.000756
196 0.000856
197 0.000882
198 0.000825
199 0.000786
200 0.000718
201 0.000736
202 0.000698
203 0.000700
204 0.000704
205 0.000678
206 0.000647
207 0.000591
208 0.000610
209 0.000621
210 0.000647
211 0.000683
212 0.000738
213 0.000751
214 0.000689
215 0.000640
216 0.000509
217 0.000451
218 0.000430
219 0.000426
220 0.000382
221 0.000288
222 0.000197
223 0.000137
224 0.000174
225 0.000134
226 0.000157
227 0.000119
228 0.000130
229 0.000123
230 0.000210
231 0.000306
232 0.000398
233 0.000453
234 0.000452
235 0.000390
236 0.000330
237 0.000306
238 0.000281
239 0.000255
240 0.000258
241 0.000241
242 0.000304
243 0.000348
244 0.000406
245 0.000449
246 0.000524
247 0.000580
248 0.000561
249 0.000540
250 0.000488
251 0.000493
252 0.000465
253 0.000441
254 0.000401
255 0.000395
256 0.000359
257 0.000289
258 0.000268
259 0.000281
260 0.000299
261 0.000299
262 0.000311
263 0.000230
264 0.000154
265 0.000230
266 0.000304
267 0.000360
268 0.000392
269 0.000396
270 0.000382
271 0.000419
272 0.000482
273 0.000491
274 0.000464
275 0.000418
276 0.000419
277 0.000447
278 0.000486
279 0.000519
280 0.000541
281 0.000530
282 0.000468
283 0.000447
284 0.000439
285 0.000408
286 0.000358
287 0.000350
288 0.000284
289 0.000297
290 0.000345
291 0.000374
292 0.000353
293 0.000357
294 0.000392
295 0.000431
296 0.000523
297 0.000516
298 0.000508
299 0.000492
300 0.000507
301 0.000443
302 0.000373
303 0.000293
304 0.000231
305 0.000221
306 0.000270
307 0.000320
308 0.000398
309 0.000422
310 0.000408
311 0.000333
312 0.000390
313 0.000423
314 0.000464
315 0.000520
316 0.000583
317 0.000619
318 0.000646
319 0.000668
320 0.000660
321 0.000654
322 0.000678
323 0.000657
324 0.000645
325 0.000645
326 0.000664
327 0.000687
328 0.000709
329 0.000682
330 0.000616
331 0.000621
332 0.000586
333 0.000555
334 0.000496
335 0.000492
336 0.000505
337 0.000552
338 0.000530
339 0.000494
340 0.000432
341 0.000327
342 0.000305
343 0.000313
344 0.000289
345 0.000319
346 0.000402
347 0.000467
348 0.000462
349 0.000496
350 0.000528
351 0.000553
352 0.000540
353 0.000537
354 0.000558
355 0.000573
356 0.000632
357 0.000641
358 0.000660
359 0.000681
360 0.000683
361 0.000678
362 0.000634
363 0.000636
364 0.000609
365 0.000609
366 0.000606
367 0.000583
368 0.000566
369 0.000530
370 0.000469
371 0.000439
372 0.000433
373 0.000464
374 0.000516
375 0.000545
376 0.000567
377 0.000584
378 0.000647
379 0.000719
380 0.000746
381 0.000777
382 0.000807
383 0.000860
384 0.000922
385 0.000939
386 0.000955
387 0.000964
388 0.000987
389 0.000924
390 0.000869
391 0.000820
392 0.000795
393 0.000769
394 0.000766
395 0.000716
396 0.000694
397 0.000743
398 0.000771
399 0.000780
400 0.000744
401 0.000687
402 0.000627
403 0.000530
404 0.000467
405 0.000452
406 0.000446
407 0.000504
408 0.000556
409 0.000610
410 0.000646
411 0.000658
412 0.000663
413 0.000704
414 0.000749
415 0.000839
416 0.000900
417 0.000898
418 0.000832
419 0.000797
420 0.000777
421 0.000772
422 0.000747
423 0.000717
424 0.000684
425 0.000647
426 0.000606
427 0.000609
428 0.000590
429 0.000595
430 0.000618
431 0.000633
432 0.000597
433 0.000505
434 0.000450
435 0.000435
436 0.000422
437 0.000407
438 0.000385
439 0.000385
440 0.000361
441 0.000311
442 0.000291
443 0.000313
444 0.000389
445 0.000481
446 0.000511
447 0.000471
448 0.000445
449 0.000402
450 0.000398
451 0.000417
452 0.000387
453 0.000316
454 0.000270
455 0.000181
456 0.000133
457 0.000144
458 0.000162
459 0.000132
460 0.000079
461 0.000059
462 0.000098
463 0.000185
464 0.000242
465 0.000257
466 0.000277
467 0.000313
468 0.000324
469 0.000313
470 0.000324
471 0.000240
472 0.000162
473 0.000084
474 0.000056
475 0.000031
476 0.000036
477 0.000018
478 0.000011
479 0.000011
480 -0.000000
481 -0.000008
482 0.000016
483 0.000010
484 -0.000082
485 -0.000105
486 -0.000104
487 -0.000114
488 -0.000186
489 -0.000232
490 -0.000221
491 -0.000148
492 -0.000072
493 -0.000018
494 -0.000042
495 -0.000024
496 -0.000018
497 -0.000004
498 -0.000020
499 -0.000025
500 -0.000036
501 -0.000075
502 -0.000084
503 -0.000091
504 -0.000044
505 -0.000015
506 0.000006
507 -0.000023
508 -0.000015
509 0.000012
510 0.000015
511 0.000013
512 -0.000032
513 -0.000014
514 -0.000022
515 -0.000023
516 -0.000058
517 -0.000073
518 -0.000085
519 -0.000081
520 -0.000055
521 -0.000037
522 -0.000068
523 -0.000066
524 -0.000041
525 -0.000036
526 0.000035
527 0.000117
528 0.000181
529 0.000207
530 0.000253
531 0.000266
532 0.000281
533 0.000289
534 0.000300
535 0.000263
536 0.000188
537 0.000119
538 0.000105
539 0.000092
540 0.000096
541 0.000101
542 0.000085
543 0.000068
544 0.000055
545 0.000037
546 0.000057
547 0.000068
548 0.000035
549 0.000005
550 -0.000029
551 -0.000019
552 0.000062
553 0.000074
554 0.000090
555 0.000123
556 0.000156
557 0.000188
558 0.000251
559 0.000336
560 0.000384
561 0.000370
562 0.000424
563 0.000493
564 0.000502
565 0.000507
566 0.000480
567 0.000477
568 0.000488
569 0.000456
570 0.000424
571 0.000456
572 0.000441
573 0.000404
574 0.000394
575 0.000422
576 0.000430
577 0.000449
578 0.000433
579 0.000440
580 0.000493
581 0.000495
582 0.000484
583 0.000453
584 0.000465
585 0.000453
586 0.000425
587 0.000413
588 0.000418
589 0.000407
590 0.000388
591 0.000368
592 0.000362
593 0.000370
594 0.000383
595 0.000412
596 0.000471
597 0.000485
598 0.000502
599 0.000525
600 0.000517
601 0.000557
602 0.000578
603 0.000581
604 0.000552
605 0.000566
606 0.000554
607 0.000515
608 0.000472
609 0.000431
610 0.000398
611 0.000360
612 0.000362
613 0.000325
614 0.000335
615 0.000321
616 0.000320
617 0.000319
618 0.000325
619 0.000312
620 0.000308
621 0.000289
622 0.000244
623 0.000187
624 0.000144
625 0.000122
626 0.000110
627 0.000109
628 0.000121
629 0.000129
630 0.000132
631 0.000144
632 0.000126
633 0.000123
634 0.000111
635 0.000100
636 0.000084
637 0.000066
638 0.000021
639 0.000011
640 0.000025
641 0.000054
642 0.000067
643 0.000080
644 0.000082
645 0.000049
646 0.000023
647 0.000025
648 0.000009
649 -0.000028
650 -0.000078
651 -0.000112
652 -0.000101
653 -0.000063
654 -0.000045
655 -0.000004
656 0.000027
657 0.000033
658 0.000014
659 0.000029
660 0.000058
661 0.000042
662 0.000038
663 0.000072
664 0.000100
665 0.000098
666 0.000115
667 0.000119
668 0.000096
669 0.000059
670 0.000010
671 0.000001
672 -0.000042
673 -0.000112
674 -0.000175
675 -0.000197
676 -0.000201
677 -0.000204
678 -0.000162
679 -0.000161
680 -0.000169
681 -0.000169
682 -0.000132
683 -0.000090
684 -0.000048
685 -0.000023
686 -0.000024
687 -0.000030
688 -0.000028
689 -0.000033
690 -0.000030
691 0.000012
692 0.000056
693 0.000082
694 0.000090
695 0.000111
696 0.000104
697 0.000101
698 0.000104
699 0.000085
700 0.000086
701 0.000064
702 0.000039
703 0.000034
704 0.000057
705 0.000091
706 0.000117
707 0.000143
708 0.000163
709 0.000147
710 0.000167
711 0.000215
712 0.000259
713 0.000274
714 0.000300
715 0.000327
716 0.000349
717 0.000344
718 0.000331
719 0.000335
720 0.000328
721 0.000314
722 0.000282
723 0.000269
724 0.000266
725 0.000243
726 0.000181
727 0.000151
728 0.000130
729 0.000136
730 0.000145
731 0.000126
732 0.000107
733 0.000064
734 0.000036
735 0.000051
736 0.000088
737 0.000170
738 0.000227
739 0.000284
740 0.000283
741 0.000306
742 0.000328
743 0.000306
744 0.000319
745 0.000329
746 0.000339
747 0.000361
748 0.000385
749 0.000362
750 0.000335
751 0.000324
752 0.000358
753 0.000370
754 0.000353
755 0.000319
756 0.000260
757 0.000203
758 0.000182
759 0.000172
760 0.000167
761 0.000171
762 0.000179
763 0.000220
764 0.000254
765 0.000272
766 0.000282
767 0.000292
768 0.000297
769 0.000251
770 0.000199
771 0.000173
772 0.000162
773 0.000145
774 0.000133
775 0.000125
776 0.000148
777 0.000140
778 0.000141
779 0.000129
780 0.000116
781 0.000089
782 0.000061
783 0.000045
784 -0.000006
785 -0.000037
786 -0.000058
787 -0.000045
788 -0.000031
789 -0.000010
790 -0.000016
791 0.000006
792 0.000020
793 0.000039
794 0.000055
795 0.000074
796 0.000109
797 0.000118
798 0.000134
799 0.000125
800 0.000130
801 0.000112
802 0.000117
803 0.000111
804 0.000116
805 0.000121
806 0.000070
807 0.000028
808 0.000016
809 0.000031
