# i correlation
1 0.005784
2 0.004975
3 0.004242
4 0.003678
5 0.003252
6 0.002919
7 0.002762
8 0.002533
9 0.002427
10 0.002334
11 0.002256
12 0.002150
13 0.002046
14 0.001960
15 0.001913
16 0.001895
17 0.001852
18 0.001851
19 0.001800
20 0.001717
21 0.001586
22 0.001576
23 0.001503
24 0.001378
25 0.001251
26 0.001121
27 0.001065
28 0.001074
29 0.001110
30 0.001174
31 0.001180
32 0.001224
33 0.001193
34 0.001144
35 0.001095
36 0.001080
37 0.001029
38 0.001074
39 0.001173
40 0.001187
41 0.001127
42 0.001095
43 0.001091
44 0.001057
45 0.001084
46 0.001052
47 0.000966
48 0.000888
49 0.000821
50 0.000773
51 0.000697
52 0.000600
53 0.000477
54 0.000379
55 0.000388
56 0.000367
57 0.000381
58 0.000404
59 0.000438
60 0.000456
61 0.000489
62 0.000594
63 0.000695
64 0.000773
65 0.000795
66 0.000719
67 0.000681
68 0.000698
69 0.000714
70 0.000777
71 0.000883
72 0.000932
73 0.000993
74 0.001117
75 0.001266
76 0.001336
77 0.001474
78 0.001538
79 0.001551
80 0.001510
81 0.001555
82 0.001602
83 0.001597
84 0.001571
85 0.001515
86 0.001440
87 0.001361
88 0.001250
89 0.001186
90 0.001162
91 0.001154
92 0.001144
93 0.001197
94 0.001293
95 0.001385
96 0.001416
97 0.001364
98 0.001318
99 0.001336
100 0.001440
101 0.001516
102 0.001524
103 0.001515
104 0.001441
105 0.001410
106 0.001338
107 0.001341
108 0.001273
109 0.001272
110 0.001242
111 0.001263
112 0.001235
113 0.001181
114 0.001165
115 0.001066
116 0.001056
117 0.001025
118 0.001000
119 0.000926
120 0.000824
121 0.000707
122 0.000642
123 0.000659
124 0.000634
125 0.000627
126 0.000638
127 0.000552
128 0.000429
129 0.000355
130 0.000267
131 0.000199
132 0.000096
133 0.000086
134 0.000080
135 0.000142
136 0.000195
137 0.000215
138 0.000248
139 0.000314
140 0.000315
141 0.000333
142 0.000321
143 0.000258
144 0.000207
145 0.000235
146 0.000297
147 0.000303
148 0.000415
149 0.000557
150 0.000669
151 0.000746
152 0.000773
153 0.000821
154 0.000923
155 0.001005
156 0.001004
157 0.000951
158 0.000958
159 0.001072
160 0.001174
161 0.001199
162 0.001240
163 0.001177
164 0.001126
165 0.001079
166 0.001024
167 0.000949
168 0.000855
169 0.000830
170 0.000817
171 0.000766
172 0.000683
173 0.000626
174 0.000582
175 0.000541
176 0.000499
177 0.000493
178 0.000521
179 0.000539
180 0.000614
181 0.000659
182 0.000739
183 0.000749
184 0.000797
185 0.000773
186 0.000721
187 0.000703
188 0.000723
189 0.000720
190 0.000683
191 0.000623
192 0.000628
193 0.000620
194 0.000615
195 0.000609
196 0.000609
197 0.000567
198 0.000501
199 0.000434
200 0.000392
201 0.000362
202 0.000374
203 0.000295
204 0.000199
205 0.000183
206 0.000183
207 0.000138
208 0.000105
209 0.000086
210 0.000061
211 -0.000014
212 -0.000031
213 -0.000093
214 -0.000183
215 -0.000321
216 -0.000369
217 -0.000357
218 -0.000301
219 -0.000243
220 -0.000173
221 -0.000116
222 -0.000036
223 0.000047
224 0.000127
225 0.000237
226 0.000303
227 0.000375
228 0.000347
229 0.000299
230 0.000329
231 0.000330
232 0.000390
233 0.000419
234 0.000445
235 0.000430
236 0.000396
237 0.000337
238 0.000292
239 0.000275
240 0.000261
241 0.000270
242 0.000303
243 0.000333
244 0.000346
245 0.000309
246 0.000200
247 0.000080
248 0.000028
249 0.000001
250 -0.000039
251 -0.000052
252 0.000015
253 0.000051
254 0.000087
255 0.000147
256 0.000182
257 0.000207
258 0.000156
259 0.000147
260 0.000113
261 0.000181
262 0.000334
263 0.000407
264 0.000534
265 0.000660
266 0.000758
267 0.000797
268 0.000780
269 0.000708
270 0.000756
271 0.000865
272 0.000887
273 0.000874
274 0.000837
275 0.000789
276 0.000694
277 0.000577
278 0.000543
279 0.000466
280 0.000476
281 0.000443
282 0.000379
283 0.000358
284 0.000354
285 0.000429
286 0.000405
287 0.000412
288 0.000394
289 0.000330
290 0.000200
291 0.000038
292 -0.000195
293 -0.000393
294 -0.000526
295 -0.000561
296 -0.000588
297 -0.000639
298 -0.000618
299 -0.000637
300 -0.000620
301 -0.000607
302 -0.000575
303 -0.000533
304 -0.000456
305 -0.000400
306 -0.000330
307 -0.000254
308 -0.000152
309 -0.000037
310 -0.000018
311 -0.000058
312 -0.000181
313 -0.000233
314 -0.000302
315 -0.000359
316 -0.000402
317 -0.000420
318 -0.000427
319 -0.000377
320 -0.000284
321 -0.000223
322 -0.000289
323 -0.000340
324 -0.000370
325 -0.000304
326 -0.000235
327 -0.000212
328 -0.000228
329 -0.000221
330 -0.000216
331 -0.000241
332 -0.000266
333 -0.000332
334 -0.000358
335 -0.000359
336 -0.000254
337 -0.000194
338 -0.000105
339 -0.000014
340 -0.000019
341 -0.000040
342 -0.000139
343 -0.000134
344 -0.000110
345 -0.000097
346 -0.000105
347 -0.000126
348 -0.000041
349 0.000058
350 0.000095
351 0.000148
352 0.000186
353 0.000214
354 0.000189
355 0.000124
356 0.000116
357 0.000068
358 0.000073
359 0.000086
360 0.000117
361 0.000127
362 0.000140
363 0.000088
364 0.000038
365 0.000002
366 -0.000009
367 0.000021
368 0.000061
369 0.000030
370 0.000017
371 0.000048
372 0.000073
373 0.000111
374 0.000129
375 0.000159
376 0.000165
377 0.000141
378 0.000151
379 0.000109
380 0.000082
381 0.000049
382 0.000065
383 0.000100
384 0.000178
385 0.000257
386 0.000302
387 0.000301
388 0.000292
389 0.000278
390 0.000301
391 0.000268
392 0.000271
393 0.000160
394 0.000075
395 0.000007
396 -0.000063
397 -0.000119
398 -0.000186
399 -0.000273
400 -0.000383
401 -0.000494
402 -0.000606
403 -0.000622
404 -0.000574
405 -0.000546
406 -0.000520
407 -0.000486
408 -0.000528
409 -0.000620
410 -0.000693
411 -0.000703
412 -0.000782
413 -0.000824
414 -0.000818
415 -0.000811
416 -0.000776
417 -0.000759
418 -0.000763
419 -0.000754
420 -0.000699
421 -0.000645
422 -0.000594
423 -0.000541
424 -0.000452
425 -0.000355
426 -0.000211
427 -0.000147
428 -0.000151
429 -0.000219
430 -0.000309
431 -0.000401
432 -0.000507
433 -0.000558
434 -0.000603
435 -0.000569
436 -0.000548
437 -0.000492
438 -0.000521
439 -0.000493
440 -0.000493
441 -0.000477
442 -0.000487
443 -0.000455
444 -0.000339
445 -0.000268
446 -0.000243
447 -0.000248
448 -0.000262
449 -0.000301
450 -0.000308
451 -0.000298
452 -0.000316
453 -0.000286
454 -0.000194
455 -0.000067
456 0.000010
457 0.000069
458 0.000117
459 0.000162
460 0.000211
461 0.000186
462 0.000165
463 0.000143
464 0.000074
465 0.000085
466 0.000126
467 0.000228
468 0.000318
469 0.000403
470 0.000456
471 0.000491
472 0.000484
473 0.000430
474 0.000398
475 0.000421
476 0.000441
477 0.000416
478 0.000351
479 0.000263
480 0.000182
481 0.000086
482 0.000046
483 -0.000048
484 -0.000101
485 -0.000094
486 -0.000098
487 -0.000011
488 0.000068
489 0.000151
490 0.000234
491 0.000324
492 0.000400
493 0.000458
494 0.000547
495 0.000539
496 0.000471
497 0.000418
498 0.000458
499 0.000494
500 0.000518
501 0.000556
502 0.000557
503 0.000505
504 0.000435
505 0.000413
506 0.000384
507 0.000366
508 0.000365
509 0.000339
510 0.000364
511 0.000358
512 0.000313
513 0.000286
514 0.000290
515 0.000291
516 0.000337
517 0.000350
518 0.000400
519 0.000421
520 0.000388
521 0.000362
522 0.000339
523 0.000326
524 0.000214
525 0.000125
526 0.000041
527 0.000014
528 0.000017
529 0.000006
530 0.000044
531 0.000053
532 0.000114
533 0.000208
534 0.000280
535 0.000312
536 0.000322
537 0.000408
538 0.000506
539 0.000502
540 0.000528
541 0.000543
542 0.000546
543 0.000542
544 0.000580
545 0.000605
546 0.000679
547 0.000714
548 0.000661
549 0.000597
550 0.000590
551 0.000602
552 0.000640
553 0.000718
554 0.000724
555 0.000696
556 0.000682
557 0.000651
558 0.000610
559 0.000548
560 0.000507
561 0.000465
562 0.000456
563 0.000443
564 0.000378
565 0.000342
566 0.000319
567 0.000293
568 0.000282
569 0.000283
570 0.000350
571 0.000422
572 0.000444
573 0.000465
574 0.000437
575 0.000357
576 0.000303
577 0.000215
578 0.000148
579 0.000106
580 0.000140
581 0.000153
582 0.000134
583 0.000151
584 0.000153
585 0.000181
586 0.000197
587 0.000220
588 0.000228
589 0.000219
590 0.000199
591 0.000177
592 0.000177
593 0.000240
594 0.000322
595 0.000424
596 0.000471
597 0.000444
598 0.000415
599 0.000351
600 0.000296
601 0.000265
602 0.000241
603 0.000219
604 0.000183
605 0.000170
606 0.000147
607 0.000148
608 0.000151
609 0.000176
610 0.000233
611 0.000276
612 0.000295
613 0.000308
614 0.000316
615 0.000323
616 0.000348
617 0.000417
618 0.000455
619 0.000486
620 0.000489
621 0.000493
622 0.000450
623 0.000426
624 0.000418
625 0.000411
626 0.000382
627 0.000367
628 0.000391
629 0.000421
630 0.000423
631 0.000400
632 0.000391
633 0.000372
634 0.000320
635 0.000244
636 0.000211
637 0.000160
638 0.000100
639 0.000101
640 0.000118
641 0.000091
642 0.000068
643 0.000076
644 0.000102
645 0.000136
646 0.000167
647 0.000236
648 0.000295
649 0.000364
650 0.000422
651 0.000472
652 0.000519
653 0.000575
654 0.000600
655 0.000604
656 0.000610
657 0.000587
658 0.000569
659 0.000505
660 0.000444
661 0.000386
662 0.000338
663 0.000306
664 0.000318
665 0.000358
666 0.000347
667 0.000340
668 0.000317
669 0.000333
670 0.000338
671 0.000302
672 0.000303
673 0.000295
674 0.000256
675 0.000207
676 0.000155
677 0.000128
678 0.000110
679 0.000100
680 0.000075
681 0.000048
682 0.000023
683 -0.000021
684 -0.000032
685 -0.000026
686 -0.000070
687 -0.000088
688 -0.000067
689 -0.000050
690 -0.000077
691 -0.000086
692 -0.000031
693 0.000025
694 0.000118
695 0.000197
696 0.000274
697 0.000320
698 0.000363
699 0.000389
700 0.000397
701 0.000390
702 0.000347
703 0.000329
704 0.000313
705 0.000282
706 0.000246
707 0.000245
708 0.000218
709 0.000204
710 0.000213
711 0.000275
712 0.000362
713 0.000413
714 0.000416
715 0.000398
716 0.000366
717 0.000314
718 0.000258
719 0.000181
720 0.000124
721 0.000092
722 0.000070
723 0.000044
724 0.000088
725 0.000120
726 0.000147
727 0.000180
728 0.000224
729 0.000268
730 0.000311
731 0.000355
732 0.000372
733 0.000387
734 0.000396
735 0.000404
736 0.000387
737 0.000354
738 0.000286
739 0.000267
740 0.000288
741 0.000288
742 0.000258
743 0.000243
744 0.000241
745 0.000207
746 0.000234
747 0.000225
748 0.000209
749 0.000190
750 0.000178
751 0.000138
752 0.000104
753 0.000083
754 0.000063
755 0.000095
756 0.000160
757 0.000222
758 0.000245
759 0.000249
760 0.000256
761 0.000181
762 0.000180
763 0.000197
764 0.000207
765 0.000209
766 0.000185
767 0.000160
768 0.000113
769 0.000120
770 0.000118
771 0.000118
772 0.000124
773 0.000165
774 0.000209
775 0.000277
776 0.000349
777 0.000336
778 0.000346
779 0.000375
780 0.000421
781 0.000419
782 0.000408
783 0.000342
784 0.000258
785 0.000205
786 0.000168
787 0.000147
788 0.000121
789 0.000124
790 0.000125
791 0.000114
792 0.000100
793 0.000062
794 0.000016
795 0.000006
796 0.000028
797 0.000040
798 0.000082
799 0.000109
800 0.000074
801 0.000034
802 0.000000
803 0.000018
804 0.000037
805 0.000094
806 0.000167
807 0.000215
808 0.000271
809 0.000310
