# i correlation
1 0.006800
2 0.006078
3 0.005458
4 0.004910
5 0.004469
6 0.004155
7 0.003906
8 0.003688
9 0.003431
10 0.003174
11 0.003006
12 0.002859
13 0.002762
14 0.002673
15 0.002614
16 0.002555
17 0.002473
18 0.002335
19 0.002293
20 0.002211
21 0.002149
22 0.002018
23 0.001964
24 0.001960
25 0.002048
26 0.002155
27 0.002282
28 0.002352
29 0.002375
30 0.002370
31 0.002373
32 0.002382
33 0.002350
34 0.002339
35 0.002255
36 0.002190
37 0.002235
38 0.002300
39 0.002316
40 0.002385
41 0.002456
42 0.002473
43 0.002459
44 0.002436
45 0.002379
46 0.002373
47 0.002339
48 0.002276
49 0.002159
50 0.002015
51 0.001926
52 0.001823
53 0.001776
54 0.001696
55 0.001653
56 0.001518
57 0.001388
58 0.001308
59 0.001257
60 0.001230
61 0.001283
62 0.001365
63 0.001402
64 0.001388
65 0.001387
66 0.001378
67 0.001362
68 0.001339
69 0.001304
70 0.001180
71 0.000980
72 0.000797
73 0.000724
74 0.000747
75 0.000800
76 0.000855
77 0.000909
78 0.000970
79 0.000949
80 0.000953
81 0.000922
82 0.000973
83 0.001097
84 0.001206
85 0.001309
86 0.001302
87 0.001260
88 0.001195
89 0.001110
90 0.001010
91 0.000991
92 0.001008
93 0.001034
94 0.001080
95 0.001068
96 0.001070
97 0.001070
98 0.001043
99 0.001078
100 0.001090
101 0.001063
102 0.001039
103 0.000988
104 0.000935
105 0.000931
106 0.000929
107 0.000870
108 0.000862
109 0.000800
110 0.000782
111 0.000742
112 0.000696
113 0.000622
114 0.000529
115 0.000487
116 0.000465
117 0.000507
118 0.000604
119 0.000576
120 0.000575
121 0.000547
122 0.000530
123 0.000578
124 0.000686
125 0.000773
126 0.000853
127 0.000834
128 0.000820
129 0.000823
130 0.000878
131 0.000976
132 0.000994
133 0.001027
134 0.001062
135 0.001051
136 0.001011
137 0.001107
138 0.001225
139 0.001284
140 0.001271
141 0.001197
142 0.001174
143 0.001171
144 0.001135
145 0.001138
146 0.001203
147 0.001233
148 0.001139
149 0.001014
150 0.000898
151 0.000830
152 0.000779
153 0.000730
154 0.000646
155 0.000591
156 0.000464
157 0.000329
158 0.000282
159 0.000180
160 0.000102
161 0.000075
162 0.000122
163 0.000191
164 0.000276
165 0.000398
166 0.000440
167 0.000461
168 0.000448
169 0.000521
170 0.000471
171 0.000484
172 0.000534
173 0.000561
174 0.000563
175 0.000536
176 0.000441
177 0.000403
178 0.000358
179 0.000356
180 0.000366
181 0.000311
182 0.000260
183 0.000247
184 0.000285
185 0.000311
186 0.000354
187 0.000391
188 0.000415
189 0.000468
190 0.000592
191 0.000701
192 0.000750
193 0.000794
194 0.000837
195 0.000805
196 0.000721
197 0.000608
198 0.000473
199 0.000366
200 0.000316
201 0.000327
202 0.000351
203 0.000382
204 0.000391
205 0.000390
206 0.000438
207 0.000398
208 0.000347
209 0.000294
210 0.000291
211 0.000348
212 0.000407
213 0.000417
214 0.000454
215 0.000464
216 0.000481
217 0.000487
218 0.000504
219 0.000445
220 0.000403
221 0.000404
222 0.000428
223 0.000501
224 0.000453
225 0.000393
226 0.000302
227 0.000180
228 0.000075
229 0.000014
230 -0.000019
231 0.000053
232 0.000145
233 0.000208
234 0.000237
235 0.000259
236 0.000298
237 0.000349
238 0.000435
239 0.000501
240 0.000618
241 0.000604
242 0.000629
243 0.000649
244 0.000634
245 0.000631
246 0.000597
247 0.000523
248 0.000506
249 0.000554
250 0.000561
251 0.000544
252 0.000521
253 0.000495
254 0.000521
255 0.000560
256 0.000603
257 0.000721
258 0.000822
259 0.000891
260 0.000927
261 0.000927
262 0.000854
263 0.000863
264 0.000867
265 0.000892
266 0.000942
267 0.000974
268 0.000998
269 0.001026
270 0.001002
271 0.001008
272 0.000957
273 0.000893
274 0.000862
275 0.000877
276 0.000887
277 0.000908
278 0.000872
279 0.000848
280 0.000857
281 0.000813
282 0.000720
283 0.000680
284 0.000691
285 0.000703
286 0.000754
287 0.000758
288 0.000768
289 0.000835
290 0.000850
291 0.000910
292 0.001003
293 0.001059
294 0.001015
295 0.000985
296 0.000925
297 0.000885
298 0.000876
299 0.000870
300 0.000853
301 0.000877
302 0.000844
303 0.000844
304 0.000843
305 0.000811
306 0.000734
307 0.000648
308 0.000594
309 0.000549
310 0.000469
311 0.000415
312 0.000382
313 0.000311
314 0.000248
315 0.000168
316 0.000121
317 0.000164
318 0.000240
319 0.000262
320 0.000262
321 0.000214
322 0.000226
323 0.000241
324 0.000347
325 0.000426
326 0.000519
327 0.000534
328 0.000521
329 0.000539
330 0.000524
331 0.000480
332 0.000490
333 0.000485
334 0.000469
335 0.000400
336 0.000343
337 0.000267
338 0.000219
339 0.000144
340 0.000069
341 0.000079
342 0.000156
343 0.000196
344 0.000188
345 0.000222
346 0.000237
347 0.000244
348 0.000241
349 0.000317
350 0.000332
351 0.000308
352 0.000282
353 0.000262
354 0.000247
355 0.000185
356 0.000184
357 0.000215
358 0.000251
359 0.000260
360 0.000271
361 0.000290
362 0.000325
363 0.000318
364 0.000250
365 0.000123
366 0.000061
367 -0.000004
368 -0.000032
369 0.000065
370 0.000151
371 0.000167
372 0.000130
373 0.000091
374 0.000062
375 0.000042
376 0.000004
377 0.000004
378 -0.000045
379 -0.000049
380 -0.000053
381 -0.000106
382 -0.000192
383 -0.000223
384 -0.000280
385 -0.000268
386 -0.000202
387 -0.000060
388 0.000020
389 0.000067
390 0.000084
391 0.000139
392 0.000141
393 0.000099
394 0.000068
395 0.000070
396 0.000090
397 0.000120
398 0.000206
399 0.000165
400 0.000161
401 0.000150
402 0.000202
403 0.000228
404 0.000257
405 0.000279
406 0.000268
407 0.000286
408 0.000256
409 0.000254
410 0.000201
411 0.000172
412 0.000206
413 0.000183
414 0.000115
415 0.000038
416 -0.000039
417 -0.000068
418 -0.000137
419 -0.000229
420 -0.000346
421 -0.000455
422 -0.000598
423 -0.000650
424 -0.000623
425 -0.000633
426 -0.000658
427 -0.000697
428 -0.000696
429 -0.000653
430 -0.000640
431 -0.000602
432 -0.000502
433 -0.000420
434 -0.000336
435 -0.000225
436 -0.000100
437 -0.000008
438 0.000090
439 0.000184
440 0.000257
441 0.000282
442 0.000317
443 0.000319
444 0.000355
445 0.000329
446 0.000328
447 0.000301
448 0.000276
449 0.000217
450 0.000187
451 0.000139
452 0.000025
453 -0.000051
454 -0.000137
455 -0.000172
456 -0.000186
457 -0.000217
458 -0.000265
459 -0.000325
460 -0.000323
461 -0.000299
462 -0.000259
463 -0.000210
464 -0.000209
465 -0.000200
466 -0.000218
467 -0.000205
468 -0.000222
469 -0.000212
470 -0.000214
471 -0.000195
472 -0.000122
473 -0.000084
474 -0.000075
475 -0.000040
476 0.000006
477 0.000031
478 0.000033
479 0.000023
480 0.000099
481 0.000197
482 0.000326
483 0.000363
484 0.000341
485 0.000290
486 0.000280
487 0.000330
488 0.000344
489 0.000371
490 0.000385
491 0.000454
492 0.000456
493 0.000419
494 0.000389
495 0.000441
496 0.000409
497 0.000398
498 0.000371
499 0.000357
500 0.000324
501 0.000346
502 0.000356
503 0.000391
504 0.000456
505 0.000419
506 0.000384
507 0.000328
508 0.000329
509 0.000364
510 0.000366
511 0.000367
512 0.000371
513 0.000329
514 0.000323
515 0.000336
516 0.000346
517 0.000397
518 0.000430
519 0.000390
520 0.000410
521 0.000425
522 0.000440
523 0.000464
524 0.000486
525 0.000517
526 0.000538
527 0.000510
528 0.000465
529 0.000478
530 0.000435
531 0.000390
532 0.000323
533 0.000283
534 0.000250
535 0.000278
536 0.000319
537 0.000374
538 0.000432
539 0.000455
540 0.000421
541 0.000385
542 0.000380
543 0.000380
544 0.000356
545 0.000304
546 0.000243
547 0.000158
548 0.000066
549 0.000010
550 -0.000032
551 -0.000105
552 -0.000146
553 -0.000248
554 -0.000308
555 -0.000316
556 -0.000326
557 -0.000337
558 -0.000358
559 -0.000393
560 -0.000452
561 -0.000519
562 -0.000557
563 -0.000552
564 -0.000463
565 -0.000386
566 -0.000336
567 -0.000241
568 -0.000202
569 -0.000179
570 -0.000157
571 -0.000151
572 -0.000181
573 -0.000222
574 -0.000282
575 -0.000315
576 -0.000360
577 -0.000414
578 -0.000446
579 -0.000494
580 -0.000555
581 -0.000607
582 -0.000626
583 -0.000656
584 -0.000645
585 -0.000614
586 -0.000602
587 -0.000570
588 -0.000545
589 -0.000542
590 -0.000523
591 -0.000530
592 -0.000578
593 -0.000608
594 -0.000649
595 -0.000695
596 -0.000763
597 -0.000868
598 -0.000951
599 -0.001032
600 -0.001105
601 -0.001145
602 -0.001148
603 -0.001106
604 -0.001036
605 -0.000945
606 -0.000881
607 -0.000851
608 -0.000856
609 -0.000815
610 -0.000800
611 -0.000787
612 -0.000806
613 -0.000826
614 -0.000848
615 -0.000850
616 -0.000859
617 -0.000835
618 -0.000807
619 -0.000737
620 -0.000675
621 -0.000619
622 -0.000605
623 -0.000616
624 -0.000644
625 -0.000650
626 -0.000651
627 -0.000646
628 -0.000584
629 -0.000519
630 -0.000422
631 -0.000374
632 -0.000345
633 -0.000313
634 -0.000283
635 -0.000282
636 -0.000291
637 -0.000288
638 -0.000277
639 -0.000351
640 -0.000438
641 -0.000527
642 -0.000574
643 -0.000621
644 -0.000653
645 -0.000685
646 -0.000676
647 -0.000638
648 -0.000653
649 -0.000641
650 -0.000632
651 -0.000587
652 -0.000532
653 -0.000507
654 -0.000466
655 -0.000371
656 -0.000283
657 -0.000228
658 -0.000214
659 -0.000223
660 -0.000209
661 -0.000198
662 -0.000189
663 -0.000202
664 -0.000207
665 -0.000249
666 -0.000277
667 -0.000266
668 -0.000242
669 -0.000214
670 -0.000177
671 -0.000148
672 -0.000127
673 -0.000061
674 -0.000017
675 0.000019
676 0.000027
677 -0.000021
678 -0.000074
679 -0.000112
680 -0.000160
681 -0.000201
682 -0.000233
683 -0.000256
684 -0.000263
685 -0.000299
686 -0.000335
687 -0.000385
688 -0.000401
689 -0.000368
690 -0.000334
691 -0.000355
692 -0.000374
693 -0.000393
694 -0.000384
695 -0.000379
696 -0.000362
697 -0.000363
698 -0.000368
699 -0.000355
700 -0.000330
701 -0.000296
702 -0.000284
703 -0.000244
704 -0.000220
705 -0.000185
706 -0.000161
707 -0.000141
708 -0.000139
709 -0.000140
710 -0.000157
711 -0.000155
712 -0.000155
713 -0.000107
714 -0.000092
715 -0.000074
716 -0.000054
717 -0.000030
718 -0.000018
719 -0.000044
720 -0.000039
721 -0.000035
722 -0.000033
723 -0.000087
724 -0.000123
725 -0.000196
726 -0.000229
727 -0.000244
728 -0.000269
729 -0.000219
730 -0.000170
731 -0.000137
732 -0.000094
733 -0.000089
734 -0.000070
735 -0.000053
736 -0.000009
737 0.000045
738 0.000085
739 0.000090
740 0.000107
741 0.000107
742 0.000072
743 0.000062
744 0.000017
745 -0.000028
746 -0.000068
747 -0.000112
748 -0.000138
749 -0.000104
750 -0.000110
751 -0.000113
752 -0.000117
753 -0.000149
754 -0.000160
755 -0.000174
756 -0.000149
757 -0.000117
758 -0.000041
759 0.000038
760 0.000106
761 0.000159
762 0.000258
763 0.000296
764 0.000344
765 0.000384
766 0.000403
767 0.000426
768 0.000453
769 0.000462
770 0.000500
771 0.000515
772 0.000516
773 0.000487
774 0.000456
775 0.000465
776 0.000475
777 0.000486
778 0.000526
779 0.000580
780 0.000609
781 0.000688
782 0.000710
783 0.000682
784 0.000647
785 0.000606
786 0.000568
787 0.000524
788 0.000486
789 0.000450
790 0.000431
791 0.000430
792 0.000434
793 0.000449
794 0.000503
795 0.000571
796 0.000633
797 0.000677
798 0.000746
799 0.000793
800 0.000824
801 0.000831
802 0.000830
803 0.000785
804 0.000754
805 0.000742
806 0.000703
807 0.000695
808 0.000690
809 0.000714
