# i correlation
1 0.005684
2 0.005074
3 0.004520
4 0.004104
5 0.003787
6 0.003475
7 0.003251
8 0.003092
9 0.002926
10 0.002806
11 0.002666
12 0.002530
13 0.002404
14 0.002260
15 0.002081
16 0.001908
17 0.001778
18 0.001791
19 0.001827
20 0.001792
21 0.001769
22 0.001839
23 0.001899
24 0.001945
25 0.001960
26 0.001901
27 0.001890
28 0.001951
29 0.001948
30 0.001956
31 0.001923
32 0.001900
33 0.001924
34 0.001915
35 0.001874
36 0.001806
37 0.001801
38 0.001838
39 0.001855
40 0.001889
41 0.001971
42 0.002042
43 0.002165
44 0.002189
45 0.002229
46 0.002247
47 0.002299
48 0.002344
49 0.002342
50 0.002341
51 0.002325
52 0.002313
53 0.002346
54 0.002348
55 0.002331
56 0.002249
57 0.002203
58 0.002081
59 0.001950
60 0.001808
61 0.001672
62 0.001514
63 0.001429
64 0.001303
65 0.001271
66 0.001208
67 0.001183
68 0.001192
69 0.001209
70 0.001151
71 0.001058
72 0.000960
73 0.000939
74 0.000960
75 0.000980
76 0.001021
77 0.001029
78 0.001068
79 0.001181
80 0.001327
81 0.001463
82 0.001516
83 0.001566
84 0.001589
85 0.001541
86 0.001447
87 0.001405
88 0.001405
89 0.001405
90 0.001372
91 0.001372
92 0.001401
93 0.001450
94 0.001464
95 0.001420
96 0.001344
97 0.001206
98 0.001081
99 0.001015
100 0.000999
101 0.000978
102 0.001035
103 0.001098
104 0.001098
105 0.001121
106 0.001146
107 0.001149
108 0.001158
109 0.001143
110 0.001161
111 0.001212
112 0.001297
113 0.001360
114 0.001412
115 0.001408
116 0.001423
117 0.001424
118 0.001427
119 0.001406
120 0.001396
121 0.001455
122 0.001550
123 0.001659
124 0.001722
125 0.001669
126 0.001560
127 0.001430
128 0.001288
129 0.001221
130 0.001229
131 0.001271
132 0.001327
133 0.001336
134 0.001396
135 0.001452
136 0.001525
137 0.001561
138 0.001494
139 0.001421
140 0.001381
141 0.001335
142 0.001250
143 0.001151
144 0.001106
145 0.001109
146 0.001143
147 0.001079
148 0.001053
149 0.001028
150 0.000975
151 0.000923
152 0.000867
153 0.000868
154 0.000860
155 0.000775
156 0.000697
157 0.000631
158 0.000521
159 0.000533
160 0.000582
161 0.000688
162 0.000795
163 0.000913
164 0.001097
165 0.001296
166 0.001371
167 0.001422
168 0.001456
169 0.001451
170 0.001470
171 0.001468
172 0.001478
173 0.001457
174 0.001480
175 0.001577
176 0.001616
177 0.001678
178 0.001708
179 0.001728
180 0.001701
181 0.001548
182 0.001463
183 0.001409
184 0.001397
185 0.001349
186 0.001308
187 0.001292
188 0.001241
189 0.001217
190 0.001163
191 0.001158
192 0.001166
193 0.001191
194 0.001210
195 0.001157
196 0.001112
197 0.001045
198 0.000999
199 0.000954
200 0.000913
201 0.000858
202 0.000807
203 0.000780
204 0.000778
205 0.000849
206 0.000905
207 0.000936
208 0.000903
209 0.000876
210 0.000846
211 0.000869
212 0.000831
213 0.000837
214 0.000884
215 0.000934
216 0.000998
217 0.001054
218 0.001117
219 0.001211
220 0.001235
221 0.001221
222 0.001203
223 0.001132
224 0.001122
225 0.001172
226 0.001242
227 0.001299
228 0.001334
229 0.001372
230 0.001408
231 0.001408
232 0.001389
233 0.001427
234 0.001428
235 0.001402
236 0.001358
237 0.001369
238 0.001334
239 0.001320
240 0.001289
241 0.001310
242 0.001300
243 0.001266
244 0.001257
245 0.001262
246 0.001298
247 0.001339
248 0.001396
249 0.001429
250 0.001357
251 0.001252
252 0.001215
253 0.001239
254 0.001287
255 0.001323
256 0.001338
257 0.001347
258 0.001328
259 0.001344
260 0.001377
261 0.001340
262 0.001326
263 0.001315
264 0.001250
265 0.001178
266 0.001127
267 0.001167
268 0.001195
269 0.001237
270 0.001274
271 0.001250
272 0.001245
273 0.001217
274 0.001251
275 0.001237
276 0.001227
277 0.001220
278 0.001238
279 0.001201
280 0.001159
281 0.001132
282 0.001104
283 0.000994
284 0.000882
285 0.000863
286 0.000835
287 0.000837
288 0.000891
289 0.000959
290 0.001012
291 0.001083
292 0.001099
293 0.001067
294 0.001039
295 0.001023
296 0.001053
297 0.001045
298 0.001113
299 0.001157
300 0.001290
301 0.001418
302 0.001497
303 0.001608
304 0.001584
305 0.001502
306 0.001425
307 0.001318
308 0.001215
309 0.001082
310 0.000997
311 0.000946
312 0.000913
313 0.000868
314 0.000860
315 0.000853
316 0.000862
317 0.000881
318 0.000838
319 0.000794
320 0.000731
321 0.000685
322 0.000681
323 0.000672
324 0.000606
325 0.000570
326 0.000518
327 0.000440
328 0.000408
329 0.000398
330 0.000404
331 0.000385
332 0.000351
333 0.000359
334 0.000307
335 0.000290
336 0.000284
337 0.000344
338 0.000362
339 0.000418
340 0.000475
341 0.000560
342 0.000630
343 0.000708
344 0.000749
345 0.000807
346 0.000795
347 0.000775
348 0.000775
349 0.000789
350 0.000847
351 0.000949
352 0.000975
353 0.000991
354 0.000989
355 0.000994
356 0.001025
357 0.001057
358 0.001109
359 0.001167
360 0.001190
361 0.001207
362 0.001171
363 0.001127
364 0.001076
365 0.000999
366 0.000940
367 0.000874
368 0.000812
369 0.000789
370 0.000818
371 0.000852
372 0.000813
373 0.000763
374 0.000690
375 0.000623
376 0.000574
377 0.000501
378 0.000454
379 0.000452
380 0.000457
381 0.000450
382 0.000455
383 0.000506
384 0.000554
385 0.000588
386 0.000662
387 0.000663
388 0.000622
389 0.000565
390 0.000524
391 0.000535
392 0.000526
393 0.000572
394 0.000646
395 0.000697
396 0.000738
397 0.000745
398 0.000777
399 0.000793
400 0.000777
401 0.000780
402 0.000746
403 0.000770
404 0.000769
405 0.000781
406 0.000791
407 0.000756
408 0.000778
409 0.000752
410 0.000698
411 0.000690
412 0.000668
413 0.000713
414 0.000756
415 0.000716
416 0.000729
417 0.000723
418 0.000723
419 0.000752
420 0.000691
421 0.000662
422 0.000628
423 0.000594
424 0.000604
425 0.000607
426 0.000584
427 0.000544
428 0.000487
429 0.000420
430 0.000377
431 0.000337
432 0.000340
433 0.000340
434 0.000317
435 0.000318
436 0.000334
437 0.000360
438 0.000401
439 0.000454
440 0.000493
441 0.000505
442 0.000540
443 0.000552
444 0.000572
445 0.000557
446 0.000587
447 0.000612
448 0.000594
449 0.000566
450 0.000504
451 0.000456
452 0.000454
453 0.000425
454 0.000401
455 0.000368
456 0.000353
457 0.000347
458 0.000300
459 0.000237
460 0.000175
461 0.000107
462 0.000087
463 0.000071
464 0.000127
465 0.000136
466 0.000196
467 0.000292
468 0.000389
469 0.000441
470 0.000473
471 0.000487
472 0.000470
473 0.000464
474 0.000499
475 0.000496
476 0.000532
477 0.000509
478 0.000527
479 0.000499
480 0.000526
481 0.000507
482 0.000570
483 0.000560
484 0.000523
485 0.000452
486 0.000392
487 0.000382
488 0.000340
489 0.000307
490 0.000254
491 0.000189
492 0.000152
493 0.000101
494 0.000079
495 0.000020
496 -0.000051
497 -0.000042
498 -0.000029
499 -0.000044
500 -0.000046
501 -0.000026
502 -0.000017
503 -0.000055
504 -0.000126
505 -0.000146
506 -0.000142
507 -0.000106
508 -0.000122
509 -0.000179
510 -0.000196
511 -0.000211
512 -0.000210
513 -0.000210
514 -0.000235
515 -0.000217
516 -0.000190
517 -0.000128
518 -0.000136
519 -0.000107
520 -0.000082
521 -0.000037
522 0.000028
523 0.000109
524 0.000132
525 0.000204
526 0.000222
527 0.000231
528 0.000249
529 0.000225
530 0.000243
531 0.000287
532 0.000326
533 0.000368
534 0.000406
535 0.000448
536 0.000451
537 0.000463
538 0.000458
539 0.000449
540 0.000380
541 0.000311
542 0.000201
543 0.000073
544 -0.000021
545 -0.000057
546 -0.000123
547 -0.000175
548 -0.000211
549 -0.000212
550 -0.000186
551 -0.000178
552 -0.000166
553 -0.000188
554 -0.000220
555 -0.000273
556 -0.000249
557 -0.000215
558 -0.000129
559 -0.000038
560 0.000017
561 0.000049
562 0.000039
563 0.000052
564 0.000041
565 0.000043
566 0.000038
567 0.000027
568 -0.000042
569 -0.000068
570 0.000013
571 0.000045
572 0.000089
573 0.000121
574 0.000117
575 0.000079
576 0.000048
577 0.000030
578 0.000078
579 0.000084
580 0.000116
581 0.000118
582 0.000134
583 0.000125
584 0.000114
585 0.000082
586 0.000069
587 0.000042
588 0.000070
589 0.000096
590 0.000065
591 0.000072
592 0.000082
593 0.000096
594 0.000110
595 0.000098
596 0.000069
597 0.000048
598 -0.000014
599 -0.000090
600 -0.000141
601 -0.000173
602 -0.000196
603 -0.000234
604 -0.000222
605 -0.000241
606 -0.000243
607 -0.000212
608 -0.000180
609 -0.000196
610 -0.000196
611 -0.000203
612 -0.000155
613 -0.000098
614 -0.000052
615 -0.000004
616 0.000058
617 0.000131
618 0.000181
619 0.000236
620 0.000288
621 0.000310
622 0.000303
623 0.000289
624 0.000267
625 0.000227
626 0.000220
627 0.000194
628 0.000150
629 0.000114
630 0.000078
631 0.000020
632 -0.000047
633 -0.000088
634 -0.000139
635 -0.000140
636 -0.000165
637 -0.000162
638 -0.000155
639 -0.000122
640 -0.000117
641 -0.000098
642 -0.000081
643 -0.000049
644 -0.000032
645 0.000021
646 0.000097
647 0.000186
648 0.000215
649 0.000231
650 0.000206
651 0.000194
652 0.000183
653 0.000194
654 0.000210
655 0.000209
656 0.000192
657 0.000181
658 0.000174
659 0.000171
660 0.000180
661 0.000203
662 0.000279
663 0.000326
664 0.000358
665 0.000411
666 0.000461
667 0.000496
668 0.000511
669 0.000526
670 0.000529
671 0.000548
672 0.000565
673 0.000575
674 0.000561
675 0.000546
676 0.000511
677 0.000494
678 0.000459
679 0.000392
680 0.000304
681 0.000252
682 0.000197
683 0.000131
684 0.000097
685 0.000069
686 0.000047
687 0.000025
688 -0.000024
689 -0.000109
690 -0.000163
691 -0.000201
692 -0.000204
693 -0.000203
694 -0.000132
695 -0.000057
696 0.000025
697 0.000066
698 0.000046
699 0.000046
700 0.000075
701 0.000096
702 0.000102
703 0.000106
704 0.000136
705 0.000147
706 0.000191
707 0.000237
708 0.000230
709 0.000241
710 0.000252
711 0.000255
712 0.000276
713 0.000283
714 0.000262
715 0.000254
716 0.000235
717 0.000199
718 0.000161
719 0.000178
720 0.000194
721 0.000196
722 0.000184
723 0.000151
724 0.000133
725 0.000085
726 0.000064
727 0.000034
728 0.000028
729 0.000024
730 0.000027
731 0.000031
732 -0.000005
733 -0.000067
734 -0.000115
735 -0.000183
736 -0.000221
737 -0.000226
738 -0.000215
739 -0.000199
740 -0.000200
741 -0.000187
742 -0.000192
743 -0.000197
744 -0.000196
745 -0.000195
746 -0.000211
747 -0.000223
748 -0.000238
749 -0.000233
750 -0.000204
751 -0.000193
752 -0.000169
753 -0.000158
754 -0.000138
755 -0.000140
756 -0.000147
757 -0.000163
758 -0.000178
759 -0.000188
760 -0.000202
761 -0.000172
762 -0.000141
763 -0.000130
764 -0.000124
765 -0.000112
766 -0.000144
767 -0.000187
768 -0.000253
769 -0.000318
770 -0.000379
771 -0.000432
772 -0.000455
773 -0.000494
774 -0.000531
775 -0.000554
776 -0.000574
777 -0.000572
778 -0.000596
779 -0.000608
780 -0.000593
781 -0.000587
782 -0.000624
783 -0.000632
784 -0.000626
785 -0.000606
786 -0.000596
787 -0.000575
788 -0.000559
789 -0.000517
790 -0.000506
791 -0.000489
792 -0.000493
793 -0.000494
794 -0.000489
795 -0.000468
796 -0.000471
797 -0.000476
798 -0.000474
799 -0.000476
800 -0.000467
801 -0.000479
802 -0.000473
803 -0.000478
804 -0.000464
805 -0.000463
806 -0.000450
807 -0.000440
808 -0.000407
809 -0.000390
