# i correlation
1 0.005456
2 0.004792
3 0.004284
4 0.003828
5 0.003452
6 0.003145
7 0.002849
8 0.002580
9 0.002278
10 0.002000
11 0.001788
12 0.001613
13 0.001479
14 0.001361
15 0.001272
16 0.001218
17 0.001159
18 0.001162
19 0.001212
20 0.001257
21 0.001214
22 0.001216
23 0.001220
24 0.001226
25 0.001248
26 0.001292
27 0.001233
28 0.001291
29 0.001271
30 0.001268
31 0.001289
32 0.001261
33 0.001310
34 0.001377
35 0.001444
36 0.001465
37 0.001400
38 0.001398
39 0.001380
40 0.001392
41 0.001404
42 0.001383
43 0.001361
44 0.001291
45 0.001246
46 0.001229
47 0.001262
48 0.001223
49 0.001172
50 0.001113
51 0.001016
52 0.000925
53 0.000814
54 0.000748
55 0.000707
56 0.000670
57 0.000631
58 0.000656
59 0.000721
60 0.000853
61 0.000992
62 0.001079
63 0.001060
64 0.001076
65 0.001069
66 0.001056
67 0.001113
68 0.001109
69 0.001056
70 0.001150
71 0.001249
72 0.001283
73 0.001317
74 0.001310
75 0.001355
76 0.001392
77 0.001365
78 0.001413
79 0.001458
80 0.001458
81 0.001514
82 0.001487
83 0.001448
84 0.001375
85 0.001258
86 0.001107
87 0.001007
88 0.000946
89 0.000905
90 0.000873
91 0.000903
92 0.000813
93 0.000674
94 0.000515
95 0.000422
96 0.000401
97 0.000299
98 0.000275
99 0.000390
100 0.000448
101 0.000496
102 0.000513
103 0.000472
104 0.000369
105 0.000220
106 0.000123
107 0.000142
108 0.000176
109 0.000251
110 0.000252
111 0.000258
112 0.000271
113 0.000263
114 0.000253
115 0.000378
116 0.000432
117 0.000493
118 0.000547
119 0.000541
120 0.000548
121 0.000575
122 0.000621
123 0.000645
124 0.000676
125 0.000676
126 0.000645
127 0.000643
128 0.000598
129 0.000530
130 0.000452
131 0.000457
132 0.000407
133 0.000305
134 0.000259
135 0.000203
136 0.000134
137 0.000178
138 0.000233
139 0.000243
140 0.000239
141 0.000289
142 0.000283
143 0.000368
144 0.000359
145 0.000283
146 0.000214
147 0.000153
148 0.000145
149 0.000128
150 0.000038
151 -0.000018
152 -0.000089
153 -0.000099
154 -0.000107
155 -0.000075
156 -0.000034
157 -0.000042
158 -0.000035
159 -0.000012
160 0.000058
161 0.000091
162 0.000202
163 0.000373
164 0.000477
165 0.000517
166 0.000508
167 0.000566
168 0.000544
169 0.000591
170 0.000526
171 0.000499
172 0.000508
173 0.000410
174 0.000423
175 0.000467
176 0.000482
177 0.000501
178 0.000469
179 0.000452
180 0.000404
181 0.000327
182 0.000318
183 0.000321
184 0.000260
185 0.000188
186 0.000106
187 0.000094
188 0.000107
189 0.000201
190 0.000322
191 0.000421
192 0.000379
193 0.000412
194 0.000407
195 0.000434
196 0.000421
197 0.000433
198 0.000456
199 0.000502
200 0.000589
201 0.000616
202 0.000650
203 0.000767
204 0.000770
205 0.000722
206 0.000702
207 0.000657
208 0.000574
209 0.000561
210 0.000574
211 0.000542
212 0.000475
213 0.000442
214 0.000415
215 0.000405
216 0.000372
217 0.000365
218 0.000327
219 0.000421
220 0.000400
221 0.000337
222 0.000356
223 0.000469
224 0.000562
225 0.000646
226 0.000683
227 0.000691
228 0.000662
229 0.000687
230 0.000700
231 0.000658
232 0.000633
233 0.000548
234 0.000465
235 0.000400
236 0.000390
237 0.000386
238 0.000435
239 0.000573
240 0.000609
241 0.000590
242 0.000607
243 0.000651
244 0.000706
245 0.000738
246 0.000753
247 0.000830
248 0.000841
249 0.000786
250 0.000800
251 0.000739
252 0.000714
253 0.000575
254 0.000474
255 0.000457
256 0.000424
257 0.000394
258 0.000443
259 0.000498
260 0.000530
261 0.000472
262 0.000462
263 0.000505
264 0.000611
265 0.000801
266 0.000933
267 0.000985
268 0.001039
269 0.001011
270 0.000943
271 0.000883
272 0.000803
273 0.000702
274 0.000625
275 0.000504
276 0.000365
277 0.000292
278 0.000257
279 0.000246
280 0.000243
281 0.000262
282 0.000309
283 0.000284
284 0.000346
285 0.000432
286 0.000527
287 0.000599
288 0.000613
289 0.000602
290 0.000658
291 0.000746
292 0.000837
293 0.000880
294 0.000964
295 0.000966
296 0.000899
297 0.000845
298 0.000825
299 0.000847
300 0.000809
301 0.000750
302 0.000646
303 0.000570
304 0.000477
305 0.000437
306 0.000473
307 0.000525
308 0.000574
309 0.000566
310 0.000614
311 0.000661
312 0.000670
313 0.000693
314 0.000748
315 0.000810
316 0.000783
317 0.000759
318 0.000780
319 0.000735
320 0.000754
321 0.000733
322 0.000722
323 0.000658
324 0.000550
325 0.000519
326 0.000484
327 0.000492
328 0.000553
329 0.000607
330 0.000684
331 0.000731
332 0.000705
333 0.000696
334 0.000691
335 0.000685
336 0.000644
337 0.000576
338 0.000570
339 0.000598
340 0.000540
341 0.000557
342 0.000572
343 0.000557
344 0.000566
345 0.000491
346 0.000482
347 0.000493
348 0.000506
349 0.000506
350 0.000506
351 0.000477
352 0.000401
353 0.000372
354 0.000360
355 0.000340
356 0.000317
357 0.000284
358 0.000287
359 0.000273
360 0.000247
361 0.000256
362 0.000319
363 0.000338
364 0.000369
365 0.000387
366 0.000436
367 0.000559
368 0.000741
369 0.000908
370 0.001042
371 0.001045
372 0.000996
373 0.000940
374 0.000917
375 0.000849
376 0.000787
377 0.000734
378 0.000762
379 0.000716
380 0.000664
381 0.000647
382 0.000597
383 0.000538
384 0.000483
385 0.000470
386 0.000471
387 0.000421
388 0.000418
389 0.000407
390 0.000407
391 0.000418
392 0.000451
393 0.000510
394 0.000529
395 0.000523
396 0.000507
397 0.000460
398 0.000397
399 0.000390
400 0.000368
401 0.000431
402 0.000428
403 0.000456
404 0.000500
405 0.000510
406 0.000601
407 0.000638
408 0.000696
409 0.000752
410 0.000805
411 0.000802
412 0.000843
413 0.000900
414 0.000963
415 0.000963
416 0.000969
417 0.000926
418 0.000799
419 0.000727
420 0.000620
421 0.000545
422 0.000483
423 0.000407
424 0.000309
425 0.000195
426 0.000128
427 0.000075
428 0.000026
429 0.000124
430 0.000214
431 0.000243
432 0.000320
433 0.000366
434 0.000416
435 0.000489
436 0.000537
437 0.000559
438 0.000574
439 0.000574
440 0.000563
441 0.000596
442 0.000706
443 0.000795
444 0.000810
445 0.000822
446 0.000823
447 0.000804
448 0.000808
449 0.000853
450 0.000842
451 0.000828
452 0.000785
453 0.000767
454 0.000730
455 0.000753
456 0.000725
457 0.000751
458 0.000765
459 0.000802
460 0.000765
461 0.000731
462 0.000763
463 0.000804
464 0.000798
465 0.000758
466 0.000732
467 0.000708
468 0.000677
469 0.000656
470 0.000613
471 0.000616
472 0.000541
473 0.000459
474 0.000388
475 0.000319
476 0.000223
477 0.000251
478 0.000225
479 0.000212
480 0.000159
481 0.000065
482 0.000026
483 0.000037
484 0.000039
485 0.000077
486 0.000069
487 0.000089
488 0.000143
489 0.000163
490 0.000190
491 0.000223
492 0.000288
493 0.000306
494 0.000385
495 0.000451
496 0.000483
497 0.000560
498 0.000554
499 0.000498
500 0.000417
501 0.000347
502 0.000289
503 0.000191
504 0.000110
505 0.000113
506 0.000079
507 0.000040
508 0.000022
509 0.000010
510 0.000018
511 0.000035
512 0.000012
513 0.000070
514 0.000094
515 0.000074
516 0.000044
517 0.000067
518 0.000106
519 0.000083
520 0.000051
521 0.000014
522 -0.000026
523 -0.000037
524 0.000006
525 0.000095
526 0.000163
527 0.000148
528 0.000151
529 0.000155
530 0.000182
531 0.000205
532 0.000218
533 0.000285
534 0.000342
535 0.000340
536 0.000314
537 0.000331
538 0.000391
539 0.000404
540 0.000348
541 0.000318
542 0.000254
543 0.000162
544 0.000181
545 0.000194
546 0.000195
547 0.000202
548 0.000181
549 0.000118
550 0.000115
551 0.000083
552 0.000047
553 0.000048
554 0.000037
555 -0.000031
556 -0.000041
557 -0.000068
558 -0.000026
559 0.000047
560 0.000068
561 0.000083
562 0.000060
563 0.000031
564 0.000005
565 -0.000054
566 -0.000090
567 -0.000124
568 -0.000116
569 -0.000076
570 -0.000038
571 -0.000012
572 0.000041
573 0.000131
574 0.000156
575 0.000208
576 0.000268
577 0.000341
578 0.000389
579 0.000414
580 0.000448
581 0.000514
582 0.000499
583 0.000432
584 0.000385
585 0.000362
586 0.000368
587 0.000364
588 0.000373
589 0.000366
590 0.000323
591 0.000288
592 0.000248
593 0.000196
594 0.000217
595 0.000240
596 0.000248
597 0.000263
598 0.000278
599 0.000285
600 0.000267
601 0.000274
602 0.000247
603 0.000188
604 0.000112
605 0.000091
606 0.000098
607 0.000092
608 0.000093
609 0.000125
610 0.000158
611 0.000166
612 0.000177
613 0.000186
614 0.000204
615 0.000139
616 0.000078
617 0.000095
618 0.000121
619 0.000098
620 0.000125
621 0.000134
622 0.000085
623 0.000064
624 0.000061
625 0.000078
626 0.000133
627 0.000140
628 0.000169
629 0.000225
630 0.000192
631 0.000160
632 0.000149
633 0.000173
634 0.000214
635 0.000265
636 0.000328
637 0.000394
638 0.000403
639 0.000386
640 0.000395
641 0.000404
642 0.000405
643 0.000426
644 0.000416
645 0.000408
646 0.000422
647 0.000359
648 0.000350
649 0.000384
650 0.000385
651 0.000377
652 0.000406
653 0.000415
654 0.000447
655 0.000491
656 0.000529
657 0.000568
658 0.000572
659 0.000600
660 0.000664
661 0.000757
662 0.000867
663 0.000914
664 0.000887
665 0.000868
666 0.000826
667 0.000769
668 0.000750
669 0.000760
670 0.000744
671 0.000706
672 0.000700
673 0.000680
674 0.000634
675 0.000599
676 0.000568
677 0.000554
678 0.000574
679 0.000607
680 0.000611
681 0.000654
682 0.000616
683 0.000545
684 0.000532
685 0.000566
686 0.000586
687 0.000572
688 0.000583
689 0.000580
690 0.000597
691 0.000575
692 0.000536
693 0.000497
694 0.000480
695 0.000447
696 0.000439
697 0.000450
698 0.000490
699 0.000512
700 0.000535
701 0.000569
702 0.000605
703 0.000641
704 0.000659
705 0.000632
706 0.000605
707 0.000641
708 0.000660
709 0.000684
710 0.000717
711 0.000706
712 0.000677
713 0.000665
714 0.000666
715 0.000641
716 0.000645
717 0.000621
718 0.000563
719 0.000522
720 0.000483
721 0.000470
722 0.000475
723 0.000476
724 0.000507
725 0.000491
726 0.000450
727 0.000458
728 0.000511
729 0.000571
730 0.000590
731 0.000581
732 0.000568
733 0.000556
734 0.000568
735 0.000591
736 0.000645
737 0.000706
738 0.000731
739 0.000747
740 0.000759
741 0.000765
742 0.000793
743 0.000823
744 0.000877
745 0.000901
746 0.000878
747 0.000845
748 0.000831
749 0.000826
750 0.000810
751 0.000803
752 0.000834
753 0.000836
754 0.000843
755 0.000811
756 0.000793
757 0.000804
758 0.000818
759 0.000805
760 0.000814
761 0.000827
762 0.000857
763 0.000882
764 0.000895
765 0.000879
766 0.000846
767 0.000781
768 0.000707
769 0.000662
770 0.000641
771 0.000636
772 0.000623
773 0.000598
774 0.000557
775 0.000513
776 0.000457
777 0.000452
778 0.000476
779 0.000469
780 0.000475
781 0.000472
782 0.000470
783 0.000450
784 0.000433
785 0.000430
786 0.000443
787 0.000428
788 0.000415
789 0.000409
790 0.000384
791 0.000345
792 0.000309
793 0.000282
794 0.000224
795 0.000168
796 0.000136
797 0.000143
798 0.000162
799 0.000148
800 0.000167
801 0.000185
802 0.000195
803 0.000203
804 0.000214
805 0.000233
806 0.000269
807 0.000271
808 0.000263
809 0.000238
