# i correlation
1 0.005595
2 0.004968
3 0.004575
4 0.004204
5 0.003807
6 0.003500
7 0.003224
8 0.002996
9 0.002889
10 0.002713
11 0.002545
12 0.002457
13 0.002314
14 0.002173
15 0.002097
16 0.002056
17 0.001998
18 0.002034
19 0.002002
20 0.001945
21 0.001860
22 0.001801
23 0.001734
24 0.001704
25 0.001664
26 0.001654
27 0.001589
28 0.001478
29 0.001334
30 0.001210
31 0.001122
32 0.001079
33 0.001054
34 0.001002
35 0.001018
36 0.001032
37 0.001025
38 0.000972
39 0.000987
40 0.000957
41 0.000877
42 0.000882
43 0.000892
44 0.000895
45 0.000852
46 0.000826
47 0.000699
48 0.000625
49 0.000638
50 0.000570
51 0.000622
52 0.000676
53 0.000722
54 0.000680
55 0.000674
56 0.000595
57 0.000480
58 0.000430
59 0.000395
60 0.000344
61 0.000395
62 0.000459
63 0.000496
64 0.000634
65 0.000722
66 0.000744
67 0.000743
68 0.000778
69 0.000760
70 0.000813
71 0.000933
72 0.000984
73 0.001031
74 0.001095
75 0.001170
76 0.001171
77 0.001243
78 0.001280
79 0.001325
80 0.001324
81 0.001215
82 0.001176
83 0.001090
84 0.001024
85 0.000954
86 0.000845
87 0.000710
88 0.000692
89 0.000634
90 0.000545
91 0.000450
92 0.000300
93 0.000085
94 -0.000076
95 -0.000117
96 -0.000142
97 -0.000143
98 -0.000145
99 -0.000160
100 -0.000168
101 -0.000155
102 -0.000180
103 -0.000200
104 -0.000137
105 0.000005
106 0.000052
107 0.000166
108 0.000294
109 0.000361
110 0.000370
111 0.000257
112 0.000167
113 0.000063
114 0.000033
115 -0.000050
116 -0.000108
117 -0.000063
118 -0.000029
119 0.000019
120 -0.000025
121 -0.000099
122 -0.000173
123 -0.000175
124 -0.000165
125 -0.000201
126 -0.000191
127 -0.000178
128 -0.000129
129 -0.000057
130 -0.000032
131 -0.000045
132 -0.000052
133 -0.000057
134 -0.000074
135 -0.000111
136 -0.000138
137 -0.000153
138 -0.000161
139 -0.000132
140 -0.000125
141 -0.000058
142 -0.000012
143 0.000030
144 0.000153
145 0.000198
146 0.000261
147 0.000309
148 0.000372
149 0.000401
150 0.000457
151 0.000471
152 0.000526
153 0.000602
154 0.000663
155 0.000630
156 0.000659
157 0.000601
158 0.000535
159 0.000485
160 0.000436
161 0.000354
162 0.000265
163 0.000191
164 0.000057
165 -0.000023
166 -0.000102
167 -0.000263
168 -0.000300
169 -0.000284
170 -0.000268
171 -0.000307
172 -0.000284
173 -0.000282
174 -0.000286
175 -0.000346
176 -0.000388
177 -0.000445
178 -0.000405
179 -0.000392
180 -0.000366
181 -0.000297
182 -0.000293
183 -0.000295
184 -0.000215
185 -0.000097
186 -0.000130
187 -0.000146
188 -0.000146
189 -0.000126
190 -0.000142
191 -0.000160
192 -0.000163
193 -0.000162
194 -0.000114
195 -0.000072
196 -0.000034
197 0.000002
198 0.000034
199 0.000090
200 0.000076
201 0.000015
202 -0.000029
203 -0.000098
204 -0.000124
205 -0.000101
206 -0.000100
207 -0.000072
208 -0.000015
209 0.000009
210 -0.000060
211 -0.000065
212 -0.000054
213 -0.000081
214 -0.000102
215 -0.000061
216 -0.000072
217 -0.000038
218 -0.000017
219 0.000048
220 0.000105
221 0.000171
222 0.000172
223 0.000143
224 0.000167
225 0.000231
226 0.000260
227 0.000326
228 0.000301
229 0.000303
230 0.000319
231 0.000336
232 0.000319
233 0.000322
234 0.000345
235 0.000362
236 0.000437
237 0.000505
238 0.000579
239 0.000539
240 0.000454
241 0.000429
242 0.000411
243 0.000375
244 0.000332
245 0.000272
246 0.000186
247 0.000125
248 0.000112
249 0.000060
250 -0.000015
251 0.000011
252 -0.000006
253 -0.000005
254 0.000005
255 -0.000069
256 -0.000098
257 -0.000093
258 -0.000132
259 -0.000137
260 -0.000037
261 0.000066
262 0.000127
263 0.000218
264 0.000337
265 0.000372
266 0.000414
267 0.000419
268 0.000383
269 0.000365
270 0.000457
271 0.000507
272 0.000426
273 0.000377
274 0.000328
275 0.000357
276 0.000324
277 0.000234
278 0.000154
279 0.000165
280 0.000181
281 0.000102
282 0.000056
283 0.000056
284 0.000053
285 0.000034
286 0.000036
287 0.000066
288 0.000114
289 0.000187
290 0.000257
291 0.000326
292 0.000364
293 0.000397
294 0.000397
295 0.000329
296 0.000268
297 0.000289
298 0.000283
299 0.000311
300 0.000320
301 0.000306
302 0.000354
303 0.000386
304 0.000425
305 0.000432
306 0.000464
307 0.000487
308 0.000469
309 0.000494
310 0.000564
311 0.000529
312 0.000446
313 0.000439
314 0.000436
315 0.000399
316 0.000463
317 0.000499
318 0.000505
319 0.000466
320 0.000403
321 0.000349
322 0.000318
323 0.000215
324 0.000120
325 0.000105
326 0.000123
327 0.000136
328 0.000161
329 0.000158
330 0.000111
331 0.000063
332 -0.000012
333 -0.000115
334 -0.000148
335 -0.000163
336 -0.000229
337 -0.000316
338 -0.000365
339 -0.000378
340 -0.000432
341 -0.000416
342 -0.000397
343 -0.000337
344 -0.000264
345 -0.000171
346 -0.000120
347 -0.000127
348 -0.000097
349 -0.000072
350 -0.000040
351 -0.000048
352 -0.000136
353 -0.000096
354 -0.000054
355 -0.000048
356 -0.000064
357 -0.000066
358 -0.000137
359 -0.000196
360 -0.000267
361 -0.000320
362 -0.000345
363 -0.000357
364 -0.000429
365 -0.000397
366 -0.000409
367 -0.000419
368 -0.000454
369 -0.000466
370 -0.000473
371 -0.000437
372 -0.000436
373 -0.000444
374 -0.000412
375 -0.000374
376 -0.000381
377 -0.000408
378 -0.000397
379 -0.000397
380 -0.000364
381 -0.000270
382 -0.000240
383 -0.000234
384 -0.000245
385 -0.000220
386 -0.000254
387 -0.000285
388 -0.000326
389 -0.000320
390 -0.000261
391 -0.000264
392 -0.000276
393 -0.000248
394 -0.000252
395 -0.000238
396 -0.000248
397 -0.000261
398 -0.000230
399 -0.000166
400 -0.000126
401 -0.000089
402 -0.000016
403 -0.000007
404 -0.000025
405 -0.000007
406 0.000086
407 0.000175
408 0.000194
409 0.000245
410 0.000299
411 0.000343
412 0.000326
413 0.000261
414 0.000259
415 0.000276
416 0.000289
417 0.000299
418 0.000369
419 0.000483
420 0.000537
421 0.000560
422 0.000588
423 0.000655
424 0.000678
425 0.000672
426 0.000676
427 0.000724
428 0.000788
429 0.000836
430 0.000839
431 0.000804
432 0.000753
433 0.000768
434 0.000763
435 0.000714
436 0.000720
437 0.000640
438 0.000535
439 0.000446
440 0.000378
441 0.000316
442 0.000260
443 0.000203
444 0.000160
445 0.000171
446 0.000210
447 0.000194
448 0.000182
449 0.000229
450 0.000261
451 0.000281
452 0.000288
453 0.000290
454 0.000289
455 0.000282
456 0.000250
457 0.000159
458 0.000172
459 0.000163
460 0.000203
461 0.000203
462 0.000192
463 0.000202
464 0.000245
465 0.000225
466 0.000158
467 0.000120
468 0.000073
469 0.000019
470 -0.000042
471 -0.000072
472 -0.000014
473 0.000052
474 0.000061
475 0.000052
476 0.000023
477 -0.000031
478 -0.000055
479 -0.000053
480 -0.000095
481 -0.000145
482 -0.000157
483 -0.000129
484 -0.000055
485 0.000005
486 0.000053
487 0.000098
488 0.000134
489 0.000167
490 0.000186
491 0.000204
492 0.000211
493 0.000154
494 0.000133
495 0.000211
496 0.000240
497 0.000256
498 0.000314
499 0.000389
500 0.000417
501 0.000411
502 0.000411
503 0.000367
504 0.000357
505 0.000376
506 0.000371
507 0.000416
508 0.000439
509 0.000433
510 0.000403
511 0.000475
512 0.000431
513 0.000415
514 0.000437
515 0.000410
516 0.000333
517 0.000265
518 0.000193
519 0.000140
520 0.000069
521 -0.000004
522 -0.000116
523 -0.000179
524 -0.000218
525 -0.000215
526 -0.000199
527 -0.000146
528 -0.000116
529 -0.000045
530 -0.000007
531 0.000052
532 0.000084
533 0.000104
534 0.000127
535 0.000132
536 0.000116
537 0.000110
538 0.000111
539 0.000132
540 0.000161
541 0.000156
542 0.000112
543 0.000088
544 0.000052
545 -0.000015
546 -0.000064
547 -0.000103
548 -0.000155
549 -0.000202
550 -0.000188
551 -0.000158
552 -0.000159
553 -0.000133
554 -0.000108
555 -0.000052
556 -0.000011
557 -0.000035
558 -0.000039
559 0.000016
560 0.000069
561 0.000072
562 0.000102
563 0.000144
564 0.000178
565 0.000217
566 0.000222
567 0.000201
568 0.000151
569 0.000138
570 0.000178
571 0.000170
572 0.000159
573 0.000162
574 0.000158
575 0.000098
576 0.000058
577 0.000029
578 -0.000008
579 -0.000039
580 0.000001
581 0.000045
582 0.000080
583 0.000100
584 0.000130
585 0.000141
586 0.000158
587 0.000206
588 0.000237
589 0.000221
590 0.000160
591 0.000115
592 0.000114
593 0.000112
594 0.000074
595 0.000009
596 -0.000046
597 -0.000063
598 -0.000102
599 -0.000135
600 -0.000204
601 -0.000260
602 -0.000273
603 -0.000297
604 -0.000301
605 -0.000289
606 -0.000273
607 -0.000259
608 -0.000213
609 -0.000175
610 -0.000153
611 -0.000160
612 -0.000198
613 -0.000218
614 -0.000186
615 -0.000196
616 -0.000229
617 -0.000251
618 -0.000261
619 -0.000254
620 -0.000248
621 -0.000261
622 -0.000294
623 -0.000282
624 -0.000265
625 -0.000275
626 -0.000338
627 -0.000376
628 -0.000404
629 -0.000427
630 -0.000445
631 -0.000445
632 -0.000423
633 -0.000402
634 -0.000367
635 -0.000329
636 -0.000266
637 -0.000212
638 -0.000147
639 -0.000114
640 -0.000098
641 -0.000075
642 -0.000051
643 -0.000043
644 -0.000031
645 0.000007
646 0.000023
647 -0.000013
648 -0.000009
649 0.000011
650 0.000033
651 0.000066
652 0.000106
653 0.000124
654 0.000129
655 0.000150
656 0.000170
657 0.000151
658 0.000165
659 0.000173
660 0.000211
661 0.000234
662 0.000230
663 0.000249
664 0.000243
665 0.000223
666 0.000209
667 0.000227
668 0.000235
669 0.000253
670 0.000298
671 0.000351
672 0.000413
673 0.000508
674 0.000543
675 0.000558
676 0.000560
677 0.000538
678 0.000503
679 0.000492
680 0.000475
681 0.000493
682 0.000507
683 0.000528
684 0.000552
685 0.000585
686 0.000598
687 0.000600
688 0.000616
689 0.000665
690 0.000693
691 0.000706
692 0.000708
693 0.000690
694 0.000689
695 0.000716
696 0.000731
697 0.000716
698 0.000715
699 0.000768
700 0.000808
701 0.000803
702 0.000785
703 0.000776
704 0.000771
705 0.000746
706 0.000737
707 0.000708
708 0.000687
709 0.000661
710 0.000639
711 0.000631
712 0.000645
713 0.000697
714 0.000720
715 0.000774
716 0.000830
717 0.000854
718 0.000872
719 0.000888
720 0.000936
721 0.000993
722 0.001019
723 0.001008
724 0.001013
725 0.001014
726 0.001000
727 0.000994
728 0.001014
729 0.000996
730 0.000979
731 0.000945
732 0.000946
733 0.000994
734 0.001027
735 0.001041
736 0.001044
737 0.001040
738 0.001039
739 0.001052
740 0.001104
741 0.001132
742 0.001141
743 0.001159
744 0.001166
745 0.001140
746 0.001105
747 0.001087
748 0.001082
749 0.001075
750 0.001086
751 0.001084
752 0.001079
753 0.001062
754 0.001039
755 0.001040
756 0.001024
757 0.001006
758 0.001019
759 0.001040
760 0.001028
761 0.001024
762 0.001002
763 0.000977
764 0.000954
765 0.000947
766 0.000917
767 0.000885
768 0.000873
769 0.000857
770 0.000834
771 0.000810
772 0.000791
773 0.000746
774 0.000700
775 0.000666
776 0.000637
777 0.000640
778 0.000655
779 0.000672
780 0.000684
781 0.000685
782 0.000686
783 0.000684
784 0.000673
785 0.000652
786 0.000644
787 0.000627
788 0.000568
789 0.000523
790 0.000472
791 0.000450
792 0.000430
793 0.000434
794 0.000428
795 0.000429
796 0.000434
797 0.000461
798 0.000468
799 0.000456
800 0.000455
801 0.000470
802 0.000463
803 0.000449
804 0.000469
805 0.000478
806 0.000456
807 0.000444
808 0.000445
809 0.000443
