# i correlation
1 0.006692
2 0.006039
3 0.005533
4 0.005104
5 0.004771
6 0.004381
7 0.004030
8 0.003788
9 0.003538
10 0.003318
11 0.003037
12 0.002762
13 0.002527
14 0.002393
15 0.002374
16 0.002328
17 0.002247
18 0.002276
19 0.002291
20 0.002219
21 0.002155
22 0.002034
23 0.002004
24 0.001933
25 0.001683
26 0.001468
27 0.001307
28 0.001154
29 0.001073
30 0.001001
31 0.000913
32 0.000858
33 0.000833
34 0.000867
35 0.000888
36 0.000832
37 0.000820
38 0.000876
39 0.000986
40 0.001110
41 0.001163
42 0.001262
43 0.001334
44 0.001422
45 0.001470
46 0.001453
47 0.001380
48 0.001209
49 0.001081
50 0.000929
51 0.000814
52 0.000765
53 0.000741
54 0.000694
55 0.000666
56 0.000614
57 0.000618
58 0.000576
59 0.000614
60 0.000682
61 0.000779
62 0.000887
63 0.001002
64 0.001092
65 0.001130
66 0.001060
67 0.001091
68 0.001022
69 0.001020
70 0.001115
71 0.001077
72 0.001115
73 0.001081
74 0.001004
75 0.000999
76 0.001034
77 0.001057
78 0.001071
79 0.001058
80 0.001043
81 0.001066
82 0.001059
83 0.000996
84 0.000899
85 0.000857
86 0.000839
87 0.000768
88 0.000780
89 0.000749
90 0.000735
91 0.000831
92 0.000881
93 0.000953
94 0.001056
95 0.001090
96 0.001142
97 0.001251
98 0.001314
99 0.001454
100 0.001550
101 0.001711
102 0.001801
103 0.001854
104 0.001896
105 0.001959
106 0.002012
107 0.002087
108 0.002090
109 0.002165
110 0.002222
111 0.002178
112 0.002164
113 0.002038
114 0.001987
115 0.002022
116 0.002054
117 0.002089
118 0.002084
119 0.002038
120 0.002070
121 0.002066
122 0.002085
123 0.002003
124 0.001931
125 0.001948
126 0.001957
127 0.001967
128 0.002039
129 0.002040
130 0.002025
131 0.002044
132 0.002032
133 0.002038
134 0.002044
135 0.001984
136 0.001939
137 0.001909
138 0.001943
139 0.001923
140 0.001911
141 0.001972
142 0.002001
143 0.001950
144 0.001919
145 0.001918
146 0.001882
147 0.001868
148 0.001758
149 0.001614
150 0.001562
151 0.001442
152 0.001407
153 0.001383
154 0.001327
155 0.001237
156 0.001148
157 0.001050
158 0.001011
159 0.000943
160 0.000853
161 0.000831
162 0.000868
163 0.000877
164 0.000901
165 0.000844
166 0.000782
167 0.000774
168 0.000748
169 0.000770
170 0.000806
171 0.000876
172 0.000891
173 0.000964
174 0.001040
175 0.001087
176 0.001133
177 0.001285
178 0.001357
179 0.001389
180 0.001353
181 0.001345
182 0.001364
183 0.001340
184 0.001267
185 0.001208
186 0.001159
187 0.001143
188 0.001104
189 0.000994
190 0.000900
191 0.000798
192 0.000801
193 0.000754
194 0.000703
195 0.000599
196 0.000474
197 0.000511
198 0.000619
199 0.000638
200 0.000633
201 0.000616
202 0.000521
203 0.000456
204 0.000408
205 0.000355
206 0.000356
207 0.000326
208 0.000328
209 0.000344
210 0.000385
211 0.000479
212 0.000530
213 0.000557
214 0.000543
215 0.000539
216 0.000607
217 0.000725
218 0.000830
219 0.000917
220 0.001012
221 0.001082
222 0.001206
223 0.001339
224 0.001489
225 0.001603
226 0.001662
227 0.001698
228 0.001654
229 0.001610
230 0.001562
231 0.001490
232 0.001522
233 0.001490
234 0.001462
235 0.001428
236 0.001391
237 0.001389
238 0.001361
239 0.001352
240 0.001396
241 0.001426
242 0.001493
243 0.001502
244 0.001501
245 0.001502
246 0.001484
247 0.001519
248 0.001511
249 0.001500
250 0.001480
251 0.001482
252 0.001469
253 0.001473
254 0.001478
255 0.001467
256 0.001413
257 0.001387
258 0.001339
259 0.001395
260 0.001458
261 0.001448
262 0.001456
263 0.001437
264 0.001493
265 0.001489
266 0.001402
267 0.001317
268 0.001217
269 0.001203
270 0.001247
271 0.001262
272 0.001283
273 0.001212
274 0.001159
275 0.001120
276 0.001106
277 0.001031
278 0.001024
279 0.001022
280 0.000999
281 0.001020
282 0.001020
283 0.001032
284 0.001004
285 0.000946
286 0.000928
287 0.000953
288 0.000970
289 0.000988
290 0.000981
291 0.000945
292 0.000908
293 0.000881
294 0.000858
295 0.000850
296 0.000820
297 0.000768
298 0.000720
299 0.000792
300 0.000845
301 0.000833
302 0.000866
303 0.000894
304 0.000909
305 0.000904
306 0.000917
307 0.000944
308 0.000918
309 0.000931
310 0.000910
311 0.000881
312 0.000811
313 0.000676
314 0.000599
315 0.000537
316 0.000493
317 0.000467
318 0.000444
319 0.000406
320 0.000381
321 0.000366
322 0.000336
323 0.000300
324 0.000228
325 0.000204
326 0.000309
327 0.000346
328 0.000387
329 0.000403
330 0.000420
331 0.000457
332 0.000433
333 0.000428
334 0.000453
335 0.000451
336 0.000463
337 0.000410
338 0.000333
339 0.000320
340 0.000257
341 0.000255
342 0.000310
343 0.000299
344 0.000286
345 0.000339
346 0.000397
347 0.000430
348 0.000446
349 0.000410
350 0.000394
351 0.000461
352 0.000591
353 0.000727
354 0.000899
355 0.001017
356 0.001131
357 0.001246
358 0.001362
359 0.001429
360 0.001454
361 0.001514
362 0.001523
363 0.001606
364 0.001604
365 0.001602
366 0.001636
367 0.001594
368 0.001536
369 0.001521
370 0.001556
371 0.001625
372 0.001664
373 0.001647
374 0.001627
375 0.001614
376 0.001621
377 0.001652
378 0.001632
379 0.001637
380 0.001658
381 0.001685
382 0.001696
383 0.001615
384 0.001520
385 0.001451
386 0.001350
387 0.001289
388 0.001176
389 0.001082
390 0.000971
391 0.000865
392 0.000799
393 0.000711
394 0.000624
395 0.000568
396 0.000499
397 0.000473
398 0.000497
399 0.000496
400 0.000587
401 0.000699
402 0.000753
403 0.000836
404 0.000936
405 0.000987
406 0.001027
407 0.001017
408 0.000981
409 0.000974
410 0.000973
411 0.001008
412 0.001035
413 0.000957
414 0.000840
415 0.000822
416 0.000809
417 0.000804
418 0.000795
419 0.000815
420 0.000770
421 0.000781
422 0.000786
423 0.000843
424 0.000969
425 0.001059
426 0.001090
427 0.001096
428 0.001143
429 0.001157
430 0.001167
431 0.001202
432 0.001215
433 0.001281
434 0.001311
435 0.001314
436 0.001297
437 0.001276
438 0.001250
439 0.001180
440 0.001130
441 0.001041
442 0.000998
443 0.000903
444 0.000830
445 0.000793
446 0.000823
447 0.000833
448 0.000829
449 0.000844
450 0.000791
451 0.000788
452 0.000834
453 0.000829
454 0.000789
455 0.000752
456 0.000750
457 0.000787
458 0.000770
459 0.000749
460 0.000689
461 0.000610
462 0.000562
463 0.000475
464 0.000481
465 0.000495
466 0.000468
467 0.000443
468 0.000486
469 0.000468
470 0.000465
471 0.000484
472 0.000495
473 0.000534
474 0.000554
475 0.000599
476 0.000666
477 0.000688
478 0.000699
479 0.000723
480 0.000829
481 0.000915
482 0.000943
483 0.000959
484 0.000964
485 0.000907
486 0.000866
487 0.000810
488 0.000813
489 0.000823
490 0.000790
491 0.000766
492 0.000771
493 0.000739
494 0.000731
495 0.000699
496 0.000646
497 0.000642
498 0.000630
499 0.000670
500 0.000723
501 0.000759
502 0.000789
503 0.000841
504 0.000879
505 0.000892
506 0.000862
507 0.000823
508 0.000732
509 0.000679
510 0.000664
511 0.000604
512 0.000589
513 0.000581
514 0.000570
515 0.000551
516 0.000541
517 0.000457
518 0.000409
519 0.000430
520 0.000427
521 0.000469
522 0.000482
523 0.000510
524 0.000555
525 0.000615
526 0.000662
527 0.000654
528 0.000607
529 0.000605
530 0.000601
531 0.000578
532 0.000534
533 0.000518
534 0.000538
535 0.000561
536 0.000582
537 0.000617
538 0.000624
539 0.000633
540 0.000689
541 0.000729
542 0.000771
543 0.000831
544 0.000876
545 0.000986
546 0.001053
547 0.001071
548 0.001045
549 0.001016
550 0.001005
551 0.000973
552 0.000897
553 0.000899
554 0.000919
555 0.000887
556 0.000899
557 0.000900
558 0.000898
559 0.000903
560 0.000896
561 0.000887
562 0.000838
563 0.000792
564 0.000781
565 0.000794
566 0.000805
567 0.000814
568 0.000810
569 0.000828
570 0.000812
571 0.000821
572 0.000763
573 0.000669
574 0.000614
575 0.000590
576 0.000530
577 0.000505
578 0.000488
579 0.000494
580 0.000519
581 0.000553
582 0.000594
583 0.000674
584 0.000701
585 0.000744
586 0.000852
587 0.000935
588 0.000974
589 0.000966
590 0.000998
591 0.000979
592 0.000920
593 0.000873
594 0.000799
595 0.000751
596 0.000737
597 0.000658
598 0.000645
599 0.000618
600 0.000614
601 0.000626
602 0.000682
603 0.000737
604 0.000815
605 0.000883
606 0.000961
607 0.001016
608 0.001004
609 0.001001
610 0.001034
611 0.001032
612 0.001000
613 0.000936
614 0.000854
615 0.000804
616 0.000743
617 0.000701
618 0.000679
619 0.000640
620 0.000566
621 0.000505
622 0.000472
623 0.000457
624 0.000432
625 0.000440
626 0.000466
627 0.000485
628 0.000481
629 0.000475
630 0.000510
631 0.000523
632 0.000527
633 0.000489
634 0.000486
635 0.000521
636 0.000550
637 0.000546
638 0.000503
639 0.000479
640 0.000441
641 0.000416
642 0.000414
643 0.000371
644 0.000363
645 0.000400
646 0.000454
647 0.000507
648 0.000537
649 0.000579
650 0.000681
651 0.000773
652 0.000811
653 0.000860
654 0.000852
655 0.000851
656 0.000851
657 0.000894
658 0.000921
659 0.000956
660 0.000979
661 0.000962
662 0.000954
663 0.000948
664 0.000919
665 0.000937
666 0.000965
667 0.000961
668 0.000986
669 0.001017
670 0.001014
671 0.000998
672 0.000962
673 0.000905
674 0.000900
675 0.000899
676 0.000880
677 0.000875
678 0.000875
679 0.000906
680 0.000925
681 0.000929
682 0.000914
683 0.000908
684 0.000936
685 0.000935
686 0.000886
687 0.000867
688 0.000872
689 0.000920
690 0.000924
691 0.000918
692 0.000911
693 0.000911
694 0.000903
695 0.000872
696 0.000824
697 0.000815
698 0.000805
699 0.000831
700 0.000837
701 0.000819
702 0.000813
703 0.000829
704 0.000835
705 0.000793
706 0.000755
707 0.000738
708 0.000711
709 0.000698
710 0.000678
711 0.000667
712 0.000689
713 0.000720
714 0.000719
715 0.000711
716 0.000674
717 0.000676
718 0.000680
719 0.000660
720 0.000678
721 0.000681
722 0.000698
723 0.000707
724 0.000721
725 0.000694
726 0.000621
727 0.000596
728 0.000624
729 0.000611
730 0.000584
731 0.000573
732 0.000623
733 0.000655
734 0.000679
735 0.000692
736 0.000698
737 0.000706
738 0.000753
739 0.000762
740 0.000751
741 0.000760
742 0.000770
743 0.000810
744 0.000830
745 0.000832
746 0.000847
747 0.000858
748 0.000840
749 0.000796
750 0.000730
751 0.000677
752 0.000668
753 0.000655
754 0.000637
755 0.000601
756 0.000573
757 0.000554
758 0.000516
759 0.000480
760 0.000459
761 0.000433
762 0.000409
763 0.000402
764 0.000406
765 0.000394
766 0.000375
767 0.000387
768 0.000367
769 0.000342
770 0.000318
771 0.000275
772 0.000235
773 0.000189
774 0.000149
775 0.000102
776 0.000058
777 0.000010
778 -0.000005
779 -0.000004
780 -0.000004
781 0.000002
782 0.000023
783 0.000044
784 0.000073
785 0.000119
786 0.000124
787 0.000181
788 0.000232
789 0.000268
790 0.000286
791 0.000294
792 0.000320
793 0.000344
794 0.000354
795 0.000349
796 0.000334
797 0.000333
798 0.000318
799 0.000294
800 0.000295
801 0.000305
802 0.000309
803 0.000341
804 0.000346
805 0.000381
806 0.000394
807 0.000416
808 0.000428
809 0.000448
