# time covered_sites
0.010000 1530.000000
0.020000 2846.000000
0.030000 3918.000000
0.040000 4950.000000
0.050000 5898.000000
0.060000 6702.000000
0.070000 7324.000000
0.080000 7868.000000
0.090000 8430.000000
0.100000 8822.000000
0.110000 9300.000000
0.120000 9610.000000
0.130000 9904.000000
0.140000 10110.000000
0.150000 10288.000000
0.160000 10404.000000
0.170000 10512.000000
0.180000 10666.000000
0.190000 10850.000000
0.200000 10866.000000
0.210000 11032.000000
0.220000 11130.000000
0.230000 11212.000000
0.240000 11232.000000
0.250000 11334.000000
0.260000 11418.000000
0.270000 11344.000000
0.280000 11332.000000
0.290000 11394.000000
0.300000 11492.000000
0.310000 11474.000000
0.320000 11442.000000
0.330000 11482.000000
0.340000 11524.000000
0.350000 11542.000000
0.360000 11658.000000
0.370000 11696.000000
0.380000 11688.000000
0.390000 11676.000000
0.400000 11738.000000
0.410000 11714.000000
0.420000 11690.000000
0.430000 11790.000000
0.440000 11942.000000
0.450000 11944.000000
0.460000 11876.000000
0.470000 11874.000000
0.480000 11916.000000
0.490000 11856.000000
0.500000 11932.000000
0.510000 11942.000000
0.520000 11868.000000
0.530000 11932.000000
0.540000 11982.000000
0.550000 12030.000000
0.560000 12060.000000
0.570000 12034.000000
0.580000 11994.000000
0.590000 12026.000000
0.600000 12048.000000
0.610000 12006.000000
0.620000 12078.000000
0.630000 12092.000000
0.640000 11980.000000
0.650000 11972.000000
0.660000 11948.000000
0.670000 11878.000000
0.680000 11826.000000
0.690000 11898.000000
0.700000 11948.000000
0.710000 11956.000000
0.720000 12000.000000
0.730000 11956.000000
0.740000 12036.000000
0.750000 12118.000000
0.760000 12146.000000
0.770000 12026.000000
0.780000 12092.000000
0.790000 11980.000000
0.800000 12022.000000
0.810000 12038.000000
0.820000 12020.000000
0.830000 12064.000000
0.840000 12124.000000
0.850000 12018.000000
0.860000 12076.000000
0.870000 12088.000000
0.880000 12094.000000
0.890000 12108.000000
0.900000 12202.000000
0.910000 12136.000000
0.920000 12164.000000
0.930000 12196.000000
0.940000 12218.000000
0.950000 12154.000000
0.960000 12066.000000
0.970000 12102.000000
0.980000 12156.000000
0.990000 12112.000000
1.000000 12100.000000
1.010000 12174.000000
1.020000 12232.000000
1.030000 12198.000000
1.040000 12216.000000
1.050000 12188.000000
1.060000 12126.000000
1.070000 12260.000000
1.080000 12304.000000
1.090000 12300.000000
1.100000 12272.000000
1.110000 12224.000000
1.120000 12192.000000
1.130000 12202.000000
1.140000 12294.000000
1.150000 12252.000000
1.160000 12206.000000
1.170000 12244.000000
1.180000 12260.000000
1.190000 12126.000000
1.200000 12162.000000
1.210000 12178.000000
1.220000 12204.000000
1.230000 12116.000000
1.240000 12114.000000
1.250000 12122.000000
1.260000 12156.000000
1.270000 12206.000000
1.280000 12216.000000
1.290000 12148.000000
1.300000 12112.000000
1.310000 12024.000000
1.320000 11996.000000
1.330000 11964.000000
1.340000 12022.000000
1.350000 12174.000000
1.360000 12072.000000
1.370000 12190.000000
1.380000 12222.000000
1.390000 12312.000000
1.400000 12310.000000
1.410000 12350.000000
1.420000 12406.000000
1.430000 12388.000000
1.440000 12446.000000
1.450000 12414.000000
1.460000 12404.000000
1.470000 12414.000000
1.480000 12472.000000
1.490000 12378.000000
1.500000 12342.000000
1.510000 12342.000000
1.520000 12316.000000
1.530000 12268.000000
1.540000 12292.000000
1.550000 12170.000000
1.560000 12198.000000
1.570000 12268.000000
1.580000 12186.000000
1.590000 12252.000000
1.600000 12262.000000
1.610000 12268.000000
1.620000 12216.000000
1.630000 12274.000000
1.640000 12262.000000
1.650000 12236.000000
1.660000 12284.000000
1.670000 12306.000000
1.680000 12330.000000
1.690000 12324.000000
1.700000 12278.000000
1.710000 12260.000000
1.720000 12176.000000
1.730000 12170.000000
1.740000 12232.000000
1.750000 12236.000000
1.760000 12246.000000
1.770000 12384.000000
1.780000 12324.000000
1.790000 12342.000000
1.800000 12316.000000
1.810000 12358.000000
1.820000 12394.000000
1.830000 12346.000000
1.840000 12314.000000
1.850000 12260.000000
1.860000 12196.000000
1.870000 12212.000000
1.880000 12240.000000
1.890000 12218.000000
1.900000 12188.000000
1.910000 12168.000000
1.920000 12284.000000
1.930000 12262.000000
1.940000 12238.000000
1.950000 12160.000000
1.960000 12148.000000
1.970000 12182.000000
1.980000 12246.000000
1.990000 12284.000000
2.000000 12196.000000
2.010000 12222.000000
2.020000 12302.000000
2.030000 12306.000000
2.040000 12342.000000
2.050000 12272.000000
2.060000 12270.000000
2.070000 12260.000000
2.080000 12162.000000
2.090000 12218.000000
2.100000 12182.000000
2.110000 12212.000000
2.120000 12274.000000
2.130000 12242.000000
2.140000 12278.000000
2.150000 12248.000000
2.160000 12276.000000
2.170000 12256.000000
2.180000 12292.000000
2.190000 12236.000000
2.200000 12220.000000
2.210000 12306.000000
2.220000 12316.000000
2.230000 12258.000000
2.240000 12290.000000
2.250000 12298.000000
2.260000 12334.000000
2.270000 12334.000000
2.280000 12284.000000
2.290000 12318.000000
2.300000 12340.000000
2.310000 12332.000000
2.320000 12284.000000
2.330000 12212.000000
2.340000 12192.000000
2.350000 12146.000000
2.360000 12162.000000
2.370000 12094.000000
2.380000 12138.000000
2.390000 12162.000000
2.400000 12190.000000
2.410000 12268.000000
2.420000 12210.000000
2.430000 12314.000000
2.440000 12324.000000
2.450000 12330.000000
2.460000 12300.000000
2.470000 12282.000000
2.480000 12232.000000
2.490000 12224.000000
2.500000 12296.000000
2.510000 12344.000000
2.520000 12330.000000
2.530000 12308.000000
2.540000 12296.000000
2.550000 12328.000000
2.560000 12324.000000
2.570000 12332.000000
2.580000 12252.000000
2.590000 12302.000000
2.600000 12380.000000
2.610000 12334.000000
2.620000 12384.000000
2.630000 12320.000000
2.640000 12326.000000
2.650000 12326.000000
2.660000 12312.000000
2.670000 12322.000000
2.680000 12380.000000
2.690000 12404.000000
2.700000 12326.000000
2.710000 12322.000000
2.720000 12374.000000
2.730000 12374.000000
2.740000 12296.000000
2.750000 12362.000000
2.760000 12346.000000
2.770000 12330.000000
2.780000 12384.000000
2.790000 12354.000000
2.800000 12432.000000
2.810000 12468.000000
2.820000 12444.000000
2.830000 12372.000000
2.840000 12322.000000
2.850000 12342.000000
2.860000 12362.000000
2.870000 12316.000000
2.880000 12334.000000
2.890000 12346.000000
2.900000 12354.000000
2.910000 12370.000000
2.920000 12408.000000
2.930000 12290.000000
2.940000 12300.000000
2.950000 12306.000000
2.960000 12146.000000
2.970000 12070.000000
2.980000 12084.000000
2.990000 12198.000000
3.000000 12148.000000
3.010000 12182.000000
3.020000 12208.000000
3.030000 12210.000000
3.040000 12232.000000
3.050000 12306.000000
3.060000 12256.000000
3.070000 12284.000000
3.080000 12378.000000
3.090000 12374.000000
3.100000 12344.000000
3.110000 12330.000000
3.120000 12442.000000
3.130000 12426.000000
3.140000 12426.000000
3.150000 12372.000000
3.160000 12296.000000
3.170000 12292.000000
3.180000 12388.000000
3.190000 12342.000000
3.200000 12342.000000
3.210000 12348.000000
3.220000 12308.000000
3.230000 12360.000000
3.240000 12292.000000
3.250000 12270.000000
3.260000 12330.000000
3.270000 12264.000000
3.280000 12204.000000
3.290000 12210.000000
3.300000 12218.000000
3.310000 12270.000000
3.320000 12286.000000
3.330000 12266.000000
3.340000 12246.000000
3.350000 12322.000000
3.360000 12318.000000
3.370000 12388.000000
3.380000 12544.000000
3.390000 12512.000000
3.400000 12492.000000
3.410000 12514.000000
3.420000 12398.000000
3.430000 12426.000000
3.440000 12450.000000
3.450000 12580.000000
3.460000 12608.000000
3.470000 12624.000000
3.480000 12594.000000
3.490000 12514.000000
3.500000 12458.000000
3.510000 12338.000000
3.520000 12336.000000
3.530000 12294.000000
3.540000 12218.000000
3.550000 12284.000000
3.560000 12238.000000
3.570000 12158.000000
3.580000 12156.000000
3.590000 12170.000000
3.600000 12194.000000
3.610000 12242.000000
3.620000 12234.000000
3.630000 12312.000000
3.640000 12344.000000
3.650000 12240.000000
3.660000 12180.000000
3.670000 12214.000000
3.680000 12264.000000
3.690000 12344.000000
3.700000 12238.000000
3.710000 12312.000000
3.720000 12318.000000
3.730000 12296.000000
3.740000 12318.000000
3.750000 12356.000000
3.760000 12326.000000
3.770000 12318.000000
3.780000 12372.000000
3.790000 12444.000000
3.800000 12448.000000
3.810000 12366.000000
3.820000 12364.000000
3.830000 12304.000000
3.840000 12268.000000
3.850000 12354.000000
3.860000 12306.000000
3.870000 12338.000000
3.880000 12300.000000
3.890000 12338.000000
3.900000 12288.000000
3.910000 12318.000000
3.920000 12364.000000
3.930000 12376.000000
3.940000 12360.000000
3.950000 12314.000000
3.960000 12288.000000
3.970000 12248.000000
3.980000 12268.000000
3.990000 12272.000000
4.000000 12278.000000
4.010000 12214.000000
4.020000 12180.000000
4.030000 12294.000000
4.040000 12242.000000
4.050000 12244.000000
4.060000 12250.000000
4.070000 12168.000000
4.080000 12146.000000
4.090000 12184.000000
4.100000 12128.000000
4.110000 12156.000000
4.120000 12244.000000
4.130000 12218.000000
4.140000 12244.000000
4.150000 12272.000000
4.160000 12310.000000
4.170000 12322.000000
4.180000 12406.000000
4.190000 12404.000000
4.200000 12408.000000
4.210000 12398.000000
4.220000 12356.000000
4.230000 12432.000000
4.240000 12410.000000
4.250000 12410.000000
4.260000 12354.000000
4.270000 12410.000000
4.280000 12312.000000
4.290000 12348.000000
4.300000 12284.000000
4.310000 12322.000000
4.320000 12274.000000
4.330000 12224.000000
4.340000 12262.000000
4.350000 12276.000000
4.360000 12304.000000
4.370000 12364.000000
4.380000 12316.000000
4.390000 12268.000000
4.400000 12334.000000
4.410000 12302.000000
4.420000 12434.000000
4.430000 12404.000000
4.440000 12408.000000
4.450000 12328.000000
4.460000 12286.000000
4.470000 12232.000000
4.480000 12256.000000
4.490000 12296.000000
4.500000 12290.000000
4.510000 12354.000000
4.520000 12342.000000
4.530000 12288.000000
4.540000 12344.000000
4.550000 12362.000000
4.560000 12356.000000
4.570000 12344.000000
4.580000 12244.000000
4.590000 12258.000000
4.600000 12216.000000
4.610000 12242.000000
4.620000 12282.000000
4.630000 12252.000000
4.640000 12306.000000
4.650000 12324.000000
4.660000 12330.000000
4.670000 12280.000000
4.680000 12298.000000
4.690000 12322.000000
4.700000 12334.000000
4.710000 12298.000000
4.720000 12310.000000
4.730000 12318.000000
4.740000 12394.000000
4.750000 12304.000000
4.760000 12266.000000
4.770000 12356.000000
4.780000 12368.000000
4.790000 12372.000000
4.800000 12276.000000
4.810000 12354.000000
4.820000 12264.000000
4.830000 12258.000000
4.840000 12244.000000
4.850000 12310.000000
4.860000 12300.000000
4.870000 12244.000000
4.880000 12322.000000
4.890000 12400.000000
4.900000 12416.000000
4.910000 12422.000000
4.920000 12392.000000
4.930000 12364.000000
4.940000 12290.000000
4.950000 12326.000000
4.960000 12268.000000
4.970000 12240.000000
4.980000 12220.000000
4.990000 12230.000000
5.000000 12330.000000
5.010000 12294.000000
5.020000 12342.000000
5.030000 12302.000000
5.040000 12300.000000
5.050000 12316.000000
5.060000 12364.000000
5.070000 12346.000000
5.080000 12280.000000
5.090000 12320.000000
5.100000 12306.000000
5.110000 12390.000000
5.120000 12550.000000
5.130000 12538.000000
5.140000 12518.000000
5.150000 12502.000000
5.160000 12586.000000
5.170000 12544.000000
5.180000 12574.000000
5.190000 12492.000000
5.200000 12546.000000
5.210000 12484.000000
5.220000 12440.000000
5.230000 12346.000000
5.240000 12292.000000
5.250000 12262.000000
5.260000 12326.000000
5.270000 12268.000000
5.280000 12216.000000
5.290000 12150.000000
5.300000 12076.000000
5.310000 12112.000000
5.320000 12206.000000
5.330000 12318.000000
5.340000 12408.000000
5.350000 12434.000000
5.360000 12464.000000
5.370000 12430.000000
5.380000 12340.000000
5.390000 12338.000000
5.400000 12382.000000
5.410000 12402.000000
5.420000 12438.000000
5.430000 12412.000000
5.440000 12390.000000
5.450000 12384.000000
5.460000 12246.000000
5.470000 12286.000000
5.480000 12208.000000
5.490000 12296.000000
5.500000 12264.000000
5.510000 12338.000000
5.520000 12358.000000
5.530000 12404.000000
5.540000 12436.000000
5.550000 12370.000000
5.560000 12370.000000
5.570000 12326.000000
5.580000 12378.000000
5.590000 12404.000000
5.600000 12432.000000
5.610000 12398.000000
5.620000 12310.000000
5.630000 12350.000000
5.640000 12472.000000
5.650000 12468.000000
5.660000 12530.000000
5.670000 12550.000000
5.680000 12510.000000
5.690000 12418.000000
5.700000 12366.000000
5.710000 12336.000000
5.720000 12336.000000
5.730000 12302.000000
5.740000 12338.000000
5.750000 12332.000000
5.760000 12304.000000
5.770000 12296.000000
5.780000 12292.000000
5.790000 12326.000000
5.800000 12344.000000
5.810000 12398.000000
5.820000 12432.000000
5.830000 12404.000000
5.840000 12404.000000
5.850000 12464.000000
5.860000 12390.000000
5.870000 12370.000000
5.880000 12382.000000
5.890000 12354.000000
5.900000 12328.000000
5.910000 12278.000000
5.920000 12256.000000
5.930000 12232.000000
5.940000 12320.000000
5.950000 12364.000000
5.960000 12392.000000
5.970000 12364.000000
5.980000 12392.000000
5.990000 12406.000000
6.000000 12496.000000
6.010000 12440.000000
6.020000 12444.000000
6.030000 12368.000000
6.040000 12366.000000
6.050000 12388.000000
6.060000 12382.000000
6.070000 12342.000000
6.080000 12408.000000
6.090000 12452.000000
6.100000 12422.000000
6.110000 12344.000000
6.120000 12288.000000
6.130000 12254.000000
6.140000 12274.000000
6.150000 12370.000000
6.160000 12280.000000
6.170000 12302.000000
6.180000 12296.000000
6.190000 12356.000000
6.200000 12416.000000
6.210000 12402.000000
6.220000 12402.000000
6.230000 12456.000000
6.240000 12446.000000
6.250000 12470.000000
6.260000 12408.000000
6.270000 12372.000000
6.280000 12356.000000
6.290000 12338.000000
6.300000 12352.000000
6.310000 12286.000000
6.320000 12310.000000
6.330000 12258.000000
6.340000 12260.000000
6.350000 12298.000000
6.360000 12270.000000
6.370000 12294.000000
6.380000 12410.000000
6.390000 12378.000000
6.400000 12402.000000
6.410000 12382.000000
6.420000 12396.000000
6.430000 12428.000000
6.440000 12418.000000
6.450000 12428.000000
6.460000 12488.000000
6.470000 12492.000000
6.480000 12570.000000
6.490000 12588.000000
6.500000 12498.000000
6.510000 12536.000000
6.520000 12538.000000
6.530000 12474.000000
6.540000 12488.000000
6.550000 12442.000000
6.560000 12462.000000
6.570000 12430.000000
6.580000 12440.000000
6.590000 12452.000000
6.600000 12360.000000
6.610000 12316.000000
6.620000 12276.000000
6.630000 12386.000000
6.640000 12396.000000
6.650000 12288.000000
6.660000 12234.000000
6.670000 12256.000000
6.680000 12232.000000
6.690000 12174.000000
6.700000 12188.000000
6.710000 12080.000000
6.720000 12146.000000
6.730000 12110.000000
6.740000 12040.000000
6.750000 12114.000000
6.760000 12076.000000
6.770000 12136.000000
6.780000 12226.000000
6.790000 12210.000000
6.800000 12292.000000
6.810000 12262.000000
6.820000 12410.000000
6.830000 12456.000000
6.840000 12402.000000
6.850000 12436.000000
6.860000 12352.000000
6.870000 12334.000000
6.880000 12366.000000
6.890000 12404.000000
6.900000 12370.000000
6.910000 12356.000000
6.920000 12310.000000
6.930000 12266.000000
6.940000 12252.000000
6.950000 12314.000000
6.960000 12362.000000
6.970000 12182.000000
6.980000 12228.000000
6.990000 12242.000000
7.000000 12246.000000
7.010000 12264.000000
7.020000 12276.000000
7.030000 12308.000000
7.040000 12380.000000
7.050000 12426.000000
7.060000 12412.000000
7.070000 12404.000000
7.080000 12458.000000
7.090000 12426.000000
7.100000 12466.000000
7.110000 12498.000000
7.120000 12534.000000
7.130000 12494.000000
7.140000 12444.000000
7.150000 12490.000000
7.160000 12436.000000
7.170000 12420.000000
7.180000 12426.000000
7.190000 12464.000000
7.200000 12490.000000
7.210000 12510.000000
7.220000 12502.000000
7.230000 12476.000000
7.240000 12458.000000
7.250000 12496.000000
7.260000 12498.000000
7.270000 12490.000000
7.280000 12460.000000
7.290000 12396.000000
7.300000 12400.000000
7.310000 12304.000000
7.320000 12302.000000
7.330000 12316.000000
7.340000 12232.000000
7.350000 12316.000000
7.360000 12264.000000
7.370000 12316.000000
7.380000 12368.000000
7.390000 12332.000000
7.400000 12352.000000
7.410000 12314.000000
7.420000 12324.000000
7.430000 12260.000000
7.440000 12242.000000
7.450000 12284.000000
7.460000 12240.000000
7.470000 12340.000000
7.480000 12410.000000
7.490000 12504.000000
7.500000 12550.000000
7.510000 12464.000000
7.520000 12350.000000
7.530000 12376.000000
7.540000 12370.000000
7.550000 12444.000000
7.560000 12488.000000
7.570000 12352.000000
7.580000 12386.000000
7.590000 12350.000000
7.600000 12256.000000
7.610000 12258.000000
7.620000 12306.000000
7.630000 12286.000000
7.640000 12320.000000
7.650000 12344.000000
7.660000 12406.000000
7.670000 12434.000000
7.680000 12480.000000
7.690000 12426.000000
7.700000 12412.000000
7.710000 12452.000000
7.720000 12450.000000
7.730000 12398.000000
7.740000 12404.000000
7.750000 12382.000000
7.760000 12446.000000
7.770000 12414.000000
7.780000 12494.000000
7.790000 12402.000000
7.800000 12398.000000
7.810000 12462.000000
7.820000 12408.000000
7.830000 12372.000000
7.840000 12312.000000
7.850000 12294.000000
7.860000 12310.000000
7.870000 12436.000000
7.880000 12446.000000
7.890000 12410.000000
7.900000 12364.000000
7.910000 12390.000000
7.920000 12364.000000
7.930000 12318.000000
7.940000 12276.000000
7.950000 12250.000000
7.960000 12290.000000
7.970000 12308.000000
7.980000 12334.000000
7.990000 12234.000000
8.000000 12326.000000
8.010000 12370.000000
8.020000 12290.000000
8.030000 12340.000000
8.040000 12344.000000
8.050000 12354.000000
8.060000 12288.000000
8.070000 12244.000000
8.080000 12244.000000
8.090000 12354.000000
8.100000 12360.000000
8.110000 12332.000000
8.120000 12288.000000
8.130000 12238.000000
8.140000 12242.000000
8.150000 12184.000000
8.160000 12288.000000
8.170000 12320.000000
8.180000 12310.000000
8.190000 12346.000000
8.200000 12344.000000
8.210000 12286.000000
8.220000 12242.000000
8.230000 12318.000000
8.240000 12306.000000
8.250000 12302.000000
8.260000 12324.000000
8.270000 12306.000000
8.280000 12320.000000
8.290000 12346.000000
8.300000 12412.000000
8.310000 12476.000000
8.320000 12382.000000
8.330000 12422.000000
8.340000 12346.000000
8.350000 12376.000000
8.360000 12344.000000
8.370000 12330.000000
8.380000 12306.000000
8.390000 12378.000000
8.400000 12412.000000
8.410000 12360.000000
8.420000 12332.000000
8.430000 12394.000000
8.440000 12492.000000
8.450000 12464.000000
8.460000 12440.000000
8.470000 12366.000000
8.480000 12364.000000
8.490000 12416.000000
8.500000 12274.000000
8.510000 12302.000000
8.520000 12310.000000
8.530000 12244.000000
8.540000 12294.000000
8.550000 12308.000000
8.560000 12316.000000
8.570000 12318.000000
8.580000 12348.000000
8.590000 12410.000000
8.600000 12438.000000
8.610000 12374.000000
8.620000 12388.000000
8.630000 12406.000000
8.640000 12414.000000
8.650000 12304.000000
8.660000 12382.000000
8.670000 12422.000000
8.680000 12422.000000
8.690000 12434.000000
8.700000 12404.000000
8.710000 12386.000000
8.720000 12374.000000
8.730000 12378.000000
8.740000 12412.000000
8.750000 12380.000000
8.760000 12410.000000
8.770000 12376.000000
8.780000 12374.000000
8.790000 12302.000000
8.800000 12442.000000
8.810000 12418.000000
8.820000 12464.000000
8.830000 12462.000000
8.840000 12432.000000
8.850000 12410.000000
8.860000 12374.000000
8.870000 12376.000000
8.880000 12416.000000
8.890000 12406.000000
8.900000 12334.000000
8.910000 12280.000000
8.920000 12308.000000
8.930000 12272.000000
8.940000 12332.000000
8.950000 12298.000000
8.960000 12264.000000
8.970000 12310.000000
8.980000 12270.000000
8.990000 12316.000000
9.000000 12314.000000
9.010000 12294.000000
9.020000 12208.000000
9.030000 12228.000000
9.040000 12238.000000
9.050000 12324.000000
9.060000 12374.000000
9.070000 12342.000000
9.080000 12378.000000
9.090000 12382.000000
9.100000 12338.000000
9.110000 12384.000000
9.120000 12332.000000
9.130000 12310.000000
9.140000 12378.000000
9.150000 12412.000000
9.160000 12300.000000
9.170000 12322.000000
9.180000 12264.000000
9.190000 12232.000000
9.200000 12232.000000
9.210000 12228.000000
9.220000 12206.000000
9.230000 12236.000000
9.240000 12234.000000
9.250000 12290.000000
9.260000 12360.000000
9.270000 12368.000000
9.280000 12432.000000
9.290000 12416.000000
9.300000 12438.000000
9.310000 12382.000000
9.320000 12420.000000
9.330000 12352.000000
9.340000 12370.000000
9.350000 12324.000000
9.360000 12398.000000
9.370000 12292.000000
9.380000 12350.000000
9.390000 12442.000000
9.400000 12384.000000
9.410000 12276.000000
9.420000 12300.000000
9.430000 12382.000000
9.440000 12340.000000
9.450000 12350.000000
9.460000 12392.000000
9.470000 12472.000000
9.480000 12338.000000
9.490000 12370.000000
9.500000 12470.000000
9.510000 12452.000000
9.520000 12468.000000
9.530000 12462.000000
9.540000 12452.000000
9.550000 12448.000000
9.560000 12384.000000
9.570000 12260.000000
9.580000 12308.000000
9.590000 12244.000000
9.600000 12292.000000
9.610000 12260.000000
9.620000 12280.000000
9.630000 12400.000000
9.640000 12404.000000
9.650000 12368.000000
9.660000 12356.000000
9.670000 12300.000000
9.680000 12332.000000
9.690000 12340.000000
9.700000 12356.000000
9.710000 12420.000000
9.720000 12430.000000
9.730000 12406.000000
9.740000 12448.000000
9.750000 12432.000000
9.760000 12402.000000
9.770000 12356.000000
9.780000 12356.000000
9.790000 12340.000000
9.800000 12372.000000
9.810000 12442.000000
9.820000 12550.000000
9.830000 12544.000000
9.840000 12420.000000
9.850000 12416.000000
9.860000 12446.000000
9.870000 12446.000000
9.880000 12410.000000
9.890000 12412.000000
9.900000 12418.000000
9.910000 12364.000000
9.920000 12420.000000
9.930000 12422.000000
9.940000 12394.000000
9.950000 12432.000000
9.960000 12408.000000
9.970000 12366.000000
9.980000 12478.000000
9.990000 12452.000000
10.000000 12460.000000
