# time covered_sites
0.010000 1462.000000
0.020000 2826.000000
0.030000 3956.000000
0.040000 5020.000000
0.050000 5992.000000
0.060000 6636.000000
0.070000 7300.000000
0.080000 7888.000000
0.090000 8484.000000
0.100000 8896.000000
0.110000 9228.000000
0.120000 9526.000000
0.130000 9738.000000
0.140000 10024.000000
0.150000 10128.000000
0.160000 10288.000000
0.170000 10420.000000
0.180000 10612.000000
0.190000 10790.000000
0.200000 10928.000000
0.210000 11084.000000
0.220000 11178.000000
0.230000 11222.000000
0.240000 11190.000000
0.250000 11316.000000
0.260000 11376.000000
0.270000 11464.000000
0.280000 11434.000000
0.290000 11378.000000
0.300000 11396.000000
0.310000 11446.000000
0.320000 11496.000000
0.330000 11504.000000
0.340000 11532.000000
0.350000 11562.000000
0.360000 11654.000000
0.370000 11634.000000
0.380000 11662.000000
0.390000 11626.000000
0.400000 11610.000000
0.410000 11736.000000
0.420000 11810.000000
0.430000 11750.000000
0.440000 11766.000000
0.450000 11714.000000
0.460000 11724.000000
0.470000 11738.000000
0.480000 11740.000000
0.490000 11778.000000
0.500000 11804.000000
0.510000 11818.000000
0.520000 11850.000000
0.530000 11840.000000
0.540000 11856.000000
0.550000 11784.000000
0.560000 11966.000000
0.570000 11996.000000
0.580000 12048.000000
0.590000 12076.000000
0.600000 12030.000000
0.610000 12124.000000
0.620000 12166.000000
0.630000 12084.000000
0.640000 12112.000000
0.650000 11956.000000
0.660000 12050.000000
0.670000 11986.000000
0.680000 11896.000000
0.690000 11932.000000
0.700000 11966.000000
0.710000 11996.000000
0.720000 11952.000000
0.730000 11970.000000
0.740000 11964.000000
0.750000 12014.000000
0.760000 12060.000000
0.770000 12034.000000
0.780000 11982.000000
0.790000 12060.000000
0.800000 12100.000000
0.810000 12184.000000
0.820000 12022.000000
0.830000 11994.000000
0.840000 11986.000000
0.850000 12032.000000
0.860000 12070.000000
0.870000 12078.000000
0.880000 12054.000000
0.890000 12090.000000
0.900000 12210.000000
0.910000 12258.000000
0.920000 12214.000000
0.930000 12206.000000
0.940000 12352.000000
0.950000 12336.000000
0.960000 12330.000000
0.970000 12284.000000
0.980000 12206.000000
0.990000 12212.000000
1.000000 12208.000000
1.010000 12270.000000
1.020000 12232.000000
1.030000 12270.000000
1.040000 12248.000000
1.050000 12250.000000
1.060000 12316.000000
1.070000 12318.000000
1.080000 12314.000000
1.090000 12274.000000
1.100000 12258.000000
1.110000 12280.000000
1.120000 12242.000000
1.130000 12232.000000
1.140000 12154.000000
1.150000 12198.000000
1.160000 12264.000000
1.170000 12258.000000
1.180000 12280.000000
1.190000 12320.000000
1.200000 12356.000000
1.210000 12352.000000
1.220000 12292.000000
1.230000 12152.000000
1.240000 12168.000000
1.250000 12218.000000
1.260000 12248.000000
1.270000 12256.000000
1.280000 12214.000000
1.290000 12200.000000
1.300000 12146.000000
1.310000 12158.000000
1.320000 12240.000000
1.330000 12304.000000
1.340000 12326.000000
1.350000 12274.000000
1.360000 12266.000000
1.370000 12270.000000
1.380000 12336.000000
1.390000 12264.000000
1.400000 12226.000000
1.410000 12210.000000
1.420000 12268.000000
1.430000 12288.000000
1.440000 12274.000000
1.450000 12230.000000
1.460000 12214.000000
1.470000 12260.000000
1.480000 12330.000000
1.490000 12278.000000
1.500000 12262.000000
1.510000 12280.000000
1.520000 12280.000000
1.530000 12302.000000
1.540000 12250.000000
1.550000 12204.000000
1.560000 12162.000000
1.570000 12228.000000
1.580000 12304.000000
1.590000 12328.000000
1.600000 12294.000000
1.610000 12354.000000
1.620000 12368.000000
1.630000 12382.000000
1.640000 12312.000000
1.650000 12346.000000
1.660000 12308.000000
1.670000 12242.000000
1.680000 12346.000000
1.690000 12322.000000
1.700000 12344.000000
1.710000 12324.000000
1.720000 12228.000000
1.730000 12290.000000
1.740000 12256.000000
1.750000 12210.000000
1.760000 12186.000000
1.770000 12242.000000
1.780000 12190.000000
1.790000 12228.000000
1.800000 12172.000000
1.810000 12206.000000
1.820000 12244.000000
1.830000 12266.000000
1.840000 12324.000000
1.850000 12412.000000
1.860000 12374.000000
1.870000 12306.000000
1.880000 12302.000000
1.890000 12186.000000
1.900000 12236.000000
1.910000 12350.000000
1.920000 12340.000000
1.930000 12390.000000
1.940000 12440.000000
1.950000 12464.000000
1.960000 12462.000000
1.970000 12388.000000
1.980000 12366.000000
1.990000 12364.000000
2.000000 12338.000000
2.010000 12324.000000
2.020000 12264.000000
2.030000 12236.000000
2.040000 12312.000000
2.050000 12424.000000
2.060000 12370.000000
2.070000 12392.000000
2.080000 12338.000000
2.090000 12354.000000
2.100000 12412.000000
2.110000 12482.000000
2.120000 12408.000000
2.130000 12336.000000
2.140000 12324.000000
2.150000 12330.000000
2.160000 12214.000000
2.170000 12272.000000
2.180000 12316.000000
2.190000 12368.000000
2.200000 12456.000000
2.210000 12474.000000
2.220000 12468.000000
2.230000 12390.000000
2.240000 12378.000000
2.250000 12360.000000
2.260000 12322.000000
2.270000 12286.000000
2.280000 12262.000000
2.290000 12256.000000
2.300000 12234.000000
2.310000 12302.000000
2.320000 12286.000000
2.330000 12364.000000
2.340000 12432.000000
2.350000 12460.000000
2.360000 12410.000000
2.370000 12374.000000
2.380000 12360.000000
2.390000 12354.000000
2.400000 12338.000000
2.410000 12304.000000
2.420000 12270.000000
2.430000 12242.000000
2.440000 12242.000000
2.450000 12270.000000
2.460000 12244.000000
2.470000 12218.000000
2.480000 12322.000000
2.490000 12314.000000
2.500000 12330.000000
2.510000 12278.000000
2.520000 12194.000000
2.530000 12270.000000
2.540000 12264.000000
2.550000 12314.000000
2.560000 12354.000000
2.570000 12336.000000
2.580000 12290.000000
2.590000 12342.000000
2.600000 12338.000000
2.610000 12326.000000
2.620000 12324.000000
2.630000 12312.000000
2.640000 12370.000000
2.650000 12340.000000
2.660000 12324.000000
2.670000 12336.000000
2.680000 12342.000000
2.690000 12350.000000
2.700000 12326.000000
2.710000 12240.000000
2.720000 12222.000000
2.730000 12220.000000
2.740000 12162.000000
2.750000 12168.000000
2.760000 12192.000000
2.770000 12308.000000
2.780000 12306.000000
2.790000 12320.000000
2.800000 12260.000000
2.810000 12216.000000
2.820000 12206.000000
2.830000 12216.000000
2.840000 12214.000000
2.850000 12240.000000
2.860000 12282.000000
2.870000 12322.000000
2.880000 12298.000000
2.890000 12262.000000
2.900000 12272.000000
2.910000 12310.000000
2.920000 12406.000000
2.930000 12414.000000
2.940000 12392.000000
2.950000 12332.000000
2.960000 12376.000000
2.970000 12326.000000
2.980000 12320.000000
2.990000 12260.000000
3.000000 12290.000000
3.010000 12320.000000
3.020000 12338.000000
3.030000 12272.000000
3.040000 12244.000000
3.050000 12074.000000
3.060000 12050.000000
3.070000 12074.000000
3.080000 12116.000000
3.090000 12112.000000
3.100000 12074.000000
3.110000 12162.000000
3.120000 12116.000000
3.130000 12200.000000
3.140000 12196.000000
3.150000 12254.000000
3.160000 12226.000000
3.170000 12152.000000
3.180000 12172.000000
3.190000 12168.000000
3.200000 12240.000000
3.210000 12224.000000
3.220000 12292.000000
3.230000 12328.000000
3.240000 12394.000000
3.250000 12410.000000
3.260000 12316.000000
3.270000 12390.000000
3.280000 12322.000000
3.290000 12310.000000
3.300000 12356.000000
3.310000 12428.000000
3.320000 12464.000000
3.330000 12488.000000
3.340000 12458.000000
3.350000 12446.000000
3.360000 12364.000000
3.370000 12394.000000
3.380000 12302.000000
3.390000 12320.000000
3.400000 12302.000000
3.410000 12294.000000
3.420000 12380.000000
3.430000 12274.000000
3.440000 12246.000000
3.450000 12256.000000
3.460000 12246.000000
3.470000 12242.000000
3.480000 12192.000000
3.490000 12244.000000
3.500000 12276.000000
3.510000 12244.000000
3.520000 12212.000000
3.530000 12152.000000
3.540000 12182.000000
3.550000 12186.000000
3.560000 12206.000000
3.570000 12252.000000
3.580000 12282.000000
3.590000 12290.000000
3.600000 12252.000000
3.610000 12254.000000
3.620000 12254.000000
3.630000 12282.000000
3.640000 12236.000000
3.650000 12206.000000
3.660000 12228.000000
3.670000 12222.000000
3.680000 12258.000000
3.690000 12248.000000
3.700000 12262.000000
3.710000 12386.000000
3.720000 12388.000000
3.730000 12398.000000
3.740000 12466.000000
3.750000 12556.000000
3.760000 12500.000000
3.770000 12480.000000
3.780000 12414.000000
3.790000 12322.000000
3.800000 12380.000000
3.810000 12418.000000
3.820000 12424.000000
3.830000 12364.000000
3.840000 12422.000000
3.850000 12388.000000
3.860000 12324.000000
3.870000 12400.000000
3.880000 12460.000000
3.890000 12468.000000
3.900000 12484.000000
3.910000 12308.000000
3.920000 12344.000000
3.930000 12294.000000
3.940000 12206.000000
3.950000 12262.000000
3.960000 12280.000000
3.970000 12282.000000
3.980000 12232.000000
3.990000 12252.000000
4.000000 12228.000000
4.010000 12174.000000
4.020000 12222.000000
4.030000 12214.000000
4.040000 12270.000000
4.050000 12332.000000
4.060000 12340.000000
4.070000 12340.000000
4.080000 12350.000000
4.090000 12406.000000
4.100000 12368.000000
4.110000 12338.000000
4.120000 12342.000000
4.130000 12318.000000
4.140000 12172.000000
4.150000 12248.000000
4.160000 12216.000000
4.170000 12234.000000
4.180000 12290.000000
4.190000 12282.000000
4.200000 12254.000000
4.210000 12162.000000
4.220000 12158.000000
4.230000 12194.000000
4.240000 12268.000000
4.250000 12234.000000
4.260000 12240.000000
4.270000 12268.000000
4.280000 12276.000000
4.290000 12346.000000
4.300000 12324.000000
4.310000 12394.000000
4.320000 12430.000000
4.330000 12384.000000
4.340000 12374.000000
4.350000 12412.000000
4.360000 12420.000000
4.370000 12346.000000
4.380000 12322.000000
4.390000 12368.000000
4.400000 12362.000000
4.410000 12308.000000
4.420000 12328.000000
4.430000 12298.000000
4.440000 12336.000000
4.450000 12212.000000
4.460000 12230.000000
4.470000 12264.000000
4.480000 12252.000000
4.490000 12216.000000
4.500000 12296.000000
4.510000 12260.000000
4.520000 12272.000000
4.530000 12266.000000
4.540000 12214.000000
4.550000 12266.000000
4.560000 12422.000000
4.570000 12418.000000
4.580000 12424.000000
4.590000 12404.000000
4.600000 12446.000000
4.610000 12428.000000
4.620000 12420.000000
4.630000 12420.000000
4.640000 12442.000000
4.650000 12374.000000
4.660000 12420.000000
4.670000 12320.000000
4.680000 12328.000000
4.690000 12308.000000
4.700000 12300.000000
4.710000 12336.000000
4.720000 12312.000000
4.730000 12282.000000
4.740000 12326.000000
4.750000 12298.000000
4.760000 12282.000000
4.770000 12274.000000
4.780000 12326.000000
4.790000 12352.000000
4.800000 12392.000000
4.810000 12388.000000
4.820000 12366.000000
4.830000 12428.000000
4.840000 12392.000000
4.850000 12362.000000
4.860000 12354.000000
4.870000 12278.000000
4.880000 12236.000000
4.890000 12194.000000
4.900000 12228.000000
4.910000 12206.000000
4.920000 12178.000000
4.930000 12340.000000
4.940000 12326.000000
4.950000 12308.000000
4.960000 12336.000000
4.970000 12314.000000
4.980000 12306.000000
4.990000 12260.000000
5.000000 12270.000000
5.010000 12230.000000
5.020000 12232.000000
5.030000 12198.000000
5.040000 12244.000000
5.050000 12294.000000
5.060000 12264.000000
5.070000 12244.000000
5.080000 12198.000000
5.090000 12152.000000
5.100000 12186.000000
5.110000 12166.000000
5.120000 12222.000000
5.130000 12200.000000
5.140000 12308.000000
5.150000 12256.000000
5.160000 12240.000000
5.170000 12244.000000
5.180000 12216.000000
5.190000 12262.000000
5.200000 12334.000000
5.210000 12330.000000
5.220000 12360.000000
5.230000 12364.000000
5.240000 12304.000000
5.250000 12274.000000
5.260000 12372.000000
5.270000 12454.000000
5.280000 12394.000000
5.290000 12398.000000
5.300000 12412.000000
5.310000 12442.000000
5.320000 12424.000000
5.330000 12432.000000
5.340000 12446.000000
5.350000 12506.000000
5.360000 12462.000000
5.370000 12450.000000
5.380000 12338.000000
5.390000 12336.000000
5.400000 12256.000000
5.410000 12244.000000
5.420000 12232.000000
5.430000 12374.000000
5.440000 12388.000000
5.450000 12430.000000
5.460000 12396.000000
5.470000 12416.000000
5.480000 12406.000000
5.490000 12438.000000
5.500000 12336.000000
5.510000 12366.000000
5.520000 12302.000000
5.530000 12294.000000
5.540000 12320.000000
5.550000 12368.000000
5.560000 12352.000000
5.570000 12408.000000
5.580000 12428.000000
5.590000 12414.000000
5.600000 12434.000000
5.610000 12514.000000
5.620000 12508.000000
5.630000 12488.000000
5.640000 12552.000000
5.650000 12502.000000
5.660000 12504.000000
5.670000 12482.000000
5.680000 12460.000000
5.690000 12458.000000
5.700000 12464.000000
5.710000 12424.000000
5.720000 12436.000000
5.730000 12416.000000
5.740000 12432.000000
5.750000 12472.000000
5.760000 12478.000000
5.770000 12494.000000
5.780000 12380.000000
5.790000 12278.000000
5.800000 12220.000000
5.810000 12172.000000
5.820000 12242.000000
5.830000 12322.000000
5.840000 12312.000000
5.850000 12302.000000
5.860000 12296.000000
5.870000 12326.000000
5.880000 12310.000000
5.890000 12246.000000
5.900000 12302.000000
5.910000 12222.000000
5.920000 12300.000000
5.930000 12332.000000
5.940000 12296.000000
5.950000 12388.000000
5.960000 12318.000000
5.970000 12380.000000
5.980000 12280.000000
5.990000 12324.000000
6.000000 12372.000000
6.010000 12398.000000
6.020000 12410.000000
6.030000 12376.000000
6.040000 12348.000000
6.050000 12314.000000
6.060000 12338.000000
6.070000 12354.000000
6.080000 12292.000000
6.090000 12384.000000
6.100000 12340.000000
6.110000 12402.000000
6.120000 12378.000000
6.130000 12392.000000
6.140000 12436.000000
6.150000 12438.000000
6.160000 12422.000000
6.170000 12382.000000
6.180000 12372.000000
6.190000 12438.000000
6.200000 12408.000000
6.210000 12456.000000
6.220000 12390.000000
6.230000 12436.000000
6.240000 12500.000000
6.250000 12538.000000
6.260000 12488.000000
6.270000 12382.000000
6.280000 12346.000000
6.290000 12316.000000
6.300000 12352.000000
6.310000 12270.000000
6.320000 12270.000000
6.330000 12324.000000
6.340000 12346.000000
6.350000 12314.000000
6.360000 12324.000000
6.370000 12294.000000
6.380000 12298.000000
6.390000 12362.000000
6.400000 12412.000000
6.410000 12394.000000
6.420000 12388.000000
6.430000 12458.000000
6.440000 12490.000000
6.450000 12546.000000
6.460000 12516.000000
6.470000 12504.000000
6.480000 12488.000000
6.490000 12378.000000
6.500000 12358.000000
6.510000 12328.000000
6.520000 12310.000000
6.530000 12342.000000
6.540000 12350.000000
6.550000 12286.000000
6.560000 12376.000000
6.570000 12370.000000
6.580000 12324.000000
6.590000 12264.000000
6.600000 12352.000000
6.610000 12390.000000
6.620000 12450.000000
6.630000 12414.000000
6.640000 12450.000000
6.650000 12406.000000
6.660000 12392.000000
6.670000 12362.000000
6.680000 12420.000000
6.690000 12360.000000
6.700000 12328.000000
6.710000 12274.000000
6.720000 12362.000000
6.730000 12356.000000
6.740000 12324.000000
6.750000 12354.000000
6.760000 12326.000000
6.770000 12346.000000
6.780000 12290.000000
6.790000 12192.000000
6.800000 12150.000000
6.810000 12050.000000
6.820000 12060.000000
6.830000 12014.000000
6.840000 12062.000000
6.850000 12158.000000
6.860000 12084.000000
6.870000 12070.000000
6.880000 12132.000000
6.890000 12154.000000
6.900000 12148.000000
6.910000 12130.000000
6.920000 12182.000000
6.930000 12276.000000
6.940000 12238.000000
6.950000 12238.000000
6.960000 12184.000000
6.970000 12326.000000
6.980000 12298.000000
6.990000 12252.000000
7.000000 12218.000000
7.010000 12240.000000
7.020000 12262.000000
7.030000 12258.000000
7.040000 12302.000000
7.050000 12332.000000
7.060000 12284.000000
7.070000 12210.000000
7.080000 12280.000000
7.090000 12314.000000
7.100000 12272.000000
7.110000 12208.000000
7.120000 12216.000000
7.130000 12312.000000
7.140000 12330.000000
7.150000 12430.000000
7.160000 12374.000000
7.170000 12370.000000
7.180000 12366.000000
7.190000 12384.000000
7.200000 12366.000000
7.210000 12416.000000
7.220000 12456.000000
7.230000 12406.000000
7.240000 12350.000000
7.250000 12296.000000
7.260000 12276.000000
7.270000 12304.000000
7.280000 12348.000000
7.290000 12258.000000
7.300000 12276.000000
7.310000 12364.000000
7.320000 12340.000000
7.330000 12348.000000
7.340000 12268.000000
7.350000 12218.000000
7.360000 12236.000000
7.370000 12188.000000
7.380000 12096.000000
7.390000 12156.000000
7.400000 12158.000000
7.410000 12200.000000
7.420000 12246.000000
7.430000 12272.000000
7.440000 12176.000000
7.450000 12106.000000
7.460000 12240.000000
7.470000 12192.000000
7.480000 12294.000000
7.490000 12212.000000
7.500000 12254.000000
7.510000 12248.000000
7.520000 12258.000000
7.530000 12168.000000
7.540000 12258.000000
7.550000 12224.000000
7.560000 12268.000000
7.570000 12290.000000
7.580000 12284.000000
7.590000 12262.000000
7.600000 12262.000000
7.610000 12204.000000
7.620000 12184.000000
7.630000 12250.000000
7.640000 12328.000000
7.650000 12368.000000
7.660000 12374.000000
7.670000 12422.000000
7.680000 12414.000000
7.690000 12462.000000
7.700000 12456.000000
7.710000 12388.000000
7.720000 12366.000000
7.730000 12296.000000
7.740000 12270.000000
7.750000 12252.000000
7.760000 12268.000000
7.770000 12288.000000
7.780000 12310.000000
7.790000 12236.000000
7.800000 12320.000000
7.810000 12294.000000
7.820000 12290.000000
7.830000 12304.000000
7.840000 12286.000000
7.850000 12350.000000
7.860000 12316.000000
7.870000 12268.000000
7.880000 12216.000000
7.890000 12232.000000
7.900000 12248.000000
7.910000 12232.000000
7.920000 12184.000000
7.930000 12218.000000
7.940000 12270.000000
7.950000 12202.000000
7.960000 12236.000000
7.970000 12296.000000
7.980000 12348.000000
7.990000 12296.000000
8.000000 12340.000000
8.010000 12328.000000
8.020000 12320.000000
8.030000 12318.000000
8.040000 12210.000000
8.050000 12266.000000
8.060000 12168.000000
8.070000 12208.000000
8.080000 12174.000000
8.090000 12144.000000
8.100000 12128.000000
8.110000 12100.000000
8.120000 12138.000000
8.130000 12208.000000
8.140000 12280.000000
8.150000 12334.000000
8.160000 12312.000000
8.170000 12348.000000
8.180000 12388.000000
8.190000 12320.000000
8.200000 12364.000000
8.210000 12382.000000
8.220000 12342.000000
8.230000 12298.000000
8.240000 12304.000000
8.250000 12318.000000
8.260000 12338.000000
8.270000 12368.000000
8.280000 12484.000000
8.290000 12458.000000
8.300000 12442.000000
8.310000 12314.000000
8.320000 12350.000000
8.330000 12322.000000
8.340000 12276.000000
8.350000 12248.000000
8.360000 12282.000000
8.370000 12256.000000
8.380000 12284.000000
8.390000 12238.000000
8.400000 12278.000000
8.410000 12236.000000
8.420000 12212.000000
8.430000 12162.000000
8.440000 12164.000000
8.450000 12248.000000
8.460000 12292.000000
8.470000 12298.000000
8.480000 12412.000000
8.490000 12372.000000
8.500000 12284.000000
8.510000 12422.000000
8.520000 12428.000000
8.530000 12488.000000
8.540000 12412.000000
8.550000 12384.000000
8.560000 12320.000000
8.570000 12364.000000
8.580000 12340.000000
8.590000 12310.000000
8.600000 12286.000000
8.610000 12246.000000
8.620000 12332.000000
8.630000 12308.000000
8.640000 12230.000000
8.650000 12274.000000
8.660000 12346.000000
8.670000 12404.000000
8.680000 12402.000000
8.690000 12426.000000
8.700000 12482.000000
8.710000 12536.000000
8.720000 12574.000000
8.730000 12524.000000
8.740000 12434.000000
8.750000 12364.000000
8.760000 12362.000000
8.770000 12446.000000
8.780000 12402.000000
8.790000 12318.000000
8.800000 12300.000000
8.810000 12196.000000
8.820000 12178.000000
8.830000 12188.000000
8.840000 12322.000000
8.850000 12308.000000
8.860000 12390.000000
8.870000 12342.000000
8.880000 12322.000000
8.890000 12182.000000
8.900000 12254.000000
8.910000 12264.000000
8.920000 12320.000000
8.930000 12364.000000
8.940000 12450.000000
8.950000 12414.000000
8.960000 12388.000000
8.970000 12448.000000
8.980000 12444.000000
8.990000 12364.000000
9.000000 12310.000000
9.010000 12288.000000
9.020000 12368.000000
9.030000 12358.000000
9.040000 12400.000000
9.050000 12314.000000
9.060000 12356.000000
9.070000 12422.000000
9.080000 12398.000000
9.090000 12332.000000
9.100000 12416.000000
9.110000 12306.000000
9.120000 12306.000000
9.130000 12294.000000
9.140000 12368.000000
9.150000 12402.000000
9.160000 12334.000000
9.170000 12326.000000
9.180000 12394.000000
9.190000 12314.000000
9.200000 12244.000000
9.210000 12272.000000
9.220000 12274.000000
9.230000 12286.000000
9.240000 12270.000000
9.250000 12338.000000
9.260000 12366.000000
9.270000 12386.000000
9.280000 12354.000000
9.290000 12362.000000
9.300000 12372.000000
9.310000 12370.000000
9.320000 12306.000000
9.330000 12324.000000
9.340000 12304.000000
9.350000 12198.000000
9.360000 12268.000000
9.370000 12328.000000
9.380000 12360.000000
9.390000 12408.000000
9.400000 12410.000000
9.410000 12396.000000
9.420000 12388.000000
9.430000 12374.000000
9.440000 12388.000000
9.450000 12340.000000
9.460000 12326.000000
9.470000 12304.000000
9.480000 12280.000000
9.490000 12304.000000
9.500000 12254.000000
9.510000 12204.000000
9.520000 12226.000000
9.530000 12264.000000
9.540000 12238.000000
9.550000 12296.000000
9.560000 12346.000000
9.570000 12272.000000
9.580000 12220.000000
9.590000 12252.000000
9.600000 12210.000000
9.610000 12234.000000
9.620000 12328.000000
9.630000 12320.000000
9.640000 12258.000000
9.650000 12240.000000
9.660000 12298.000000
9.670000 12316.000000
9.680000 12348.000000
9.690000 12348.000000
9.700000 12286.000000
9.710000 12208.000000
9.720000 12200.000000
9.730000 12240.000000
9.740000 12216.000000
9.750000 12168.000000
9.760000 12084.000000
9.770000 12158.000000
9.780000 12218.000000
9.790000 12206.000000
9.800000 12202.000000
9.810000 12216.000000
9.820000 12294.000000
9.830000 12308.000000
9.840000 12326.000000
9.850000 12306.000000
9.860000 12374.000000
9.870000 12352.000000
9.880000 12336.000000
9.890000 12206.000000
9.900000 12254.000000
9.910000 12292.000000
9.920000 12382.000000
9.930000 12358.000000
9.940000 12464.000000
9.950000 12444.000000
9.960000 12372.000000
9.970000 12394.000000
9.980000 12352.000000
9.990000 12308.000000
10.000000 12270.000000
