# i correlation
1 0.001727
2 0.001669
3 0.001614
4 0.001558
5 0.001507
6 0.001470
7 0.001438
8 0.001410
9 0.001385
10 0.001359
11 0.001331
12 0.001311
13 0.001300
14 0.001290
15 0.001282
16 0.001270
17 0.001263
18 0.001255
19 0.001243
20 0.001233
21 0.001223
22 0.001216
23 0.001207
24 0.001199
25 0.001203
26 0.001208
27 0.001212
28 0.001216
29 0.001215
30 0.001217
31 0.001216
32 0.001208
33 0.001200
34 0.001198
35 0.001198
36 0.001194
37 0.001190
38 0.001188
39 0.001183
40 0.001171
41 0.001159
42 0.001145
43 0.001141
44 0.001137
45 0.001138
46 0.001144
47 0.001150
48 0.001150
49 0.001154
50 0.001149
51 0.001140
52 0.001134
53 0.001126
54 0.001112
55 0.001108
56 0.001100
57 0.001090
58 0.001081
59 0.001075
60 0.001060
61 0.001052
62 0.001043
63 0.001024
64 0.001015
65 0.001011
66 0.001006
67 0.001009
68 0.001012
69 0.001024
70 0.001028
71 0.001034
72 0.001038
73 0.001038
74 0.001042
75 0.001044
76 0.001046
77 0.001045
78 0.001049
79 0.001053
80 0.001055
81 0.001053
82 0.001046
83 0.001033
84 0.001022
85 0.001010
86 0.000993
87 0.000979
88 0.000959
89 0.000943
90 0.000926
91 0.000911
92 0.000898
93 0.000896
94 0.000900
95 0.000905
96 0.000906
97 0.000908
98 0.000909
99 0.000914
100 0.000912
101 0.000907
102 0.000904
103 0.000895
104 0.000882
105 0.000878
106 0.000874
107 0.000871
108 0.000871
109 0.000864
110 0.000864
111 0.000857
112 0.000850
113 0.000845
114 0.000846
115 0.000850
116 0.000861
117 0.000869
118 0.000874
119 0.000876
120 0.000880
121 0.000880
122 0.000875
123 0.000866
124 0.000855
125 0.000849
126 0.000840
127 0.000824
128 0.000815
129 0.000812
130 0.000814
131 0.000818
132 0.000819
133 0.000813
134 0.000814
135 0.000815
136 0.000811
137 0.000811
138 0.000811
139 0.000803
140 0.000795
141 0.000788
142 0.000775
143 0.000761
144 0.000745
145 0.000732
146 0.000730
147 0.000728
148 0.000730
149 0.000729
150 0.000724
151 0.000722
152 0.000716
153 0.000716
154 0.000722
155 0.000727
156 0.000730
157 0.000734
158 0.000731
159 0.000725
160 0.000724
161 0.000724
162 0.000721
163 0.000727
164 0.000733
165 0.000739
166 0.000740
167 0.000741
168 0.000745
169 0.000749
170 0.000747
171 0.000743
172 0.000736
173 0.000729
174 0.000724
175 0.000718
176 0.000712
177 0.000710
178 0.000710
179 0.000713
180 0.000708
181 0.000711
182 0.000705
183 0.000693
184 0.000684
185 0.000677
186 0.000669
187 0.000669
188 0.000665
189 0.000658
190 0.000650
191 0.000649
192 0.000649
193 0.000647
194 0.000651
195 0.000656
196 0.000658
197 0.000655
198 0.000647
199 0.000643
200 0.000641
201 0.000637
202 0.000632
203 0.000632
204 0.000629
205 0.000622
206 0.000621
207 0.000617
208 0.000613
209 0.000606
210 0.000603
211 0.000599
212 0.000597
213 0.000599
214 0.000601
215 0.000609
216 0.000624
217 0.000636
218 0.000646
219 0.000655
220 0.000661
221 0.000665
222 0.000667
223 0.000666
224 0.000660
225 0.000656
226 0.000651
227 0.000642
228 0.000633
229 0.000625
230 0.000620
231 0.000615
232 0.000610
233 0.000608
234 0.000612
235 0.000616
236 0.000626
237 0.000633
238 0.000637
239 0.000637
240 0.000638
241 0.000636
242 0.000630
243 0.000622
244 0.000612
245 0.000597
246 0.000589
247 0.000578
248 0.000570
249 0.000573
250 0.000574
251 0.000578
252 0.000582
253 0.000584
254 0.000585
255 0.000585
256 0.000587
257 0.000588
258 0.000588
259 0.000591
260 0.000598
261 0.000598
262 0.000600
263 0.000600
264 0.000601
265 0.000605
266 0.000603
267 0.000600
268 0.000601
269 0.000605
270 0.000604
271 0.000603
272 0.000607
273 0.000613
274 0.000620
275 0.000626
276 0.000627
277 0.000629
278 0.000631
279 0.000626
280 0.000618
281 0.000606
282 0.000598
283 0.000584
284 0.000572
285 0.000564
286 0.000558
287 0.000556
288 0.000556
289 0.000560
290 0.000564
291 0.000567
292 0.000571
293 0.000570
294 0.000566
295 0.000565
296 0.000565
297 0.000565
298 0.000563
299 0.000567
300 0.000565
301 0.000566
302 0.000564
303 0.000558
304 0.000555
305 0.000548
306 0.000541
307 0.000531
308 0.000523
309 0.000515
310 0.000511
311 0.000512
312 0.000511
313 0.000511
314 0.000513
315 0.000507
316 0.000507
317 0.000509
318 0.000516
319 0.000513
320 0.000509
321 0.000505
322 0.000496
323 0.000486
324 0.000479
325 0.000473
326 0.000473
327 0.000478
328 0.000480
329 0.000486
330 0.000485
331 0.000488
332 0.000488
333 0.000492
334 0.000497
335 0.000501
336 0.000508
337 0.000517
338 0.000527
339 0.000533
340 0.000533
341 0.000529
342 0.000524
343 0.000517
344 0.000507
345 0.000497
346 0.000494
347 0.000488
348 0.000483
349 0.000478
350 0.000465
351 0.000457
352 0.000450
353 0.000439
354 0.000437
355 0.000437
356 0.000439
357 0.000445
358 0.000445
359 0.000442
360 0.000437
361 0.000430
362 0.000421
363 0.000415
364 0.000410
365 0.000406
366 0.000397
367 0.000390
368 0.000386
369 0.000380
370 0.000378
371 0.000373
372 0.000370
373 0.000369
374 0.000370
375 0.000368
376 0.000363
377 0.000360
378 0.000356
379 0.000349
380 0.000345
381 0.000333
382 0.000324
383 0.000316
384 0.000310
385 0.000308
386 0.000306
387 0.000309
388 0.000311
389 0.000311
390 0.000317
391 0.000324
392 0.000332
393 0.000337
394 0.000338
395 0.000343
396 0.000346
397 0.000348
398 0.000356
399 0.000362
400 0.000365
401 0.000365
402 0.000360
403 0.000356
404 0.000357
405 0.000361
406 0.000362
407 0.000374
408 0.000382
409 0.000387
410 0.000394
411 0.000395
412 0.000394
413 0.000391
414 0.000393
415 0.000386
416 0.000388
417 0.000390
418 0.000387
419 0.000380
420 0.000374
421 0.000365
422 0.000356
423 0.000345
424 0.000337
425 0.000330
426 0.000325
427 0.000321
428 0.000316
429 0.000310
430 0.000305
431 0.000297
432 0.000291
433 0.000285
434 0.000282
435 0.000284
436 0.000290
437 0.000295
438 0.000300
439 0.000311
440 0.000314
441 0.000316
442 0.000321
443 0.000326
444 0.000331
445 0.000337
446 0.000340
447 0.000347
448 0.000350
449 0.000354
450 0.000353
451 0.000347
452 0.000345
453 0.000343
454 0.000347
455 0.000352
456 0.000360
457 0.000370
458 0.000372
459 0.000376
460 0.000376
461 0.000372
462 0.000367
463 0.000363
464 0.000362
465 0.000361
466 0.000359
467 0.000359
468 0.000353
469 0.000349
470 0.000342
471 0.000336
472 0.000328
473 0.000326
474 0.000323
475 0.000324
476 0.000327
477 0.000333
478 0.000339
479 0.000342
480 0.000346
481 0.000349
482 0.000348
483 0.000343
484 0.000336
485 0.000331
486 0.000333
487 0.000333
488 0.000333
489 0.000328
490 0.000326
491 0.000324
492 0.000327
493 0.000331
494 0.000341
495 0.000352
496 0.000362
497 0.000369
498 0.000372
499 0.000369
500 0.000372
501 0.000372
502 0.000367
503 0.000362
504 0.000357
505 0.000350
506 0.000346
507 0.000339
508 0.000331
509 0.000325
510 0.000320
511 0.000317
512 0.000316
513 0.000316
514 0.000319
515 0.000322
516 0.000325
517 0.000327
518 0.000327
519 0.000324
520 0.000322
521 0.000321
522 0.000319
523 0.000319
524 0.000323
525 0.000325
526 0.000333
527 0.000339
528 0.000349
529 0.000358
530 0.000367
531 0.000370
532 0.000372
533 0.000377
534 0.000382
535 0.000384
536 0.000383
537 0.000380
538 0.000380
539 0.000376
540 0.000369
541 0.000360
542 0.000357
543 0.000349
544 0.000338
545 0.000328
546 0.000324
547 0.000321
548 0.000316
549 0.000312
550 0.000309
551 0.000308
552 0.000308
553 0.000308
554 0.000307
555 0.000312
556 0.000316
557 0.000316
558 0.000313
559 0.000311
560 0.000310
561 0.000309
562 0.000313
563 0.000312
564 0.000318
565 0.000329
566 0.000331
567 0.000334
568 0.000335
569 0.000332
570 0.000324
571 0.000316
572 0.000312
573 0.000310
574 0.000311
575 0.000317
576 0.000324
577 0.000333
578 0.000339
579 0.000344
580 0.000347
581 0.000349
582 0.000352
583 0.000349
584 0.000338
585 0.000332
586 0.000322
587 0.000315
588 0.000301
589 0.000291
590 0.000282
591 0.000278
592 0.000270
593 0.000266
594 0.000259
595 0.000261
596 0.000262
597 0.000258
598 0.000256
599 0.000252
600 0.000244
601 0.000235
602 0.000228
603 0.000226
604 0.000227
605 0.000229
606 0.000232
607 0.000236
608 0.000239
609 0.000239
610 0.000241
611 0.000246
612 0.000250
613 0.000258
614 0.000265
615 0.000263
616 0.000261
617 0.000260
618 0.000257
619 0.000244
620 0.000236
621 0.000230
622 0.000222
623 0.000216
624 0.000214
625 0.000212
626 0.000208
627 0.000207
628 0.000206
629 0.000205
630 0.000205
631 0.000206
632 0.000207
633 0.000205
634 0.000210
635 0.000216
636 0.000221
637 0.000226
638 0.000224
639 0.000221
640 0.000218
641 0.000215
642 0.000214
643 0.000213
644 0.000213
645 0.000213
646 0.000213
647 0.000213
648 0.000211
649 0.000211
650 0.000213
651 0.000214
652 0.000217
653 0.000217
654 0.000216
655 0.000214
656 0.000214
657 0.000213
658 0.000215
659 0.000216
660 0.000218
661 0.000222
662 0.000223
663 0.000222
664 0.000221
665 0.000220
666 0.000218
667 0.000219
668 0.000214
669 0.000211
670 0.000209
671 0.000207
672 0.000207
673 0.000204
674 0.000203
675 0.000205
676 0.000208
677 0.000208
678 0.000208
679 0.000210
680 0.000209
681 0.000209
682 0.000209
683 0.000210
684 0.000210
685 0.000214
686 0.000219
687 0.000222
688 0.000222
689 0.000222
690 0.000218
691 0.000210
692 0.000207
693 0.000204
694 0.000200
695 0.000195
696 0.000196
697 0.000197
698 0.000195
699 0.000193
700 0.000189
701 0.000187
702 0.000185
703 0.000184
704 0.000182
705 0.000179
706 0.000179
707 0.000179
708 0.000178
709 0.000178
710 0.000177
711 0.000179
712 0.000181
713 0.000183
714 0.000182
715 0.000179
716 0.000177
717 0.000175
718 0.000172
719 0.000170
720 0.000169
721 0.000166
722 0.000164
723 0.000160
724 0.000152
725 0.000144
726 0.000134
727 0.000128
728 0.000126
729 0.000125
730 0.000127
731 0.000130
732 0.000130
733 0.000130
734 0.000136
735 0.000135
736 0.000142
737 0.000145
738 0.000151
739 0.000153
740 0.000153
741 0.000154
742 0.000156
743 0.000159
744 0.000163
745 0.000167
746 0.000170
747 0.000176
748 0.000178
749 0.000179
750 0.000179
751 0.000178
752 0.000175
753 0.000173
754 0.000171
755 0.000171
756 0.000176
757 0.000177
758 0.000179
759 0.000181
760 0.000182
761 0.000182
762 0.000182
763 0.000180
764 0.000175
765 0.000170
766 0.000169
767 0.000164
768 0.000162
769 0.000160
770 0.000156
771 0.000152
772 0.000150
773 0.000145
774 0.000143
775 0.000142
776 0.000140
777 0.000142
778 0.000143
779 0.000141
780 0.000139
781 0.000135
782 0.000135
783 0.000136
784 0.000139
785 0.000142
786 0.000147
787 0.000150
788 0.000151
789 0.000151
790 0.000149
791 0.000152
792 0.000154
793 0.000157
794 0.000158
795 0.000159
796 0.000158
797 0.000156
798 0.000154
799 0.000152
800 0.000147
801 0.000144
802 0.000143
803 0.000141
804 0.000139
805 0.000139
806 0.000139
807 0.000140
808 0.000141
809 0.000139
