# i correlation
1 0.001819
2 0.001761
3 0.001710
4 0.001657
5 0.001613
6 0.001574
7 0.001540
8 0.001513
9 0.001492
10 0.001475
11 0.001455
12 0.001433
13 0.001411
14 0.001396
15 0.001385
16 0.001378
17 0.001369
18 0.001357
19 0.001342
20 0.001330
21 0.001325
22 0.001319
23 0.001315
24 0.001317
25 0.001325
26 0.001333
27 0.001331
28 0.001325
29 0.001318
30 0.001313
31 0.001309
32 0.001305
33 0.001303
34 0.001302
35 0.001299
36 0.001291
37 0.001281
38 0.001269
39 0.001254
40 0.001249
41 0.001246
42 0.001241
43 0.001236
44 0.001220
45 0.001201
46 0.001187
47 0.001165
48 0.001149
49 0.001137
50 0.001121
51 0.001106
52 0.001090
53 0.001077
54 0.001070
55 0.001067
56 0.001062
57 0.001062
58 0.001057
59 0.001052
60 0.001048
61 0.001046
62 0.001036
63 0.001035
64 0.001033
65 0.001031
66 0.001026
67 0.001024
68 0.001021
69 0.001021
70 0.001019
71 0.001012
72 0.001008
73 0.001006
74 0.001000
75 0.000998
76 0.000998
77 0.000996
78 0.000988
79 0.000977
80 0.000965
81 0.000958
82 0.000950
83 0.000949
84 0.000952
85 0.000948
86 0.000945
87 0.000943
88 0.000932
89 0.000924
90 0.000921
91 0.000916
92 0.000916
93 0.000920
94 0.000921
95 0.000927
96 0.000933
97 0.000933
98 0.000932
99 0.000930
100 0.000930
101 0.000925
102 0.000921
103 0.000924
104 0.000916
105 0.000916
106 0.000909
107 0.000896
108 0.000885
109 0.000881
110 0.000878
111 0.000874
112 0.000874
113 0.000875
114 0.000877
115 0.000873
116 0.000867
117 0.000866
118 0.000863
119 0.000860
120 0.000841
121 0.000824
122 0.000812
123 0.000797
124 0.000787
125 0.000780
126 0.000781
127 0.000784
128 0.000795
129 0.000801
130 0.000805
131 0.000804
132 0.000802
133 0.000795
134 0.000778
135 0.000770
136 0.000757
137 0.000742
138 0.000738
139 0.000734
140 0.000731
141 0.000728
142 0.000725
143 0.000729
144 0.000735
145 0.000735
146 0.000732
147 0.000727
148 0.000720
149 0.000717
150 0.000716
151 0.000720
152 0.000725
153 0.000732
154 0.000739
155 0.000739
156 0.000736
157 0.000731
158 0.000730
159 0.000721
160 0.000721
161 0.000721
162 0.000717
163 0.000713
164 0.000703
165 0.000699
166 0.000687
167 0.000669
168 0.000655
169 0.000642
170 0.000637
171 0.000634
172 0.000627
173 0.000621
174 0.000623
175 0.000621
176 0.000625
177 0.000622
178 0.000622
179 0.000625
180 0.000624
181 0.000627
182 0.000631
183 0.000630
184 0.000630
185 0.000628
186 0.000631
187 0.000636
188 0.000639
189 0.000648
190 0.000652
191 0.000654
192 0.000660
193 0.000665
194 0.000672
195 0.000682
196 0.000686
197 0.000681
198 0.000678
199 0.000667
200 0.000655
201 0.000655
202 0.000650
203 0.000647
204 0.000643
205 0.000641
206 0.000641
207 0.000638
208 0.000636
209 0.000636
210 0.000633
211 0.000631
212 0.000630
213 0.000632
214 0.000633
215 0.000642
216 0.000644
217 0.000645
218 0.000646
219 0.000647
220 0.000645
221 0.000648
222 0.000654
223 0.000654
224 0.000651
225 0.000647
226 0.000644
227 0.000642
228 0.000646
229 0.000642
230 0.000642
231 0.000652
232 0.000659
233 0.000659
234 0.000653
235 0.000654
236 0.000648
237 0.000647
238 0.000650
239 0.000645
240 0.000637
241 0.000631
242 0.000629
243 0.000623
244 0.000619
245 0.000617
246 0.000621
247 0.000627
248 0.000627
249 0.000633
250 0.000635
251 0.000628
252 0.000624
253 0.000617
254 0.000607
255 0.000602
256 0.000601
257 0.000601
258 0.000605
259 0.000612
260 0.000618
261 0.000623
262 0.000624
263 0.000624
264 0.000626
265 0.000624
266 0.000622
267 0.000617
268 0.000614
269 0.000602
270 0.000596
271 0.000599
272 0.000597
273 0.000592
274 0.000587
275 0.000579
276 0.000573
277 0.000568
278 0.000559
279 0.000555
280 0.000547
281 0.000546
282 0.000549
283 0.000542
284 0.000540
285 0.000531
286 0.000522
287 0.000512
288 0.000509
289 0.000508
290 0.000506
291 0.000505
292 0.000511
293 0.000520
294 0.000521
295 0.000526
296 0.000528
297 0.000522
298 0.000522
299 0.000518
300 0.000509
301 0.000505
302 0.000496
303 0.000483
304 0.000475
305 0.000465
306 0.000460
307 0.000460
308 0.000459
309 0.000459
310 0.000459
311 0.000461
312 0.000463
313 0.000457
314 0.000455
315 0.000451
316 0.000441
317 0.000434
318 0.000434
319 0.000438
320 0.000439
321 0.000439
322 0.000439
323 0.000439
324 0.000434
325 0.000435
326 0.000435
327 0.000436
328 0.000434
329 0.000427
330 0.000418
331 0.000412
332 0.000402
333 0.000394
334 0.000387
335 0.000382
336 0.000381
337 0.000381
338 0.000378
339 0.000375
340 0.000369
341 0.000365
342 0.000361
343 0.000357
344 0.000348
345 0.000347
346 0.000345
347 0.000343
348 0.000335
349 0.000332
350 0.000331
351 0.000329
352 0.000329
353 0.000326
354 0.000322
355 0.000316
356 0.000312
357 0.000311
358 0.000306
359 0.000301
360 0.000298
361 0.000303
362 0.000307
363 0.000314
364 0.000320
365 0.000324
366 0.000328
367 0.000329
368 0.000329
369 0.000329
370 0.000325
371 0.000323
372 0.000318
373 0.000314
374 0.000316
375 0.000312
376 0.000312
377 0.000318
378 0.000317
379 0.000310
380 0.000302
381 0.000289
382 0.000279
383 0.000270
384 0.000263
385 0.000253
386 0.000247
387 0.000243
388 0.000241
389 0.000244
390 0.000244
391 0.000248
392 0.000252
393 0.000257
394 0.000265
395 0.000270
396 0.000274
397 0.000273
398 0.000279
399 0.000280
400 0.000280
401 0.000279
402 0.000279
403 0.000280
404 0.000286
405 0.000286
406 0.000284
407 0.000284
408 0.000281
409 0.000285
410 0.000290
411 0.000297
412 0.000308
413 0.000309
414 0.000316
415 0.000315
416 0.000306
417 0.000302
418 0.000294
419 0.000283
420 0.000279
421 0.000275
422 0.000272
423 0.000272
424 0.000275
425 0.000275
426 0.000278
427 0.000277
428 0.000276
429 0.000278
430 0.000276
431 0.000270
432 0.000267
433 0.000267
434 0.000265
435 0.000264
436 0.000262
437 0.000263
438 0.000260
439 0.000262
440 0.000263
441 0.000265
442 0.000268
443 0.000268
444 0.000263
445 0.000258
446 0.000249
447 0.000246
448 0.000240
449 0.000227
450 0.000224
451 0.000218
452 0.000214
453 0.000213
454 0.000207
455 0.000205
456 0.000196
457 0.000189
458 0.000185
459 0.000178
460 0.000174
461 0.000165
462 0.000156
463 0.000149
464 0.000150
465 0.000147
466 0.000143
467 0.000139
468 0.000133
469 0.000132
470 0.000133
471 0.000130
472 0.000128
473 0.000128
474 0.000127
475 0.000124
476 0.000121
477 0.000124
478 0.000124
479 0.000124
480 0.000122
481 0.000122
482 0.000123
483 0.000124
484 0.000124
485 0.000127
486 0.000125
487 0.000124
488 0.000123
489 0.000123
490 0.000120
491 0.000116
492 0.000113
493 0.000114
494 0.000113
495 0.000106
496 0.000108
497 0.000108
498 0.000106
499 0.000108
500 0.000106
501 0.000103
502 0.000098
503 0.000090
504 0.000083
505 0.000079
506 0.000074
507 0.000075
508 0.000080
509 0.000083
510 0.000090
511 0.000087
512 0.000083
513 0.000080
514 0.000080
515 0.000083
516 0.000085
517 0.000091
518 0.000094
519 0.000101
520 0.000106
521 0.000110
522 0.000112
523 0.000117
524 0.000121
525 0.000122
526 0.000120
527 0.000125
528 0.000131
529 0.000131
530 0.000135
531 0.000136
532 0.000131
533 0.000128
534 0.000129
535 0.000130
536 0.000128
537 0.000125
538 0.000122
539 0.000121
540 0.000121
541 0.000120
542 0.000127
543 0.000131
544 0.000133
545 0.000136
546 0.000133
547 0.000129
548 0.000129
549 0.000124
550 0.000121
551 0.000117
552 0.000115
553 0.000112
554 0.000114
555 0.000110
556 0.000113
557 0.000115
558 0.000118
559 0.000120
560 0.000126
561 0.000126
562 0.000120
563 0.000119
564 0.000117
565 0.000118
566 0.000116
567 0.000114
568 0.000113
569 0.000116
570 0.000119
571 0.000118
572 0.000119
573 0.000119
574 0.000117
575 0.000113
576 0.000111
577 0.000109
578 0.000109
579 0.000109
580 0.000108
581 0.000104
582 0.000102
583 0.000104
584 0.000105
585 0.000107
586 0.000108
587 0.000107
588 0.000107
589 0.000107
590 0.000103
591 0.000102
592 0.000097
593 0.000095
594 0.000096
595 0.000096
596 0.000096
597 0.000097
598 0.000095
599 0.000096
600 0.000097
601 0.000097
602 0.000096
603 0.000095
604 0.000093
605 0.000096
606 0.000096
607 0.000097
608 0.000100
609 0.000100
610 0.000095
611 0.000094
612 0.000091
613 0.000093
614 0.000092
615 0.000094
616 0.000091
617 0.000088
618 0.000085
619 0.000083
620 0.000076
621 0.000073
622 0.000073
623 0.000073
624 0.000078
625 0.000082
626 0.000088
627 0.000094
628 0.000098
629 0.000103
630 0.000106
631 0.000105
632 0.000103
633 0.000102
634 0.000103
635 0.000101
636 0.000099
637 0.000102
638 0.000104
639 0.000108
640 0.000110
641 0.000113
642 0.000116
643 0.000116
644 0.000114
645 0.000114
646 0.000109
647 0.000106
648 0.000106
649 0.000106
650 0.000108
651 0.000107
652 0.000103
653 0.000099
654 0.000098
655 0.000093
656 0.000089
657 0.000086
658 0.000081
659 0.000076
660 0.000074
661 0.000070
662 0.000068
663 0.000066
664 0.000062
665 0.000058
666 0.000059
667 0.000056
668 0.000056
669 0.000054
670 0.000056
671 0.000058
672 0.000065
673 0.000075
674 0.000081
675 0.000093
676 0.000105
677 0.000109
678 0.000112
679 0.000114
680 0.000115
681 0.000115
682 0.000117
683 0.000120
684 0.000123
685 0.000126
686 0.000128
687 0.000128
688 0.000127
689 0.000124
690 0.000118
691 0.000113
692 0.000112
693 0.000107
694 0.000099
695 0.000094
696 0.000088
697 0.000082
698 0.000076
699 0.000068
700 0.000062
701 0.000054
702 0.000053
703 0.000053
704 0.000053
705 0.000049
706 0.000045
707 0.000038
708 0.000034
709 0.000029
710 0.000022
711 0.000016
712 0.000013
713 0.000011
714 0.000011
715 0.000009
716 0.000007
717 0.000005
718 0.000004
719 0.000003
720 0.000001
721 -0.000001
722 -0.000004
723 -0.000005
724 -0.000006
725 -0.000008
726 -0.000010
727 -0.000014
728 -0.000021
729 -0.000027
730 -0.000033
731 -0.000036
732 -0.000040
733 -0.000047
734 -0.000050
735 -0.000055
736 -0.000059
737 -0.000058
738 -0.000059
739 -0.000060
740 -0.000057
741 -0.000052
742 -0.000048
743 -0.000046
744 -0.000049
745 -0.000051
746 -0.000051
747 -0.000053
748 -0.000053
749 -0.000054
750 -0.000056
751 -0.000059
752 -0.000058
753 -0.000059
754 -0.000060
755 -0.000061
756 -0.000063
757 -0.000062
758 -0.000064
759 -0.000064
760 -0.000065
761 -0.000064
762 -0.000065
763 -0.000065
764 -0.000068
765 -0.000071
766 -0.000067
767 -0.000062
768 -0.000057
769 -0.000050
770 -0.000047
771 -0.000044
772 -0.000040
773 -0.000037
774 -0.000036
775 -0.000034
776 -0.000033
777 -0.000033
778 -0.000029
779 -0.000027
780 -0.000023
781 -0.000022
782 -0.000019
783 -0.000014
784 -0.000013
785 -0.000011
786 -0.000009
787 -0.000007
788 -0.000007
789 -0.000003
790 -0.000001
791 -0.000000
792 0.000003
793 0.000002
794 0.000003
795 0.000007
796 0.000007
797 0.000005
798 0.000006
799 0.000003
800 0.000002
801 0.000002
802 -0.000002
803 -0.000005
804 -0.000006
805 -0.000010
806 -0.000012
807 -0.000015
808 -0.000016
809 -0.000015
