# i correlation
1 0.001894
2 0.001831
3 0.001779
4 0.001730
5 0.001689
6 0.001651
7 0.001619
8 0.001594
9 0.001570
10 0.001553
11 0.001537
12 0.001518
13 0.001494
14 0.001469
15 0.001440
16 0.001416
17 0.001396
18 0.001379
19 0.001368
20 0.001359
21 0.001351
22 0.001340
23 0.001325
24 0.001310
25 0.001297
26 0.001282
27 0.001265
28 0.001242
29 0.001223
30 0.001210
31 0.001209
32 0.001209
33 0.001205
34 0.001201
35 0.001200
36 0.001192
37 0.001180
38 0.001172
39 0.001163
40 0.001160
41 0.001152
42 0.001148
43 0.001150
44 0.001148
45 0.001147
46 0.001145
47 0.001142
48 0.001134
49 0.001125
50 0.001120
51 0.001115
52 0.001112
53 0.001111
54 0.001113
55 0.001121
56 0.001131
57 0.001140
58 0.001147
59 0.001146
60 0.001149
61 0.001146
62 0.001147
63 0.001151
64 0.001160
65 0.001166
66 0.001167
67 0.001165
68 0.001164
69 0.001164
70 0.001157
71 0.001146
72 0.001136
73 0.001125
74 0.001114
75 0.001108
76 0.001106
77 0.001103
78 0.001109
79 0.001111
80 0.001107
81 0.001096
82 0.001085
83 0.001077
84 0.001072
85 0.001069
86 0.001070
87 0.001065
88 0.001065
89 0.001061
90 0.001064
91 0.001066
92 0.001061
93 0.001049
94 0.001042
95 0.001039
96 0.001032
97 0.001029
98 0.001027
99 0.001032
100 0.001043
101 0.001042
102 0.001037
103 0.001035
104 0.001033
105 0.001031
106 0.001027
107 0.001017
108 0.001003
109 0.000995
110 0.000988
111 0.000988
112 0.000989
113 0.000990
114 0.000989
115 0.000986
116 0.000980
117 0.000967
118 0.000955
119 0.000949
120 0.000939
121 0.000932
122 0.000933
123 0.000930
124 0.000926
125 0.000934
126 0.000941
127 0.000942
128 0.000933
129 0.000932
130 0.000934
131 0.000934
132 0.000931
133 0.000929
134 0.000926
135 0.000924
136 0.000922
137 0.000917
138 0.000912
139 0.000903
140 0.000892
141 0.000888
142 0.000883
143 0.000875
144 0.000863
145 0.000852
146 0.000849
147 0.000848
148 0.000846
149 0.000839
150 0.000834
151 0.000825
152 0.000818
153 0.000810
154 0.000808
155 0.000809
156 0.000810
157 0.000808
158 0.000808
159 0.000809
160 0.000808
161 0.000805
162 0.000806
163 0.000807
164 0.000805
165 0.000803
166 0.000799
167 0.000791
168 0.000784
169 0.000786
170 0.000787
171 0.000783
172 0.000779
173 0.000775
174 0.000771
175 0.000770
176 0.000770
177 0.000774
178 0.000769
179 0.000765
180 0.000757
181 0.000750
182 0.000742
183 0.000732
184 0.000723
185 0.000716
186 0.000705
187 0.000703
188 0.000701
189 0.000701
190 0.000708
191 0.000717
192 0.000721
193 0.000718
194 0.000720
195 0.000720
196 0.000720
197 0.000718
198 0.000711
199 0.000699
200 0.000693
201 0.000688
202 0.000681
203 0.000674
204 0.000662
205 0.000652
206 0.000643
207 0.000632
208 0.000627
209 0.000620
210 0.000620
211 0.000623
212 0.000629
213 0.000637
214 0.000642
215 0.000638
216 0.000635
217 0.000636
218 0.000626
219 0.000621
220 0.000616
221 0.000613
222 0.000615
223 0.000609
224 0.000599
225 0.000602
226 0.000607
227 0.000610
228 0.000606
229 0.000595
230 0.000585
231 0.000572
232 0.000561
233 0.000557
234 0.000554
235 0.000552
236 0.000548
237 0.000550
238 0.000549
239 0.000551
240 0.000552
241 0.000556
242 0.000557
243 0.000556
244 0.000555
245 0.000551
246 0.000550
247 0.000553
248 0.000554
249 0.000551
250 0.000550
251 0.000548
252 0.000547
253 0.000551
254 0.000553
255 0.000559
256 0.000570
257 0.000576
258 0.000578
259 0.000578
260 0.000584
261 0.000588
262 0.000583
263 0.000583
264 0.000584
265 0.000584
266 0.000581
267 0.000582
268 0.000586
269 0.000594
270 0.000593
271 0.000594
272 0.000597
273 0.000599
274 0.000598
275 0.000598
276 0.000597
277 0.000599
278 0.000599
279 0.000601
280 0.000603
281 0.000604
282 0.000606
283 0.000608
284 0.000602
285 0.000593
286 0.000581
287 0.000562
288 0.000549
289 0.000538
290 0.000526
291 0.000524
292 0.000524
293 0.000518
294 0.000511
295 0.000510
296 0.000509
297 0.000506
298 0.000498
299 0.000487
300 0.000479
301 0.000473
302 0.000464
303 0.000461
304 0.000461
305 0.000463
306 0.000466
307 0.000470
308 0.000470
309 0.000469
310 0.000461
311 0.000452
312 0.000445
313 0.000442
314 0.000436
315 0.000426
316 0.000417
317 0.000419
318 0.000413
319 0.000410
320 0.000411
321 0.000407
322 0.000402
323 0.000396
324 0.000387
325 0.000380
326 0.000380
327 0.000385
328 0.000389
329 0.000393
330 0.000392
331 0.000391
332 0.000389
333 0.000389
334 0.000386
335 0.000378
336 0.000373
337 0.000368
338 0.000365
339 0.000369
340 0.000375
341 0.000384
342 0.000391
343 0.000396
344 0.000401
345 0.000396
346 0.000392
347 0.000389
348 0.000388
349 0.000385
350 0.000381
351 0.000384
352 0.000395
353 0.000409
354 0.000418
355 0.000426
356 0.000435
357 0.000441
358 0.000441
359 0.000439
360 0.000440
361 0.000440
362 0.000440
363 0.000445
364 0.000451
365 0.000456
366 0.000458
367 0.000456
368 0.000458
369 0.000458
370 0.000459
371 0.000458
372 0.000458
373 0.000459
374 0.000459
375 0.000462
376 0.000464
377 0.000467
378 0.000467
379 0.000461
380 0.000459
381 0.000451
382 0.000449
383 0.000455
384 0.000456
385 0.000459
386 0.000458
387 0.000456
388 0.000453
389 0.000451
390 0.000449
391 0.000447
392 0.000444
393 0.000434
394 0.000425
395 0.000422
396 0.000421
397 0.000419
398 0.000420
399 0.000424
400 0.000425
401 0.000423
402 0.000423
403 0.000424
404 0.000422
405 0.000420
406 0.000420
407 0.000419
408 0.000422
409 0.000425
410 0.000433
411 0.000443
412 0.000445
413 0.000444
414 0.000442
415 0.000439
416 0.000433
417 0.000430
418 0.000428
419 0.000430
420 0.000431
421 0.000430
422 0.000436
423 0.000442
424 0.000441
425 0.000438
426 0.000436
427 0.000432
428 0.000427
429 0.000422
430 0.000418
431 0.000416
432 0.000416
433 0.000417
434 0.000422
435 0.000425
436 0.000427
437 0.000422
438 0.000419
439 0.000418
440 0.000411
441 0.000402
442 0.000397
443 0.000394
444 0.000393
445 0.000391
446 0.000392
447 0.000396
448 0.000399
449 0.000396
450 0.000385
451 0.000377
452 0.000372
453 0.000368
454 0.000365
455 0.000365
456 0.000366
457 0.000362
458 0.000362
459 0.000357
460 0.000356
461 0.000354
462 0.000347
463 0.000346
464 0.000342
465 0.000337
466 0.000337
467 0.000335
468 0.000336
469 0.000340
470 0.000346
471 0.000352
472 0.000352
473 0.000349
474 0.000348
475 0.000349
476 0.000346
477 0.000345
478 0.000342
479 0.000344
480 0.000348
481 0.000345
482 0.000342
483 0.000340
484 0.000334
485 0.000326
486 0.000325
487 0.000327
488 0.000331
489 0.000336
490 0.000346
491 0.000357
492 0.000364
493 0.000363
494 0.000367
495 0.000368
496 0.000374
497 0.000376
498 0.000384
499 0.000391
500 0.000400
501 0.000405
502 0.000411
503 0.000419
504 0.000425
505 0.000431
506 0.000435
507 0.000436
508 0.000438
509 0.000439
510 0.000436
511 0.000438
512 0.000438
513 0.000432
514 0.000427
515 0.000421
516 0.000414
517 0.000408
518 0.000406
519 0.000401
520 0.000394
521 0.000391
522 0.000386
523 0.000380
524 0.000372
525 0.000368
526 0.000364
527 0.000357
528 0.000351
529 0.000345
530 0.000339
531 0.000335
532 0.000335
533 0.000336
534 0.000336
535 0.000335
536 0.000334
537 0.000331
538 0.000330
539 0.000333
540 0.000327
541 0.000318
542 0.000309
543 0.000299
544 0.000291
545 0.000285
546 0.000278
547 0.000274
548 0.000270
549 0.000270
550 0.000265
551 0.000258
552 0.000258
553 0.000257
554 0.000256
555 0.000257
556 0.000258
557 0.000258
558 0.000260
559 0.000261
560 0.000261
561 0.000263
562 0.000262
563 0.000258
564 0.000255
565 0.000254
566 0.000254
567 0.000256
568 0.000256
569 0.000260
570 0.000267
571 0.000267
572 0.000263
573 0.000260
574 0.000265
575 0.000267
576 0.000267
577 0.000266
578 0.000267
579 0.000267
580 0.000269
581 0.000271
582 0.000271
583 0.000268
584 0.000269
585 0.000269
586 0.000268
587 0.000266
588 0.000261
589 0.000253
590 0.000247
591 0.000243
592 0.000240
593 0.000238
594 0.000234
595 0.000233
596 0.000235
597 0.000237
598 0.000240
599 0.000238
600 0.000236
601 0.000232
602 0.000234
603 0.000236
604 0.000234
605 0.000233
606 0.000231
607 0.000232
608 0.000228
609 0.000227
610 0.000223
611 0.000218
612 0.000216
613 0.000214
614 0.000209
615 0.000200
616 0.000193
617 0.000188
618 0.000183
619 0.000178
620 0.000172
621 0.000171
622 0.000169
623 0.000170
624 0.000175
625 0.000180
626 0.000184
627 0.000184
628 0.000183
629 0.000186
630 0.000186
631 0.000183
632 0.000181
633 0.000179
634 0.000176
635 0.000172
636 0.000171
637 0.000169
638 0.000167
639 0.000168
640 0.000171
641 0.000173
642 0.000175
643 0.000174
644 0.000175
645 0.000175
646 0.000173
647 0.000170
648 0.000173
649 0.000170
650 0.000170
651 0.000170
652 0.000171
653 0.000170
654 0.000167
655 0.000163
656 0.000162
657 0.000160
658 0.000157
659 0.000156
660 0.000154
661 0.000156
662 0.000155
663 0.000153
664 0.000154
665 0.000155
666 0.000154
667 0.000155
668 0.000155
669 0.000157
670 0.000154
671 0.000155
672 0.000152
673 0.000148
674 0.000143
675 0.000140
676 0.000134
677 0.000129
678 0.000122
679 0.000117
680 0.000112
681 0.000111
682 0.000110
683 0.000110
684 0.000110
685 0.000111
686 0.000110
687 0.000110
688 0.000111
689 0.000109
690 0.000110
691 0.000113
692 0.000118
693 0.000124
694 0.000128
695 0.000131
696 0.000131
697 0.000132
698 0.000130
699 0.000131
700 0.000134
701 0.000133
702 0.000136
703 0.000141
704 0.000146
705 0.000150
706 0.000151
707 0.000149
708 0.000150
709 0.000151
710 0.000149
711 0.000146
712 0.000143
713 0.000138
714 0.000133
715 0.000126
716 0.000123
717 0.000122
718 0.000123
719 0.000123
720 0.000119
721 0.000114
722 0.000107
723 0.000099
724 0.000090
725 0.000082
726 0.000075
727 0.000068
728 0.000065
729 0.000065
730 0.000063
731 0.000060
732 0.000060
733 0.000060
734 0.000057
735 0.000057
736 0.000057
737 0.000054
738 0.000048
739 0.000047
740 0.000046
741 0.000041
742 0.000034
743 0.000031
744 0.000032
745 0.000032
746 0.000035
747 0.000033
748 0.000032
749 0.000030
750 0.000028
751 0.000029
752 0.000030
753 0.000032
754 0.000034
755 0.000043
756 0.000052
757 0.000057
758 0.000062
759 0.000068
760 0.000072
761 0.000077
762 0.000081
763 0.000084
764 0.000084
765 0.000086
766 0.000089
767 0.000092
768 0.000095
769 0.000098
770 0.000099
771 0.000101
772 0.000106
773 0.000109
774 0.000109
775 0.000113
776 0.000118
777 0.000120
778 0.000122
779 0.000123
780 0.000123
781 0.000120
782 0.000117
783 0.000117
784 0.000116
785 0.000109
786 0.000104
787 0.000099
788 0.000094
789 0.000089
790 0.000082
791 0.000075
792 0.000073
793 0.000070
794 0.000067
795 0.000063
796 0.000059
797 0.000054
798 0.000050
799 0.000047
800 0.000048
801 0.000047
802 0.000045
803 0.000043
804 0.000041
805 0.000036
806 0.000032
807 0.000026
808 0.000020
809 0.000012
