# i correlation
1 0.001599
2 0.001533
3 0.001470
4 0.001416
5 0.001380
6 0.001339
7 0.001302
8 0.001276
9 0.001253
10 0.001238
11 0.001224
12 0.001209
13 0.001195
14 0.001184
15 0.001173
16 0.001159
17 0.001145
18 0.001132
19 0.001121
20 0.001113
21 0.001115
22 0.001120
23 0.001125
24 0.001131
25 0.001133
26 0.001134
27 0.001127
28 0.001120
29 0.001111
30 0.001100
31 0.001087
32 0.001082
33 0.001079
34 0.001068
35 0.001057
36 0.001046
37 0.001033
38 0.001025
39 0.001020
40 0.001027
41 0.001028
42 0.001027
43 0.001015
44 0.001006
45 0.001000
46 0.000998
47 0.000998
48 0.000995
49 0.000990
50 0.000983
51 0.000973
52 0.000965
53 0.000957
54 0.000952
55 0.000952
56 0.000948
57 0.000941
58 0.000938
59 0.000936
60 0.000932
61 0.000935
62 0.000934
63 0.000935
64 0.000936
65 0.000941
66 0.000941
67 0.000938
68 0.000935
69 0.000932
70 0.000928
71 0.000927
72 0.000923
73 0.000922
74 0.000921
75 0.000928
76 0.000940
77 0.000944
78 0.000937
79 0.000927
80 0.000921
81 0.000915
82 0.000907
83 0.000897
84 0.000879
85 0.000867
86 0.000859
87 0.000851
88 0.000850
89 0.000849
90 0.000846
91 0.000833
92 0.000820
93 0.000808
94 0.000795
95 0.000782
96 0.000768
97 0.000762
98 0.000762
99 0.000762
100 0.000768
101 0.000769
102 0.000765
103 0.000769
104 0.000772
105 0.000781
106 0.000787
107 0.000785
108 0.000782
109 0.000783
110 0.000776
111 0.000771
112 0.000766
113 0.000760
114 0.000752
115 0.000740
116 0.000736
117 0.000733
118 0.000738
119 0.000746
120 0.000752
121 0.000756
122 0.000756
123 0.000760
124 0.000754
125 0.000743
126 0.000736
127 0.000733
128 0.000733
129 0.000739
130 0.000747
131 0.000754
132 0.000756
133 0.000753
134 0.000746
135 0.000743
136 0.000734
137 0.000721
138 0.000709
139 0.000694
140 0.000681
141 0.000668
142 0.000659
143 0.000647
144 0.000641
145 0.000640
146 0.000644
147 0.000652
148 0.000650
149 0.000645
150 0.000636
151 0.000625
152 0.000625
153 0.000628
154 0.000626
155 0.000623
156 0.000617
157 0.000607
158 0.000602
159 0.000602
160 0.000598
161 0.000598
162 0.000597
163 0.000595
164 0.000601
165 0.000605
166 0.000606
167 0.000605
168 0.000603
169 0.000605
170 0.000604
171 0.000602
172 0.000603
173 0.000598
174 0.000594
175 0.000593
176 0.000600
177 0.000604
178 0.000608
179 0.000612
180 0.000612
181 0.000612
182 0.000617
183 0.000614
184 0.000613
185 0.000610
186 0.000612
187 0.000614
188 0.000617
189 0.000619
190 0.000617
191 0.000615
192 0.000612
193 0.000611
194 0.000612
195 0.000613
196 0.000619
197 0.000624
198 0.000625
199 0.000628
200 0.000625
201 0.000625
202 0.000623
203 0.000619
204 0.000620
205 0.000620
206 0.000620
207 0.000621
208 0.000617
209 0.000619
210 0.000617
211 0.000617
212 0.000621
213 0.000623
214 0.000628
215 0.000626
216 0.000627
217 0.000623
218 0.000615
219 0.000610
220 0.000607
221 0.000611
222 0.000609
223 0.000606
224 0.000609
225 0.000608
226 0.000608
227 0.000605
228 0.000609
229 0.000608
230 0.000603
231 0.000595
232 0.000584
233 0.000571
234 0.000552
235 0.000539
236 0.000529
237 0.000522
238 0.000517
239 0.000515
240 0.000515
241 0.000520
242 0.000533
243 0.000541
244 0.000553
245 0.000560
246 0.000558
247 0.000563
248 0.000560
249 0.000558
250 0.000555
251 0.000551
252 0.000555
253 0.000559
254 0.000566
255 0.000567
256 0.000564
257 0.000560
258 0.000558
259 0.000558
260 0.000559
261 0.000558
262 0.000560
263 0.000561
264 0.000559
265 0.000563
266 0.000563
267 0.000562
268 0.000560
269 0.000553
270 0.000547
271 0.000534
272 0.000521
273 0.000510
274 0.000506
275 0.000507
276 0.000513
277 0.000519
278 0.000529
279 0.000537
280 0.000536
281 0.000532
282 0.000530
283 0.000524
284 0.000523
285 0.000522
286 0.000521
287 0.000518
288 0.000514
289 0.000515
290 0.000514
291 0.000509
292 0.000504
293 0.000501
294 0.000499
295 0.000500
296 0.000499
297 0.000497
298 0.000497
299 0.000499
300 0.000504
301 0.000511
302 0.000516
303 0.000515
304 0.000516
305 0.000518
306 0.000519
307 0.000520
308 0.000521
309 0.000523
310 0.000529
311 0.000536
312 0.000537
313 0.000536
314 0.000535
315 0.000535
316 0.000536
317 0.000537
318 0.000538
319 0.000540
320 0.000542
321 0.000541
322 0.000537
323 0.000535
324 0.000534
325 0.000542
326 0.000551
327 0.000552
328 0.000561
329 0.000568
330 0.000573
331 0.000579
332 0.000578
333 0.000581
334 0.000584
335 0.000579
336 0.000578
337 0.000579
338 0.000572
339 0.000564
340 0.000556
341 0.000550
342 0.000549
343 0.000546
344 0.000548
345 0.000550
346 0.000550
347 0.000549
348 0.000547
349 0.000544
350 0.000541
351 0.000543
352 0.000548
353 0.000543
354 0.000539
355 0.000535
356 0.000532
357 0.000529
358 0.000528
359 0.000526
360 0.000525
361 0.000522
362 0.000516
363 0.000513
364 0.000507
365 0.000501
366 0.000496
367 0.000490
368 0.000487
369 0.000484
370 0.000485
371 0.000486
372 0.000481
373 0.000481
374 0.000486
375 0.000491
376 0.000499
377 0.000507
378 0.000513
379 0.000514
380 0.000516
381 0.000515
382 0.000517
383 0.000523
384 0.000533
385 0.000547
386 0.000554
387 0.000555
388 0.000556
389 0.000555
390 0.000552
391 0.000553
392 0.000556
393 0.000559
394 0.000560
395 0.000557
396 0.000556
397 0.000552
398 0.000552
399 0.000547
400 0.000546
401 0.000545
402 0.000542
403 0.000537
404 0.000530
405 0.000524
406 0.000520
407 0.000518
408 0.000510
409 0.000510
410 0.000518
411 0.000525
412 0.000535
413 0.000543
414 0.000547
415 0.000548
416 0.000542
417 0.000536
418 0.000536
419 0.000536
420 0.000533
421 0.000529
422 0.000518
423 0.000506
424 0.000495
425 0.000490
426 0.000486
427 0.000479
428 0.000470
429 0.000466
430 0.000460
431 0.000454
432 0.000445
433 0.000439
434 0.000441
435 0.000441
436 0.000442
437 0.000443
438 0.000446
439 0.000449
440 0.000449
441 0.000445
442 0.000446
443 0.000446
444 0.000449
445 0.000449
446 0.000455
447 0.000461
448 0.000464
449 0.000467
450 0.000469
451 0.000477
452 0.000483
453 0.000480
454 0.000482
455 0.000481
456 0.000483
457 0.000481
458 0.000481
459 0.000479
460 0.000479
461 0.000483
462 0.000477
463 0.000470
464 0.000460
465 0.000450
466 0.000442
467 0.000432
468 0.000422
469 0.000414
470 0.000404
471 0.000399
472 0.000397
473 0.000397
474 0.000399
475 0.000404
476 0.000402
477 0.000399
478 0.000393
479 0.000390
480 0.000388
481 0.000384
482 0.000378
483 0.000378
484 0.000380
485 0.000381
486 0.000383
487 0.000383
488 0.000381
489 0.000381
490 0.000387
491 0.000392
492 0.000394
493 0.000392
494 0.000394
495 0.000394
496 0.000398
497 0.000396
498 0.000395
499 0.000389
500 0.000379
501 0.000370
502 0.000355
503 0.000343
504 0.000331
505 0.000329
506 0.000328
507 0.000330
508 0.000328
509 0.000322
510 0.000319
511 0.000318
512 0.000319
513 0.000319
514 0.000315
515 0.000317
516 0.000322
517 0.000328
518 0.000334
519 0.000342
520 0.000352
521 0.000361
522 0.000371
523 0.000380
524 0.000392
525 0.000392
526 0.000386
527 0.000388
528 0.000381
529 0.000377
530 0.000373
531 0.000367
532 0.000366
533 0.000364
534 0.000358
535 0.000350
536 0.000340
537 0.000333
538 0.000331
539 0.000330
540 0.000328
541 0.000325
542 0.000324
543 0.000325
544 0.000325
545 0.000327
546 0.000327
547 0.000322
548 0.000320
549 0.000319
550 0.000316
551 0.000309
552 0.000299
553 0.000292
554 0.000288
555 0.000285
556 0.000281
557 0.000283
558 0.000281
559 0.000280
560 0.000282
561 0.000283
562 0.000288
563 0.000290
564 0.000290
565 0.000296
566 0.000299
567 0.000304
568 0.000308
569 0.000304
570 0.000306
571 0.000307
572 0.000312
573 0.000320
574 0.000325
575 0.000330
576 0.000332
577 0.000332
578 0.000331
579 0.000330
580 0.000329
581 0.000326
582 0.000326
583 0.000323
584 0.000323
585 0.000322
586 0.000320
587 0.000315
588 0.000308
589 0.000302
590 0.000295
591 0.000291
592 0.000286
593 0.000279
594 0.000272
595 0.000271
596 0.000276
597 0.000281
598 0.000288
599 0.000297
600 0.000308
601 0.000318
602 0.000322
603 0.000322
604 0.000325
605 0.000325
606 0.000330
607 0.000334
608 0.000338
609 0.000339
610 0.000343
611 0.000344
612 0.000346
613 0.000346
614 0.000342
615 0.000341
616 0.000334
617 0.000328
618 0.000325
619 0.000321
620 0.000320
621 0.000323
622 0.000322
623 0.000316
624 0.000311
625 0.000307
626 0.000310
627 0.000315
628 0.000321
629 0.000324
630 0.000329
631 0.000328
632 0.000328
633 0.000327
634 0.000321
635 0.000312
636 0.000306
637 0.000298
638 0.000299
639 0.000297
640 0.000297
641 0.000295
642 0.000296
643 0.000304
644 0.000309
645 0.000311
646 0.000310
647 0.000308
648 0.000307
649 0.000302
650 0.000297
651 0.000293
652 0.000291
653 0.000291
654 0.000293
655 0.000294
656 0.000291
657 0.000289
658 0.000285
659 0.000284
660 0.000285
661 0.000283
662 0.000287
663 0.000293
664 0.000292
665 0.000290
666 0.000287
667 0.000285
668 0.000286
669 0.000287
670 0.000285
671 0.000284
672 0.000284
673 0.000285
674 0.000287
675 0.000286
676 0.000286
677 0.000282
678 0.000277
679 0.000275
680 0.000270
681 0.000262
682 0.000257
683 0.000252
684 0.000246
685 0.000241
686 0.000240
687 0.000236
688 0.000236
689 0.000239
690 0.000239
691 0.000242
692 0.000244
693 0.000245
694 0.000245
695 0.000243
696 0.000243
697 0.000246
698 0.000249
699 0.000253
700 0.000256
701 0.000257
702 0.000261
703 0.000266
704 0.000274
705 0.000281
706 0.000281
707 0.000279
708 0.000279
709 0.000278
710 0.000281
711 0.000282
712 0.000282
713 0.000282
714 0.000280
715 0.000285
716 0.000285
717 0.000285
718 0.000284
719 0.000284
720 0.000284
721 0.000290
722 0.000295
723 0.000293
724 0.000289
725 0.000279
726 0.000274
727 0.000267
728 0.000261
729 0.000256
730 0.000253
731 0.000254
732 0.000257
733 0.000256
734 0.000253
735 0.000248
736 0.000241
737 0.000239
738 0.000237
739 0.000240
740 0.000244
741 0.000248
742 0.000247
743 0.000247
744 0.000250
745 0.000253
746 0.000252
747 0.000249
748 0.000244
749 0.000240
750 0.000239
751 0.000238
752 0.000233
753 0.000227
754 0.000220
755 0.000214
756 0.000207
757 0.000198
758 0.000186
759 0.000179
760 0.000171
761 0.000165
762 0.000163
763 0.000160
764 0.000157
765 0.000154
766 0.000153
767 0.000150
768 0.000150
769 0.000151
770 0.000150
771 0.000147
772 0.000146
773 0.000145
774 0.000149
775 0.000149
776 0.000151
777 0.000154
778 0.000153
779 0.000153
780 0.000153
781 0.000157
782 0.000160
783 0.000161
784 0.000160
785 0.000161
786 0.000165
787 0.000168
788 0.000167
789 0.000166
790 0.000165
791 0.000164
792 0.000168
793 0.000166
794 0.000167
795 0.000167
796 0.000167
797 0.000168
798 0.000174
799 0.000176
800 0.000174
801 0.000169
802 0.000166
803 0.000166
804 0.000163
805 0.000161
806 0.000163
807 0.000162
808 0.000163
809 0.000162
