# i correlation
1 0.001740
2 0.001675
3 0.001620
4 0.001579
5 0.001549
6 0.001520
7 0.001495
8 0.001467
9 0.001439
10 0.001414
11 0.001393
12 0.001378
13 0.001369
14 0.001366
15 0.001366
16 0.001365
17 0.001362
18 0.001357
19 0.001351
20 0.001352
21 0.001352
22 0.001347
23 0.001338
24 0.001321
25 0.001312
26 0.001302
27 0.001296
28 0.001285
29 0.001276
30 0.001270
31 0.001268
32 0.001263
33 0.001259
34 0.001253
35 0.001249
36 0.001250
37 0.001247
38 0.001242
39 0.001235
40 0.001227
41 0.001220
42 0.001219
43 0.001207
44 0.001193
45 0.001180
46 0.001169
47 0.001162
48 0.001159
49 0.001158
50 0.001155
51 0.001142
52 0.001127
53 0.001115
54 0.001109
55 0.001110
56 0.001117
57 0.001119
58 0.001123
59 0.001124
60 0.001123
61 0.001114
62 0.001111
63 0.001101
64 0.001092
65 0.001085
66 0.001068
67 0.001051
68 0.001031
69 0.001010
70 0.000998
71 0.000985
72 0.000978
73 0.000967
74 0.000957
75 0.000947
76 0.000938
77 0.000934
78 0.000929
79 0.000931
80 0.000933
81 0.000938
82 0.000942
83 0.000942
84 0.000937
85 0.000935
86 0.000926
87 0.000924
88 0.000924
89 0.000916
90 0.000907
91 0.000900
92 0.000901
93 0.000898
94 0.000890
95 0.000880
96 0.000872
97 0.000865
98 0.000855
99 0.000845
100 0.000839
101 0.000837
102 0.000835
103 0.000825
104 0.000815
105 0.000803
106 0.000796
107 0.000795
108 0.000795
109 0.000799
110 0.000807
111 0.000810
112 0.000810
113 0.000807
114 0.000805
115 0.000801
116 0.000797
117 0.000796
118 0.000797
119 0.000799
120 0.000801
121 0.000798
122 0.000791
123 0.000788
124 0.000790
125 0.000782
126 0.000769
127 0.000760
128 0.000760
129 0.000761
130 0.000754
131 0.000747
132 0.000739
133 0.000726
134 0.000716
135 0.000706
136 0.000700
137 0.000690
138 0.000685
139 0.000672
140 0.000657
141 0.000649
142 0.000647
143 0.000654
144 0.000666
145 0.000672
146 0.000679
147 0.000684
148 0.000692
149 0.000702
150 0.000712
151 0.000720
152 0.000727
153 0.000733
154 0.000740
155 0.000746
156 0.000751
157 0.000751
158 0.000751
159 0.000746
160 0.000739
161 0.000728
162 0.000720
163 0.000706
164 0.000699
165 0.000693
166 0.000691
167 0.000694
168 0.000688
169 0.000687
170 0.000688
171 0.000693
172 0.000693
173 0.000691
174 0.000692
175 0.000697
176 0.000702
177 0.000707
178 0.000713
179 0.000713
180 0.000706
181 0.000698
182 0.000691
183 0.000686
184 0.000683
185 0.000680
186 0.000670
187 0.000658
188 0.000644
189 0.000642
190 0.000641
191 0.000640
192 0.000641
193 0.000646
194 0.000652
195 0.000661
196 0.000673
197 0.000679
198 0.000689
199 0.000693
200 0.000696
201 0.000699
202 0.000698
203 0.000699
204 0.000695
205 0.000685
206 0.000677
207 0.000669
208 0.000663
209 0.000659
210 0.000657
211 0.000651
212 0.000647
213 0.000639
214 0.000632
215 0.000621
216 0.000618
217 0.000616
218 0.000614
219 0.000613
220 0.000613
221 0.000613
222 0.000608
223 0.000597
224 0.000584
225 0.000570
226 0.000559
227 0.000557
228 0.000551
229 0.000545
230 0.000537
231 0.000534
232 0.000531
233 0.000523
234 0.000521
235 0.000523
236 0.000521
237 0.000520
238 0.000518
239 0.000528
240 0.000533
241 0.000537
242 0.000537
243 0.000535
244 0.000530
245 0.000523
246 0.000517
247 0.000508
248 0.000501
249 0.000496
250 0.000488
251 0.000479
252 0.000473
253 0.000471
254 0.000472
255 0.000472
256 0.000472
257 0.000474
258 0.000481
259 0.000484
260 0.000491
261 0.000497
262 0.000505
263 0.000501
264 0.000497
265 0.000490
266 0.000490
267 0.000491
268 0.000491
269 0.000490
270 0.000484
271 0.000476
272 0.000467
273 0.000458
274 0.000451
275 0.000445
276 0.000443
277 0.000446
278 0.000452
279 0.000461
280 0.000463
281 0.000467
282 0.000469
283 0.000466
284 0.000463
285 0.000459
286 0.000456
287 0.000458
288 0.000458
289 0.000457
290 0.000453
291 0.000455
292 0.000459
293 0.000454
294 0.000451
295 0.000451
296 0.000447
297 0.000448
298 0.000448
299 0.000452
300 0.000451
301 0.000459
302 0.000466
303 0.000470
304 0.000477
305 0.000479
306 0.000480
307 0.000476
308 0.000470
309 0.000469
310 0.000470
311 0.000468
312 0.000463
313 0.000458
314 0.000458
315 0.000456
316 0.000452
317 0.000450
318 0.000451
319 0.000456
320 0.000464
321 0.000470
322 0.000478
323 0.000486
324 0.000492
325 0.000494
326 0.000496
327 0.000497
328 0.000499
329 0.000502
330 0.000505
331 0.000506
332 0.000499
333 0.000496
334 0.000491
335 0.000484
336 0.000476
337 0.000467
338 0.000457
339 0.000446
340 0.000436
341 0.000435
342 0.000436
343 0.000430
344 0.000422
345 0.000412
346 0.000407
347 0.000401
348 0.000401
349 0.000402
350 0.000406
351 0.000414
352 0.000418
353 0.000420
354 0.000419
355 0.000418
356 0.000418
357 0.000419
358 0.000413
359 0.000409
360 0.000412
361 0.000409
362 0.000407
363 0.000408
364 0.000411
365 0.000409
366 0.000404
367 0.000399
368 0.000395
369 0.000394
370 0.000392
371 0.000388
372 0.000384
373 0.000387
374 0.000392
375 0.000393
376 0.000391
377 0.000397
378 0.000402
379 0.000406
380 0.000412
381 0.000415
382 0.000418
383 0.000421
384 0.000423
385 0.000424
386 0.000425
387 0.000422
388 0.000420
389 0.000418
390 0.000417
391 0.000419
392 0.000417
393 0.000420
394 0.000424
395 0.000422
396 0.000415
397 0.000407
398 0.000403
399 0.000402
400 0.000399
401 0.000396
402 0.000393
403 0.000389
404 0.000382
405 0.000375
406 0.000377
407 0.000379
408 0.000375
409 0.000369
410 0.000366
411 0.000369
412 0.000374
413 0.000376
414 0.000377
415 0.000384
416 0.000390
417 0.000392
418 0.000390
419 0.000384
420 0.000380
421 0.000376
422 0.000373
423 0.000375
424 0.000374
425 0.000377
426 0.000375
427 0.000371
428 0.000362
429 0.000353
430 0.000349
431 0.000343
432 0.000336
433 0.000341
434 0.000343
435 0.000342
436 0.000337
437 0.000335
438 0.000332
439 0.000333
440 0.000337
441 0.000339
442 0.000339
443 0.000336
444 0.000337
445 0.000341
446 0.000341
447 0.000335
448 0.000328
449 0.000326
450 0.000323
451 0.000327
452 0.000328
453 0.000327
454 0.000326
455 0.000323
456 0.000320
457 0.000312
458 0.000308
459 0.000304
460 0.000303
461 0.000305
462 0.000307
463 0.000302
464 0.000292
465 0.000288
466 0.000286
467 0.000284
468 0.000278
469 0.000269
470 0.000260
471 0.000258
472 0.000256
473 0.000258
474 0.000265
475 0.000266
476 0.000271
477 0.000276
478 0.000278
479 0.000283
480 0.000284
481 0.000289
482 0.000297
483 0.000305
484 0.000309
485 0.000310
486 0.000307
487 0.000309
488 0.000316
489 0.000322
490 0.000323
491 0.000319
492 0.000315
493 0.000308
494 0.000303
495 0.000303
496 0.000302
497 0.000301
498 0.000299
499 0.000299
500 0.000302
501 0.000306
502 0.000310
503 0.000312
504 0.000317
505 0.000319
506 0.000319
507 0.000316
508 0.000318
509 0.000321
510 0.000325
511 0.000325
512 0.000322
513 0.000316
514 0.000306
515 0.000295
516 0.000287
517 0.000281
518 0.000278
519 0.000277
520 0.000272
521 0.000265
522 0.000262
523 0.000259
524 0.000260
525 0.000258
526 0.000259
527 0.000263
528 0.000265
529 0.000267
530 0.000268
531 0.000273
532 0.000277
533 0.000278
534 0.000279
535 0.000281
536 0.000282
537 0.000283
538 0.000284
539 0.000286
540 0.000282
541 0.000279
542 0.000273
543 0.000267
544 0.000269
545 0.000272
546 0.000274
547 0.000275
548 0.000274
549 0.000272
550 0.000271
551 0.000271
552 0.000273
553 0.000276
554 0.000280
555 0.000278
556 0.000274
557 0.000266
558 0.000261
559 0.000261
560 0.000260
561 0.000260
562 0.000260
563 0.000258
564 0.000258
565 0.000258
566 0.000257
567 0.000252
568 0.000248
569 0.000250
570 0.000251
571 0.000252
572 0.000252
573 0.000256
574 0.000256
575 0.000254
576 0.000250
577 0.000249
578 0.000245
579 0.000238
580 0.000232
581 0.000230
582 0.000224
583 0.000224
584 0.000227
585 0.000230
586 0.000231
587 0.000230
588 0.000226
589 0.000228
590 0.000235
591 0.000241
592 0.000249
593 0.000254
594 0.000258
595 0.000263
596 0.000265
597 0.000268
598 0.000265
599 0.000258
600 0.000254
601 0.000251
602 0.000246
603 0.000242
604 0.000237
605 0.000233
606 0.000228
607 0.000220
608 0.000214
609 0.000212
610 0.000212
611 0.000215
612 0.000224
613 0.000226
614 0.000222
615 0.000219
616 0.000219
617 0.000219
618 0.000219
619 0.000216
620 0.000212
621 0.000211
622 0.000207
623 0.000205
624 0.000198
625 0.000193
626 0.000190
627 0.000186
628 0.000186
629 0.000185
630 0.000185
631 0.000185
632 0.000187
633 0.000193
634 0.000200
635 0.000205
636 0.000207
637 0.000206
638 0.000203
639 0.000201
640 0.000195
641 0.000194
642 0.000190
643 0.000190
644 0.000188
645 0.000185
646 0.000182
647 0.000180
648 0.000184
649 0.000187
650 0.000189
651 0.000193
652 0.000197
653 0.000198
654 0.000201
655 0.000204
656 0.000209
657 0.000212
658 0.000215
659 0.000215
660 0.000213
661 0.000214
662 0.000212
663 0.000208
664 0.000204
665 0.000206
666 0.000207
667 0.000206
668 0.000204
669 0.000198
670 0.000190
671 0.000181
672 0.000178
673 0.000174
674 0.000173
675 0.000173
676 0.000169
677 0.000168
678 0.000169
679 0.000169
680 0.000170
681 0.000172
682 0.000172
683 0.000179
684 0.000187
685 0.000193
686 0.000198
687 0.000201
688 0.000206
689 0.000207
690 0.000209
691 0.000206
692 0.000203
693 0.000203
694 0.000204
695 0.000207
696 0.000208
697 0.000208
698 0.000206
699 0.000204
700 0.000204
701 0.000201
702 0.000202
703 0.000204
704 0.000208
705 0.000211
706 0.000213
707 0.000214
708 0.000218
709 0.000223
710 0.000230
711 0.000237
712 0.000238
713 0.000243
714 0.000247
715 0.000251
716 0.000258
717 0.000263
718 0.000264
719 0.000262
720 0.000260
721 0.000260
722 0.000261
723 0.000261
724 0.000261
725 0.000259
726 0.000254
727 0.000249
728 0.000244
729 0.000242
730 0.000241
731 0.000244
732 0.000246
733 0.000246
734 0.000246
735 0.000246
736 0.000244
737 0.000245
738 0.000243
739 0.000243
740 0.000242
741 0.000245
742 0.000244
743 0.000244
744 0.000244
745 0.000247
746 0.000251
747 0.000252
748 0.000256
749 0.000256
750 0.000257
751 0.000255
752 0.000254
753 0.000255
754 0.000255
755 0.000256
756 0.000250
757 0.000244
758 0.000239
759 0.000236
760 0.000232
761 0.000226
762 0.000223
763 0.000219
764 0.000218
765 0.000217
766 0.000221
767 0.000222
768 0.000224
769 0.000225
770 0.000226
771 0.000227
772 0.000228
773 0.000228
774 0.000224
775 0.000220
776 0.000221
777 0.000218
778 0.000212
779 0.000204
780 0.000199
781 0.000199
782 0.000196
783 0.000193
784 0.000187
785 0.000184
786 0.000180
787 0.000177
788 0.000175
789 0.000171
790 0.000173
791 0.000172
792 0.000170
793 0.000170
794 0.000168
795 0.000165
796 0.000163
797 0.000163
798 0.000162
799 0.000159
800 0.000152
801 0.000149
802 0.000146
803 0.000147
804 0.000148
805 0.000147
806 0.000145
807 0.000142
808 0.000142
809 0.000140
