# i correlation
1 0.001704
2 0.001646
3 0.001600
4 0.001568
5 0.001537
6 0.001506
7 0.001479
8 0.001453
9 0.001440
10 0.001431
11 0.001426
12 0.001419
13 0.001413
14 0.001405
15 0.001397
16 0.001386
17 0.001366
18 0.001353
19 0.001346
20 0.001344
21 0.001338
22 0.001335
23 0.001334
24 0.001326
25 0.001325
26 0.001316
27 0.001304
28 0.001291
29 0.001273
30 0.001260
31 0.001242
32 0.001223
33 0.001202
34 0.001189
35 0.001183
36 0.001183
37 0.001177
38 0.001177
39 0.001175
40 0.001176
41 0.001181
42 0.001179
43 0.001175
44 0.001166
45 0.001157
46 0.001148
47 0.001135
48 0.001130
49 0.001128
50 0.001125
51 0.001118
52 0.001111
53 0.001104
54 0.001093
55 0.001076
56 0.001068
57 0.001056
58 0.001045
59 0.001034
60 0.001021
61 0.001016
62 0.001015
63 0.001019
64 0.001021
65 0.001017
66 0.001019
67 0.001015
68 0.001011
69 0.001006
70 0.000995
71 0.000988
72 0.000979
73 0.000973
74 0.000967
75 0.000964
76 0.000961
77 0.000956
78 0.000957
79 0.000963
80 0.000970
81 0.000972
82 0.000978
83 0.000977
84 0.000985
85 0.000983
86 0.000983
87 0.000983
88 0.000987
89 0.000996
90 0.001000
91 0.001005
92 0.001003
93 0.001003
94 0.001007
95 0.001014
96 0.001015
97 0.001013
98 0.001005
99 0.000999
100 0.000987
101 0.000979
102 0.000975
103 0.000971
104 0.000968
105 0.000964
106 0.000960
107 0.000956
108 0.000952
109 0.000952
110 0.000953
111 0.000946
112 0.000941
113 0.000937
114 0.000933
115 0.000937
116 0.000941
117 0.000948
118 0.000948
119 0.000949
120 0.000948
121 0.000949
122 0.000954
123 0.000953
124 0.000948
125 0.000944
126 0.000938
127 0.000927
128 0.000926
129 0.000929
130 0.000928
131 0.000923
132 0.000921
133 0.000921
134 0.000918
135 0.000918
136 0.000916
137 0.000914
138 0.000915
139 0.000915
140 0.000918
141 0.000915
142 0.000918
143 0.000920
144 0.000920
145 0.000924
146 0.000924
147 0.000922
148 0.000917
149 0.000909
150 0.000897
151 0.000888
152 0.000880
153 0.000871
154 0.000865
155 0.000862
156 0.000853
157 0.000846
158 0.000845
159 0.000846
160 0.000847
161 0.000846
162 0.000843
163 0.000834
164 0.000830
165 0.000827
166 0.000824
167 0.000820
168 0.000821
169 0.000821
170 0.000815
171 0.000818
172 0.000815
173 0.000816
174 0.000810
175 0.000803
176 0.000794
177 0.000791
178 0.000795
179 0.000801
180 0.000805
181 0.000805
182 0.000800
183 0.000802
184 0.000807
185 0.000814
186 0.000814
187 0.000812
188 0.000807
189 0.000804
190 0.000798
191 0.000792
192 0.000787
193 0.000784
194 0.000782
195 0.000783
196 0.000786
197 0.000787
198 0.000785
199 0.000781
200 0.000776
201 0.000777
202 0.000771
203 0.000762
204 0.000756
205 0.000747
206 0.000737
207 0.000729
208 0.000729
209 0.000730
210 0.000732
211 0.000736
212 0.000735
213 0.000734
214 0.000730
215 0.000726
216 0.000716
217 0.000706
218 0.000702
219 0.000699
220 0.000700
221 0.000699
222 0.000700
223 0.000697
224 0.000697
225 0.000699
226 0.000697
227 0.000695
228 0.000690
229 0.000689
230 0.000687
231 0.000683
232 0.000678
233 0.000675
234 0.000678
235 0.000685
236 0.000691
237 0.000694
238 0.000698
239 0.000701
240 0.000707
241 0.000708
242 0.000711
243 0.000715
244 0.000722
245 0.000726
246 0.000726
247 0.000726
248 0.000723
249 0.000721
250 0.000713
251 0.000705
252 0.000697
253 0.000688
254 0.000682
255 0.000681
256 0.000675
257 0.000674
258 0.000671
259 0.000671
260 0.000673
261 0.000677
262 0.000680
263 0.000684
264 0.000688
265 0.000691
266 0.000691
267 0.000693
268 0.000695
269 0.000698
270 0.000702
271 0.000698
272 0.000690
273 0.000682
274 0.000680
275 0.000679
276 0.000678
277 0.000679
278 0.000674
279 0.000667
280 0.000659
281 0.000658
282 0.000658
283 0.000661
284 0.000665
285 0.000666
286 0.000667
287 0.000664
288 0.000667
289 0.000672
290 0.000680
291 0.000688
292 0.000688
293 0.000687
294 0.000682
295 0.000679
296 0.000675
297 0.000667
298 0.000659
299 0.000651
300 0.000643
301 0.000637
302 0.000632
303 0.000625
304 0.000621
305 0.000616
306 0.000613
307 0.000610
308 0.000610
309 0.000609
310 0.000608
311 0.000611
312 0.000610
313 0.000612
314 0.000615
315 0.000616
316 0.000611
317 0.000604
318 0.000600
319 0.000599
320 0.000596
321 0.000598
322 0.000597
323 0.000593
324 0.000590
325 0.000588
326 0.000591
327 0.000596
328 0.000601
329 0.000597
330 0.000593
331 0.000589
332 0.000584
333 0.000588
334 0.000593
335 0.000597
336 0.000597
337 0.000597
338 0.000597
339 0.000600
340 0.000599
341 0.000600
342 0.000601
343 0.000597
344 0.000596
345 0.000592
346 0.000591
347 0.000594
348 0.000596
349 0.000598
350 0.000598
351 0.000601
352 0.000607
353 0.000611
354 0.000609
355 0.000603
356 0.000599
357 0.000595
358 0.000595
359 0.000589
360 0.000585
361 0.000574
362 0.000567
363 0.000561
364 0.000555
365 0.000551
366 0.000552
367 0.000550
368 0.000545
369 0.000541
370 0.000538
371 0.000529
372 0.000525
373 0.000524
374 0.000519
375 0.000513
376 0.000505
377 0.000505
378 0.000507
379 0.000514
380 0.000520
381 0.000520
382 0.000522
383 0.000522
384 0.000525
385 0.000521
386 0.000514
387 0.000508
388 0.000502
389 0.000496
390 0.000489
391 0.000486
392 0.000485
393 0.000484
394 0.000485
395 0.000486
396 0.000484
397 0.000482
398 0.000482
399 0.000482
400 0.000480
401 0.000472
402 0.000462
403 0.000458
404 0.000455
405 0.000454
406 0.000453
407 0.000454
408 0.000458
409 0.000463
410 0.000469
411 0.000468
412 0.000468
413 0.000467
414 0.000469
415 0.000468
416 0.000466
417 0.000460
418 0.000454
419 0.000449
420 0.000446
421 0.000441
422 0.000437
423 0.000439
424 0.000443
425 0.000448
426 0.000451
427 0.000448
428 0.000445
429 0.000445
430 0.000446
431 0.000443
432 0.000440
433 0.000439
434 0.000440
435 0.000443
436 0.000450
437 0.000455
438 0.000459
439 0.000456
440 0.000453
441 0.000454
442 0.000452
443 0.000448
444 0.000446
445 0.000444
446 0.000442
447 0.000441
448 0.000445
449 0.000447
450 0.000451
451 0.000453
452 0.000451
453 0.000447
454 0.000443
455 0.000440
456 0.000436
457 0.000436
458 0.000435
459 0.000432
460 0.000427
461 0.000424
462 0.000423
463 0.000419
464 0.000415
465 0.000408
466 0.000402
467 0.000397
468 0.000394
469 0.000395
470 0.000394
471 0.000393
472 0.000395
473 0.000401
474 0.000405
475 0.000406
476 0.000407
477 0.000412
478 0.000412
479 0.000415
480 0.000419
481 0.000421
482 0.000424
483 0.000424
484 0.000421
485 0.000415
486 0.000411
487 0.000409
488 0.000410
489 0.000407
490 0.000403
491 0.000401
492 0.000408
493 0.000411
494 0.000414
495 0.000413
496 0.000416
497 0.000423
498 0.000422
499 0.000423
500 0.000423
501 0.000427
502 0.000431
503 0.000431
504 0.000431
505 0.000427
506 0.000421
507 0.000415
508 0.000410
509 0.000407
510 0.000401
511 0.000393
512 0.000390
513 0.000390
514 0.000386
515 0.000382
516 0.000375
517 0.000372
518 0.000366
519 0.000363
520 0.000364
521 0.000366
522 0.000371
523 0.000375
524 0.000382
525 0.000386
526 0.000387
527 0.000387
528 0.000382
529 0.000379
530 0.000373
531 0.000370
532 0.000369
533 0.000370
534 0.000369
535 0.000370
536 0.000370
537 0.000373
538 0.000375
539 0.000378
540 0.000378
541 0.000377
542 0.000376
543 0.000379
544 0.000378
545 0.000382
546 0.000387
547 0.000391
548 0.000393
549 0.000391
550 0.000390
551 0.000386
552 0.000381
553 0.000379
554 0.000375
555 0.000371
556 0.000368
557 0.000363
558 0.000360
559 0.000358
560 0.000359
561 0.000360
562 0.000361
563 0.000362
564 0.000363
565 0.000366
566 0.000368
567 0.000366
568 0.000365
569 0.000362
570 0.000361
571 0.000362
572 0.000363
573 0.000363
574 0.000362
575 0.000362
576 0.000361
577 0.000362
578 0.000363
579 0.000364
580 0.000358
581 0.000358
582 0.000353
583 0.000354
584 0.000355
585 0.000356
586 0.000355
587 0.000355
588 0.000363
589 0.000367
590 0.000371
591 0.000376
592 0.000380
593 0.000386
594 0.000388
595 0.000393
596 0.000397
597 0.000400
598 0.000402
599 0.000405
600 0.000405
601 0.000402
602 0.000396
603 0.000394
604 0.000394
605 0.000388
606 0.000388
607 0.000382
608 0.000377
609 0.000379
610 0.000381
611 0.000383
612 0.000386
613 0.000387
614 0.000390
615 0.000391
616 0.000389
617 0.000389
618 0.000390
619 0.000392
620 0.000392
621 0.000392
622 0.000393
623 0.000390
624 0.000388
625 0.000387
626 0.000388
627 0.000389
628 0.000390
629 0.000393
630 0.000394
631 0.000389
632 0.000384
633 0.000379
634 0.000379
635 0.000377
636 0.000373
637 0.000371
638 0.000374
639 0.000374
640 0.000375
641 0.000377
642 0.000382
643 0.000385
644 0.000386
645 0.000386
646 0.000381
647 0.000376
648 0.000370
649 0.000366
650 0.000361
651 0.000352
652 0.000348
653 0.000343
654 0.000342
655 0.000340
656 0.000339
657 0.000337
658 0.000334
659 0.000329
660 0.000323
661 0.000320
662 0.000311
663 0.000306
664 0.000301
665 0.000299
666 0.000297
667 0.000293
668 0.000290
669 0.000288
670 0.000289
671 0.000289
672 0.000289
673 0.000289
674 0.000287
675 0.000288
676 0.000287
677 0.000283
678 0.000280
679 0.000277
680 0.000272
681 0.000275
682 0.000279
683 0.000284
684 0.000288
685 0.000289
686 0.000290
687 0.000289
688 0.000292
689 0.000289
690 0.000285
691 0.000284
692 0.000280
693 0.000281
694 0.000286
695 0.000289
696 0.000288
697 0.000286
698 0.000283
699 0.000278
700 0.000273
701 0.000271
702 0.000265
703 0.000260
704 0.000254
705 0.000251
706 0.000251
707 0.000251
708 0.000252
709 0.000254
710 0.000255
711 0.000252
712 0.000247
713 0.000242
714 0.000239
715 0.000231
716 0.000224
717 0.000220
718 0.000220
719 0.000223
720 0.000223
721 0.000225
722 0.000229
723 0.000234
724 0.000241
725 0.000245
726 0.000247
727 0.000247
728 0.000245
729 0.000240
730 0.000232
731 0.000227
732 0.000223
733 0.000222
734 0.000222
735 0.000221
736 0.000224
737 0.000226
738 0.000225
739 0.000226
740 0.000227
741 0.000226
742 0.000221
743 0.000213
744 0.000208
745 0.000203
746 0.000202
747 0.000201
748 0.000194
749 0.000189
750 0.000183
751 0.000182
752 0.000179
753 0.000173
754 0.000166
755 0.000159
756 0.000152
757 0.000148
758 0.000145
759 0.000139
760 0.000134
761 0.000131
762 0.000133
763 0.000137
764 0.000140
765 0.000140
766 0.000140
767 0.000141
768 0.000144
769 0.000144
770 0.000143
771 0.000142
772 0.000145
773 0.000148
774 0.000151
775 0.000154
776 0.000159
777 0.000164
778 0.000168
779 0.000170
780 0.000169
781 0.000166
782 0.000163
783 0.000164
784 0.000162
785 0.000163
786 0.000162
787 0.000162
788 0.000163
789 0.000166
790 0.000172
791 0.000173
792 0.000178
793 0.000181
794 0.000186
795 0.000186
796 0.000185
797 0.000179
798 0.000178
799 0.000177
800 0.000174
801 0.000170
802 0.000162
803 0.000162
804 0.000164
805 0.000166
806 0.000167
807 0.000167
808 0.000171
809 0.000172
