# i correlation
1 0.002034
2 0.001974
3 0.001930
4 0.001889
5 0.001849
6 0.001814
7 0.001782
8 0.001758
9 0.001732
10 0.001717
11 0.001697
12 0.001676
13 0.001655
14 0.001640
15 0.001625
16 0.001606
17 0.001591
18 0.001580
19 0.001568
20 0.001557
21 0.001549
22 0.001536
23 0.001524
24 0.001510
25 0.001500
26 0.001496
27 0.001488
28 0.001477
29 0.001463
30 0.001448
31 0.001437
32 0.001426
33 0.001411
34 0.001402
35 0.001394
36 0.001385
37 0.001374
38 0.001368
39 0.001361
40 0.001356
41 0.001356
42 0.001350
43 0.001349
44 0.001347
45 0.001344
46 0.001342
47 0.001341
48 0.001338
49 0.001334
50 0.001331
51 0.001324
52 0.001321
53 0.001317
54 0.001305
55 0.001293
56 0.001280
57 0.001266
58 0.001262
59 0.001252
60 0.001249
61 0.001248
62 0.001247
63 0.001245
64 0.001246
65 0.001251
66 0.001254
67 0.001261
68 0.001268
69 0.001278
70 0.001282
71 0.001280
72 0.001276
73 0.001275
74 0.001270
75 0.001265
76 0.001256
77 0.001245
78 0.001237
79 0.001229
80 0.001215
81 0.001203
82 0.001198
83 0.001191
84 0.001188
85 0.001185
86 0.001184
87 0.001176
88 0.001167
89 0.001155
90 0.001143
91 0.001130
92 0.001126
93 0.001126
94 0.001128
95 0.001128
96 0.001133
97 0.001132
98 0.001127
99 0.001118
100 0.001106
101 0.001090
102 0.001082
103 0.001068
104 0.001057
105 0.001049
106 0.001039
107 0.001031
108 0.001033
109 0.001031
110 0.001025
111 0.001021
112 0.001020
113 0.001019
114 0.001022
115 0.001021
116 0.001023
117 0.001023
118 0.001017
119 0.001007
120 0.001004
121 0.000999
122 0.000990
123 0.000990
124 0.000984
125 0.000980
126 0.000978
127 0.000982
128 0.000982
129 0.000984
130 0.000986
131 0.000986
132 0.000983
133 0.000973
134 0.000966
135 0.000962
136 0.000958
137 0.000955
138 0.000956
139 0.000962
140 0.000968
141 0.000966
142 0.000964
143 0.000966
144 0.000972
145 0.000974
146 0.000974
147 0.000973
148 0.000974
149 0.000980
150 0.000983
151 0.000984
152 0.000988
153 0.000990
154 0.000991
155 0.000991
156 0.000987
157 0.000993
158 0.000995
159 0.000993
160 0.000990
161 0.000991
162 0.000989
163 0.000986
164 0.000991
165 0.000990
166 0.000983
167 0.000983
168 0.000977
169 0.000971
170 0.000967
171 0.000958
172 0.000950
173 0.000937
174 0.000926
175 0.000921
176 0.000911
177 0.000906
178 0.000904
179 0.000899
180 0.000900
181 0.000900
182 0.000893
183 0.000889
184 0.000882
185 0.000878
186 0.000874
187 0.000867
188 0.000855
189 0.000845
190 0.000835
191 0.000824
192 0.000819
193 0.000813
194 0.000806
195 0.000806
196 0.000808
197 0.000802
198 0.000800
199 0.000801
200 0.000807
201 0.000813
202 0.000819
203 0.000823
204 0.000822
205 0.000820
206 0.000817
207 0.000817
208 0.000812
209 0.000806
210 0.000807
211 0.000802
212 0.000792
213 0.000790
214 0.000788
215 0.000789
216 0.000785
217 0.000789
218 0.000793
219 0.000790
220 0.000778
221 0.000769
222 0.000766
223 0.000762
224 0.000761
225 0.000761
226 0.000757
227 0.000760
228 0.000771
229 0.000778
230 0.000779
231 0.000776
232 0.000767
233 0.000761
234 0.000759
235 0.000758
236 0.000753
237 0.000753
238 0.000760
239 0.000759
240 0.000757
241 0.000752
242 0.000745
243 0.000747
244 0.000745
245 0.000743
246 0.000741
247 0.000735
248 0.000734
249 0.000731
250 0.000725
251 0.000714
252 0.000702
253 0.000698
254 0.000695
255 0.000694
256 0.000692
257 0.000691
258 0.000689
259 0.000683
260 0.000677
261 0.000667
262 0.000656
263 0.000648
264 0.000638
265 0.000632
266 0.000627
267 0.000624
268 0.000613
269 0.000609
270 0.000607
271 0.000605
272 0.000599
273 0.000594
274 0.000587
275 0.000579
276 0.000576
277 0.000576
278 0.000575
279 0.000575
280 0.000576
281 0.000574
282 0.000569
283 0.000562
284 0.000557
285 0.000550
286 0.000537
287 0.000528
288 0.000525
289 0.000525
290 0.000521
291 0.000521
292 0.000526
293 0.000529
294 0.000529
295 0.000533
296 0.000541
297 0.000544
298 0.000548
299 0.000549
300 0.000547
301 0.000544
302 0.000539
303 0.000539
304 0.000542
305 0.000542
306 0.000544
307 0.000552
308 0.000559
309 0.000566
310 0.000573
311 0.000582
312 0.000585
313 0.000589
314 0.000592
315 0.000596
316 0.000600
317 0.000604
318 0.000607
319 0.000611
320 0.000610
321 0.000607
322 0.000605
323 0.000600
324 0.000597
325 0.000594
326 0.000588
327 0.000577
328 0.000565
329 0.000552
330 0.000543
331 0.000530
332 0.000522
333 0.000518
334 0.000516
335 0.000513
336 0.000512
337 0.000511
338 0.000505
339 0.000499
340 0.000495
341 0.000490
342 0.000492
343 0.000490
344 0.000486
345 0.000493
346 0.000497
347 0.000502
348 0.000505
349 0.000504
350 0.000504
351 0.000500
352 0.000500
353 0.000502
354 0.000505
355 0.000506
356 0.000501
357 0.000502
358 0.000502
359 0.000502
360 0.000503
361 0.000503
362 0.000500
363 0.000506
364 0.000508
365 0.000507
366 0.000506
367 0.000508
368 0.000509
369 0.000511
370 0.000508
371 0.000505
372 0.000503
373 0.000504
374 0.000505
375 0.000507
376 0.000508
377 0.000505
378 0.000502
379 0.000494
380 0.000487
381 0.000484
382 0.000480
383 0.000472
384 0.000464
385 0.000457
386 0.000455
387 0.000453
388 0.000455
389 0.000456
390 0.000459
391 0.000462
392 0.000460
393 0.000460
394 0.000461
395 0.000463
396 0.000460
397 0.000454
398 0.000449
399 0.000448
400 0.000442
401 0.000436
402 0.000434
403 0.000437
404 0.000440
405 0.000449
406 0.000454
407 0.000463
408 0.000462
409 0.000464
410 0.000470
411 0.000472
412 0.000475
413 0.000475
414 0.000467
415 0.000464
416 0.000463
417 0.000457
418 0.000453
419 0.000454
420 0.000457
421 0.000462
422 0.000467
423 0.000469
424 0.000472
425 0.000480
426 0.000480
427 0.000478
428 0.000477
429 0.000473
430 0.000476
431 0.000480
432 0.000480
433 0.000479
434 0.000474
435 0.000472
436 0.000472
437 0.000467
438 0.000462
439 0.000457
440 0.000453
441 0.000451
442 0.000452
443 0.000453
444 0.000451
445 0.000446
446 0.000442
447 0.000439
448 0.000434
449 0.000426
450 0.000421
451 0.000415
452 0.000405
453 0.000399
454 0.000389
455 0.000377
456 0.000370
457 0.000370
458 0.000373
459 0.000375
460 0.000375
461 0.000375
462 0.000376
463 0.000381
464 0.000379
465 0.000381
466 0.000380
467 0.000373
468 0.000367
469 0.000369
470 0.000367
471 0.000363
472 0.000366
473 0.000370
474 0.000379
475 0.000385
476 0.000388
477 0.000395
478 0.000404
479 0.000408
480 0.000408
481 0.000405
482 0.000403
483 0.000401
484 0.000403
485 0.000401
486 0.000396
487 0.000393
488 0.000392
489 0.000391
490 0.000387
491 0.000392
492 0.000394
493 0.000397
494 0.000403
495 0.000409
496 0.000412
497 0.000414
498 0.000420
499 0.000427
500 0.000428
501 0.000429
502 0.000429
503 0.000434
504 0.000440
505 0.000446
506 0.000452
507 0.000456
508 0.000457
509 0.000457
510 0.000456
511 0.000452
512 0.000445
513 0.000441
514 0.000437
515 0.000437
516 0.000432
517 0.000429
518 0.000433
519 0.000435
520 0.000438
521 0.000441
522 0.000445
523 0.000446
524 0.000444
525 0.000444
526 0.000444
527 0.000449
528 0.000453
529 0.000447
530 0.000447
531 0.000442
532 0.000436
533 0.000436
534 0.000433
535 0.000428
536 0.000425
537 0.000421
538 0.000420
539 0.000421
540 0.000421
541 0.000419
542 0.000417
543 0.000413
544 0.000410
545 0.000410
546 0.000407
547 0.000405
548 0.000408
549 0.000409
550 0.000408
551 0.000406
552 0.000405
553 0.000403
554 0.000400
555 0.000396
556 0.000397
557 0.000395
558 0.000395
559 0.000396
560 0.000397
561 0.000393
562 0.000388
563 0.000389
564 0.000391
565 0.000390
566 0.000393
567 0.000397
568 0.000403
569 0.000406
570 0.000412
571 0.000421
572 0.000428
573 0.000434
574 0.000446
575 0.000452
576 0.000462
577 0.000478
578 0.000487
579 0.000490
580 0.000496
581 0.000499
582 0.000502
583 0.000498
584 0.000494
585 0.000490
586 0.000489
587 0.000486
588 0.000485
589 0.000484
590 0.000483
591 0.000487
592 0.000496
593 0.000501
594 0.000500
595 0.000500
596 0.000497
597 0.000493
598 0.000487
599 0.000483
600 0.000482
601 0.000479
602 0.000475
603 0.000477
604 0.000475
605 0.000474
606 0.000474
607 0.000472
608 0.000471
609 0.000471
610 0.000469
611 0.000465
612 0.000461
613 0.000458
614 0.000460
615 0.000456
616 0.000451
617 0.000446
618 0.000444
619 0.000442
620 0.000443
621 0.000442
622 0.000440
623 0.000438
624 0.000436
625 0.000431
626 0.000427
627 0.000427
628 0.000425
629 0.000421
630 0.000421
631 0.000420
632 0.000419
633 0.000415
634 0.000414
635 0.000414
636 0.000417
637 0.000420
638 0.000423
639 0.000420
640 0.000419
641 0.000415
642 0.000415
643 0.000410
644 0.000409
645 0.000407
646 0.000406
647 0.000404
648 0.000404
649 0.000401
650 0.000404
651 0.000403
652 0.000402
653 0.000405
654 0.000405
655 0.000403
656 0.000398
657 0.000391
658 0.000387
659 0.000383
660 0.000381
661 0.000383
662 0.000386
663 0.000386
664 0.000389
665 0.000392
666 0.000395
667 0.000391
668 0.000394
669 0.000395
670 0.000396
671 0.000395
672 0.000395
673 0.000395
674 0.000396
675 0.000395
676 0.000397
677 0.000394
678 0.000389
679 0.000384
680 0.000376
681 0.000369
682 0.000363
683 0.000356
684 0.000350
685 0.000348
686 0.000343
687 0.000342
688 0.000343
689 0.000344
690 0.000344
691 0.000341
692 0.000338
693 0.000334
694 0.000331
695 0.000329
696 0.000322
697 0.000316
698 0.000308
699 0.000299
700 0.000293
701 0.000287
702 0.000282
703 0.000279
704 0.000273
705 0.000269
706 0.000267
707 0.000264
708 0.000263
709 0.000265
710 0.000266
711 0.000266
712 0.000266
713 0.000268
714 0.000265
715 0.000259
716 0.000257
717 0.000257
718 0.000254
719 0.000250
720 0.000247
721 0.000244
722 0.000242
723 0.000243
724 0.000247
725 0.000241
726 0.000237
727 0.000234
728 0.000233
729 0.000229
730 0.000225
731 0.000225
732 0.000225
733 0.000223
734 0.000223
735 0.000226
736 0.000227
737 0.000232
738 0.000239
739 0.000244
740 0.000248
741 0.000252
742 0.000253
743 0.000253
744 0.000253
745 0.000252
746 0.000252
747 0.000252
748 0.000252
749 0.000253
750 0.000253
751 0.000249
752 0.000247
753 0.000243
754 0.000242
755 0.000240
756 0.000239
757 0.000238
758 0.000245
759 0.000247
760 0.000248
761 0.000248
762 0.000250
763 0.000253
764 0.000255
765 0.000252
766 0.000249
767 0.000246
768 0.000241
769 0.000234
770 0.000230
771 0.000224
772 0.000220
773 0.000215
774 0.000213
775 0.000209
776 0.000205
777 0.000200
778 0.000199
779 0.000196
780 0.000193
781 0.000193
782 0.000193
783 0.000192
784 0.000195
785 0.000202
786 0.000206
787 0.000208
788 0.000213
789 0.000218
790 0.000219
791 0.000220
792 0.000221
793 0.000224
794 0.000225
795 0.000228
796 0.000228
797 0.000226
798 0.000223
799 0.000223
800 0.000219
801 0.000215
802 0.000211
803 0.000206
804 0.000200
805 0.000197
806 0.000197
807 0.000199
808 0.000200
809 0.000200
