# i correlation
1 0.001443
2 0.001388
3 0.001345
4 0.001310
5 0.001276
6 0.001243
7 0.001218
8 0.001197
9 0.001183
10 0.001164
11 0.001147
12 0.001133
13 0.001124
14 0.001113
15 0.001105
16 0.001095
17 0.001078
18 0.001066
19 0.001054
20 0.001042
21 0.001028
22 0.001018
23 0.001013
24 0.001008
25 0.000998
26 0.000989
27 0.000984
28 0.000974
29 0.000964
30 0.000958
31 0.000945
32 0.000931
33 0.000922
34 0.000912
35 0.000905
36 0.000896
37 0.000882
38 0.000868
39 0.000855
40 0.000847
41 0.000842
42 0.000838
43 0.000840
44 0.000846
45 0.000838
46 0.000840
47 0.000841
48 0.000844
49 0.000844
50 0.000839
51 0.000835
52 0.000835
53 0.000834
54 0.000835
55 0.000830
56 0.000834
57 0.000841
58 0.000841
59 0.000839
60 0.000843
61 0.000844
62 0.000851
63 0.000854
64 0.000855
65 0.000855
66 0.000851
67 0.000846
68 0.000836
69 0.000820
70 0.000806
71 0.000802
72 0.000797
73 0.000786
74 0.000776
75 0.000767
76 0.000761
77 0.000760
78 0.000765
79 0.000760
80 0.000756
81 0.000757
82 0.000759
83 0.000755
84 0.000753
85 0.000747
86 0.000737
87 0.000736
88 0.000726
89 0.000716
90 0.000708
91 0.000709
92 0.000703
93 0.000702
94 0.000695
95 0.000693
96 0.000688
97 0.000688
98 0.000686
99 0.000682
100 0.000681
101 0.000676
102 0.000673
103 0.000671
104 0.000671
105 0.000673
106 0.000672
107 0.000670
108 0.000670
109 0.000671
110 0.000672
111 0.000676
112 0.000682
113 0.000682
114 0.000684
115 0.000684
116 0.000681
117 0.000676
118 0.000678
119 0.000680
120 0.000681
121 0.000683
122 0.000682
123 0.000679
124 0.000679
125 0.000679
126 0.000677
127 0.000671
128 0.000667
129 0.000664
130 0.000664
131 0.000663
132 0.000663
133 0.000664
134 0.000666
135 0.000668
136 0.000670
137 0.000673
138 0.000670
139 0.000674
140 0.000668
141 0.000669
142 0.000667
143 0.000661
144 0.000650
145 0.000640
146 0.000629
147 0.000619
148 0.000619
149 0.000623
150 0.000624
151 0.000623
152 0.000619
153 0.000616
154 0.000612
155 0.000607
156 0.000601
157 0.000595
158 0.000593
159 0.000591
160 0.000589
161 0.000587
162 0.000587
163 0.000587
164 0.000580
165 0.000574
166 0.000568
167 0.000564
168 0.000560
169 0.000559
170 0.000556
171 0.000554
172 0.000559
173 0.000566
174 0.000570
175 0.000576
176 0.000579
177 0.000580
178 0.000584
179 0.000583
180 0.000576
181 0.000569
182 0.000568
183 0.000570
184 0.000569
185 0.000567
186 0.000565
187 0.000567
188 0.000561
189 0.000563
190 0.000559
191 0.000555
192 0.000552
193 0.000549
194 0.000538
195 0.000525
196 0.000515
197 0.000508
198 0.000504
199 0.000501
200 0.000505
201 0.000511
202 0.000516
203 0.000517
204 0.000521
205 0.000520
206 0.000517
207 0.000518
208 0.000519
209 0.000523
210 0.000523
211 0.000525
212 0.000518
213 0.000512
214 0.000508
215 0.000508
216 0.000509
217 0.000512
218 0.000505
219 0.000508
220 0.000509
221 0.000509
222 0.000508
223 0.000507
224 0.000506
225 0.000506
226 0.000513
227 0.000518
228 0.000519
229 0.000517
230 0.000518
231 0.000516
232 0.000512
233 0.000508
234 0.000506
235 0.000506
236 0.000511
237 0.000520
238 0.000526
239 0.000531
240 0.000535
241 0.000539
242 0.000539
243 0.000536
244 0.000539
245 0.000542
246 0.000539
247 0.000538
248 0.000529
249 0.000520
250 0.000517
251 0.000517
252 0.000512
253 0.000508
254 0.000511
255 0.000516
256 0.000520
257 0.000523
258 0.000523
259 0.000518
260 0.000516
261 0.000513
262 0.000507
263 0.000507
264 0.000504
265 0.000505
266 0.000504
267 0.000507
268 0.000513
269 0.000520
270 0.000527
271 0.000530
272 0.000528
273 0.000531
274 0.000534
275 0.000532
276 0.000528
277 0.000517
278 0.000508
279 0.000498
280 0.000490
281 0.000479
282 0.000474
283 0.000472
284 0.000466
285 0.000463
286 0.000458
287 0.000454
288 0.000447
289 0.000443
290 0.000440
291 0.000439
292 0.000439
293 0.000442
294 0.000451
295 0.000454
296 0.000447
297 0.000448
298 0.000452
299 0.000460
300 0.000463
301 0.000462
302 0.000462
303 0.000463
304 0.000465
305 0.000464
306 0.000462
307 0.000457
308 0.000451
309 0.000444
310 0.000440
311 0.000434
312 0.000434
313 0.000438
314 0.000443
315 0.000446
316 0.000443
317 0.000444
318 0.000441
319 0.000441
320 0.000436
321 0.000436
322 0.000439
323 0.000442
324 0.000443
325 0.000441
326 0.000437
327 0.000433
328 0.000432
329 0.000431
330 0.000426
331 0.000422
332 0.000418
333 0.000415
334 0.000408
335 0.000403
336 0.000399
337 0.000395
338 0.000394
339 0.000394
340 0.000390
341 0.000391
342 0.000392
343 0.000393
344 0.000389
345 0.000386
346 0.000381
347 0.000382
348 0.000379
349 0.000377
350 0.000380
351 0.000384
352 0.000388
353 0.000387
354 0.000388
355 0.000381
356 0.000378
357 0.000377
358 0.000377
359 0.000371
360 0.000368
361 0.000371
362 0.000374
363 0.000375
364 0.000371
365 0.000368
366 0.000366
367 0.000363
368 0.000360
369 0.000353
370 0.000352
371 0.000346
372 0.000338
373 0.000331
374 0.000320
375 0.000312
376 0.000309
377 0.000313
378 0.000316
379 0.000322
380 0.000324
381 0.000329
382 0.000336
383 0.000338
384 0.000339
385 0.000341
386 0.000341
387 0.000339
388 0.000338
389 0.000333
390 0.000323
391 0.000314
392 0.000305
393 0.000302
394 0.000304
395 0.000307
396 0.000308
397 0.000314
398 0.000321
399 0.000326
400 0.000330
401 0.000328
402 0.000325
403 0.000322
404 0.000324
405 0.000325
406 0.000328
407 0.000332
408 0.000336
409 0.000337
410 0.000340
411 0.000338
412 0.000339
413 0.000337
414 0.000337
415 0.000339
416 0.000336
417 0.000336
418 0.000335
419 0.000339
420 0.000339
421 0.000339
422 0.000338
423 0.000336
424 0.000337
425 0.000333
426 0.000332
427 0.000329
428 0.000331
429 0.000330
430 0.000330
431 0.000333
432 0.000334
433 0.000336
434 0.000339
435 0.000338
436 0.000334
437 0.000328
438 0.000325
439 0.000319
440 0.000310
441 0.000307
442 0.000309
443 0.000311
444 0.000315
445 0.000317
446 0.000317
447 0.000318
448 0.000322
449 0.000320
450 0.000317
451 0.000317
452 0.000315
453 0.000313
454 0.000310
455 0.000311
456 0.000311
457 0.000313
458 0.000310
459 0.000306
460 0.000305
461 0.000302
462 0.000299
463 0.000299
464 0.000300
465 0.000301
466 0.000304
467 0.000306
468 0.000304
469 0.000303
470 0.000310
471 0.000312
472 0.000315
473 0.000308
474 0.000304
475 0.000303
476 0.000302
477 0.000303
478 0.000305
479 0.000306
480 0.000308
481 0.000305
482 0.000306
483 0.000306
484 0.000306
485 0.000299
486 0.000298
487 0.000299
488 0.000297
489 0.000293
490 0.000293
491 0.000296
492 0.000301
493 0.000302
494 0.000301
495 0.000306
496 0.000314
497 0.000316
498 0.000315
499 0.000323
500 0.000326
501 0.000330
502 0.000335
503 0.000337
504 0.000339
505 0.000341
506 0.000345
507 0.000346
508 0.000348
509 0.000345
510 0.000343
511 0.000338
512 0.000337
513 0.000339
514 0.000345
515 0.000349
516 0.000354
517 0.000355
518 0.000353
519 0.000353
520 0.000354
521 0.000354
522 0.000353
523 0.000350
524 0.000346
525 0.000341
526 0.000338
527 0.000330
528 0.000321
529 0.000313
530 0.000309
531 0.000304
532 0.000301
533 0.000296
534 0.000291
535 0.000283
536 0.000284
537 0.000284
538 0.000284
539 0.000281
540 0.000280
541 0.000280
542 0.000278
543 0.000281
544 0.000282
545 0.000282
546 0.000279
547 0.000275
548 0.000270
549 0.000265
550 0.000261
551 0.000256
552 0.000251
553 0.000243
554 0.000237
555 0.000230
556 0.000227
557 0.000227
558 0.000230
559 0.000232
560 0.000235
561 0.000239
562 0.000240
563 0.000244
564 0.000245
565 0.000243
566 0.000243
567 0.000246
568 0.000250
569 0.000254
570 0.000260
571 0.000266
572 0.000272
573 0.000279
574 0.000287
575 0.000292
576 0.000294
577 0.000301
578 0.000303
579 0.000303
580 0.000300
581 0.000300
582 0.000299
583 0.000297
584 0.000297
585 0.000291
586 0.000288
587 0.000289
588 0.000286
589 0.000283
590 0.000283
591 0.000280
592 0.000280
593 0.000278
594 0.000276
595 0.000268
596 0.000258
597 0.000251
598 0.000243
599 0.000239
600 0.000234
601 0.000225
602 0.000220
603 0.000216
604 0.000211
605 0.000210
606 0.000206
607 0.000206
608 0.000211
609 0.000214
610 0.000213
611 0.000215
612 0.000213
613 0.000210
614 0.000205
615 0.000201
616 0.000196
617 0.000194
618 0.000187
619 0.000183
620 0.000180
621 0.000179
622 0.000178
623 0.000177
624 0.000179
625 0.000182
626 0.000181
627 0.000180
628 0.000177
629 0.000174
630 0.000170
631 0.000165
632 0.000161
633 0.000160
634 0.000159
635 0.000164
636 0.000168
637 0.000170
638 0.000178
639 0.000184
640 0.000187
641 0.000191
642 0.000191
643 0.000190
644 0.000192
645 0.000193
646 0.000193
647 0.000192
648 0.000192
649 0.000190
650 0.000184
651 0.000181
652 0.000180
653 0.000177
654 0.000172
655 0.000171
656 0.000172
657 0.000176
658 0.000175
659 0.000175
660 0.000170
661 0.000166
662 0.000162
663 0.000154
664 0.000150
665 0.000148
666 0.000144
667 0.000137
668 0.000136
669 0.000132
670 0.000130
671 0.000133
672 0.000134
673 0.000135
674 0.000138
675 0.000144
676 0.000148
677 0.000147
678 0.000144
679 0.000142
680 0.000143
681 0.000145
682 0.000148
683 0.000148
684 0.000149
685 0.000148
686 0.000147
687 0.000145
688 0.000141
689 0.000141
690 0.000139
691 0.000138
692 0.000139
693 0.000138
694 0.000138
695 0.000140
696 0.000139
697 0.000137
698 0.000137
699 0.000139
700 0.000144
701 0.000149
702 0.000153
703 0.000154
704 0.000155
705 0.000155
706 0.000157
707 0.000158
708 0.000158
709 0.000161
710 0.000161
711 0.000162
712 0.000160
713 0.000157
714 0.000156
715 0.000153
716 0.000148
717 0.000144
718 0.000140
719 0.000136
720 0.000131
721 0.000128
722 0.000125
723 0.000124
724 0.000122
725 0.000123
726 0.000125
727 0.000126
728 0.000126
729 0.000125
730 0.000123
731 0.000121
732 0.000118
733 0.000118
734 0.000115
735 0.000111
736 0.000109
737 0.000107
738 0.000106
739 0.000103
740 0.000102
741 0.000103
742 0.000103
743 0.000104
744 0.000102
745 0.000101
746 0.000102
747 0.000106
748 0.000109
749 0.000112
750 0.000116
751 0.000119
752 0.000123
753 0.000126
754 0.000125
755 0.000126
756 0.000129
757 0.000132
758 0.000135
759 0.000139
760 0.000142
761 0.000145
762 0.000148
763 0.000150
764 0.000152
765 0.000154
766 0.000157
767 0.000159
768 0.000159
769 0.000158
770 0.000157
771 0.000157
772 0.000154
773 0.000153
774 0.000152
775 0.000153
776 0.000152
777 0.000153
778 0.000157
779 0.000159
780 0.000159
781 0.000159
782 0.000159
783 0.000160
784 0.000159
785 0.000157
786 0.000156
787 0.000154
788 0.000151
789 0.000150
790 0.000150
791 0.000150
792 0.000148
793 0.000147
794 0.000148
795 0.000149
796 0.000148
797 0.000143
798 0.000141
799 0.000138
800 0.000133
801 0.000132
802 0.000131
803 0.000127
804 0.000123
805 0.000119
806 0.000114
807 0.000111
808 0.000109
809 0.000108
