# i correlation
1 0.001769
2 0.001706
3 0.001652
4 0.001607
5 0.001566
6 0.001531
7 0.001502
8 0.001483
9 0.001474
10 0.001461
11 0.001446
12 0.001438
13 0.001426
14 0.001417
15 0.001408
16 0.001400
17 0.001382
18 0.001365
19 0.001347
20 0.001334
21 0.001323
22 0.001314
23 0.001303
24 0.001292
25 0.001286
26 0.001278
27 0.001271
28 0.001266
29 0.001265
30 0.001267
31 0.001266
32 0.001263
33 0.001265
34 0.001266
35 0.001265
36 0.001262
37 0.001259
38 0.001251
39 0.001242
40 0.001231
41 0.001225
42 0.001221
43 0.001218
44 0.001207
45 0.001199
46 0.001190
47 0.001180
48 0.001166
49 0.001155
50 0.001149
51 0.001150
52 0.001150
53 0.001146
54 0.001139
55 0.001135
56 0.001138
57 0.001133
58 0.001127
59 0.001127
60 0.001126
61 0.001120
62 0.001110
63 0.001097
64 0.001086
65 0.001077
66 0.001070
67 0.001061
68 0.001056
69 0.001052
70 0.001047
71 0.001036
72 0.001029
73 0.001026
74 0.001024
75 0.001025
76 0.001029
77 0.001030
78 0.001025
79 0.001020
80 0.001013
81 0.001007
82 0.000999
83 0.000992
84 0.000984
85 0.000981
86 0.000983
87 0.000979
88 0.000979
89 0.000979
90 0.000978
91 0.000985
92 0.000985
93 0.000985
94 0.000983
95 0.000980
96 0.000981
97 0.000981
98 0.000979
99 0.000978
100 0.000976
101 0.000965
102 0.000960
103 0.000964
104 0.000966
105 0.000964
106 0.000962
107 0.000961
108 0.000960
109 0.000954
110 0.000956
111 0.000958
112 0.000967
113 0.000977
114 0.000978
115 0.000977
116 0.000979
117 0.000983
118 0.000983
119 0.000982
120 0.000979
121 0.000974
122 0.000968
123 0.000955
124 0.000942
125 0.000938
126 0.000936
127 0.000936
128 0.000937
129 0.000939
130 0.000935
131 0.000929
132 0.000920
133 0.000916
134 0.000913
135 0.000916
136 0.000912
137 0.000913
138 0.000906
139 0.000904
140 0.000899
141 0.000893
142 0.000890
143 0.000886
144 0.000885
145 0.000885
146 0.000883
147 0.000884
148 0.000877
149 0.000873
150 0.000872
151 0.000873
152 0.000873
153 0.000872
154 0.000868
155 0.000867
156 0.000868
157 0.000858
158 0.000844
159 0.000838
160 0.000832
161 0.000820
162 0.000818
163 0.000813
164 0.000813
165 0.000812
166 0.000812
167 0.000808
168 0.000808
169 0.000807
170 0.000808
171 0.000816
172 0.000821
173 0.000820
174 0.000820
175 0.000814
176 0.000809
177 0.000809
178 0.000809
179 0.000808
180 0.000808
181 0.000811
182 0.000812
183 0.000806
184 0.000803
185 0.000794
186 0.000787
187 0.000783
188 0.000778
189 0.000774
190 0.000771
191 0.000761
192 0.000750
193 0.000739
194 0.000729
195 0.000720
196 0.000716
197 0.000707
198 0.000700
199 0.000698
200 0.000693
201 0.000689
202 0.000681
203 0.000673
204 0.000668
205 0.000661
206 0.000652
207 0.000650
208 0.000649
209 0.000643
210 0.000640
211 0.000639
212 0.000643
213 0.000646
214 0.000647
215 0.000653
216 0.000663
217 0.000666
218 0.000670
219 0.000671
220 0.000672
221 0.000670
222 0.000675
223 0.000672
224 0.000669
225 0.000665
226 0.000657
227 0.000648
228 0.000636
229 0.000622
230 0.000614
231 0.000611
232 0.000611
233 0.000619
234 0.000627
235 0.000637
236 0.000635
237 0.000633
238 0.000633
239 0.000629
240 0.000626
241 0.000624
242 0.000620
243 0.000622
244 0.000617
245 0.000614
246 0.000608
247 0.000608
248 0.000607
249 0.000604
250 0.000601
251 0.000596
252 0.000590
253 0.000586
254 0.000576
255 0.000567
256 0.000558
257 0.000552
258 0.000546
259 0.000544
260 0.000541
261 0.000538
262 0.000538
263 0.000542
264 0.000545
265 0.000540
266 0.000533
267 0.000529
268 0.000528
269 0.000531
270 0.000533
271 0.000533
272 0.000533
273 0.000534
274 0.000535
275 0.000532
276 0.000535
277 0.000537
278 0.000538
279 0.000531
280 0.000530
281 0.000531
282 0.000529
283 0.000525
284 0.000527
285 0.000529
286 0.000530
287 0.000530
288 0.000529
289 0.000525
290 0.000522
291 0.000517
292 0.000512
293 0.000506
294 0.000498
295 0.000491
296 0.000484
297 0.000478
298 0.000475
299 0.000474
300 0.000472
301 0.000475
302 0.000480
303 0.000486
304 0.000492
305 0.000494
306 0.000494
307 0.000496
308 0.000486
309 0.000480
310 0.000472
311 0.000465
312 0.000459
313 0.000456
314 0.000453
315 0.000455
316 0.000459
317 0.000462
318 0.000467
319 0.000473
320 0.000471
321 0.000470
322 0.000463
323 0.000464
324 0.000464
325 0.000462
326 0.000463
327 0.000463
328 0.000462
329 0.000461
330 0.000457
331 0.000457
332 0.000458
333 0.000461
334 0.000464
335 0.000467
336 0.000470
337 0.000473
338 0.000474
339 0.000472
340 0.000470
341 0.000470
342 0.000464
343 0.000460
344 0.000456
345 0.000448
346 0.000448
347 0.000452
348 0.000453
349 0.000450
350 0.000454
351 0.000457
352 0.000463
353 0.000466
354 0.000465
355 0.000471
356 0.000475
357 0.000480
358 0.000478
359 0.000475
360 0.000475
361 0.000480
362 0.000493
363 0.000505
364 0.000515
365 0.000523
366 0.000524
367 0.000524
368 0.000523
369 0.000519
370 0.000516
371 0.000510
372 0.000513
373 0.000511
374 0.000510
375 0.000505
376 0.000494
377 0.000487
378 0.000482
379 0.000478
380 0.000477
381 0.000470
382 0.000466
383 0.000464
384 0.000463
385 0.000455
386 0.000450
387 0.000444
388 0.000440
389 0.000438
390 0.000439
391 0.000432
392 0.000425
393 0.000424
394 0.000426
395 0.000428
396 0.000429
397 0.000434
398 0.000442
399 0.000449
400 0.000453
401 0.000451
402 0.000452
403 0.000455
404 0.000457
405 0.000454
406 0.000455
407 0.000463
408 0.000470
409 0.000476
410 0.000480
411 0.000477
412 0.000475
413 0.000469
414 0.000463
415 0.000460
416 0.000458
417 0.000460
418 0.000457
419 0.000454
420 0.000449
421 0.000446
422 0.000443
423 0.000448
424 0.000457
425 0.000463
426 0.000465
427 0.000468
428 0.000464
429 0.000459
430 0.000450
431 0.000441
432 0.000433
433 0.000426
434 0.000419
435 0.000412
436 0.000411
437 0.000408
438 0.000407
439 0.000405
440 0.000407
441 0.000409
442 0.000413
443 0.000417
444 0.000420
445 0.000419
446 0.000417
447 0.000411
448 0.000403
449 0.000399
450 0.000395
451 0.000389
452 0.000386
453 0.000390
454 0.000396
455 0.000396
456 0.000395
457 0.000395
458 0.000399
459 0.000400
460 0.000405
461 0.000410
462 0.000413
463 0.000417
464 0.000415
465 0.000413
466 0.000410
467 0.000405
468 0.000405
469 0.000404
470 0.000404
471 0.000403
472 0.000401
473 0.000395
474 0.000385
475 0.000384
476 0.000383
477 0.000379
478 0.000376
479 0.000373
480 0.000372
481 0.000371
482 0.000367
483 0.000369
484 0.000374
485 0.000379
486 0.000384
487 0.000387
488 0.000391
489 0.000388
490 0.000380
491 0.000372
492 0.000365
493 0.000361
494 0.000359
495 0.000359
496 0.000357
497 0.000355
498 0.000351
499 0.000349
500 0.000353
501 0.000357
502 0.000361
503 0.000368
504 0.000370
505 0.000370
506 0.000369
507 0.000368
508 0.000366
509 0.000362
510 0.000357
511 0.000353
512 0.000345
513 0.000337
514 0.000332
515 0.000331
516 0.000326
517 0.000320
518 0.000317
519 0.000315
520 0.000314
521 0.000316
522 0.000317
523 0.000315
524 0.000317
525 0.000316
526 0.000315
527 0.000312
528 0.000311
529 0.000307
530 0.000304
531 0.000302
532 0.000295
533 0.000290
534 0.000288
535 0.000283
536 0.000284
537 0.000286
538 0.000287
539 0.000290
540 0.000296
541 0.000298
542 0.000301
543 0.000305
544 0.000306
545 0.000311
546 0.000316
547 0.000317
548 0.000314
549 0.000311
550 0.000306
551 0.000304
552 0.000304
553 0.000304
554 0.000310
555 0.000308
556 0.000306
557 0.000307
558 0.000304
559 0.000300
560 0.000291
561 0.000287
562 0.000284
563 0.000283
564 0.000285
565 0.000283
566 0.000283
567 0.000283
568 0.000284
569 0.000282
570 0.000281
571 0.000277
572 0.000271
573 0.000267
574 0.000263
575 0.000265
576 0.000270
577 0.000273
578 0.000276
579 0.000285
580 0.000297
581 0.000307
582 0.000310
583 0.000309
584 0.000310
585 0.000309
586 0.000305
587 0.000306
588 0.000308
589 0.000313
590 0.000319
591 0.000325
592 0.000328
593 0.000328
594 0.000329
595 0.000329
596 0.000329
597 0.000327
598 0.000325
599 0.000320
600 0.000318
601 0.000313
602 0.000308
603 0.000302
604 0.000295
605 0.000291
606 0.000289
607 0.000286
608 0.000284
609 0.000281
610 0.000278
611 0.000273
612 0.000267
613 0.000261
614 0.000260
615 0.000261
616 0.000262
617 0.000266
618 0.000267
619 0.000265
620 0.000268
621 0.000269
622 0.000271
623 0.000268
624 0.000264
625 0.000261
626 0.000254
627 0.000246
628 0.000241
629 0.000230
630 0.000218
631 0.000212
632 0.000209
633 0.000206
634 0.000202
635 0.000197
636 0.000192
637 0.000189
638 0.000184
639 0.000179
640 0.000177
641 0.000176
642 0.000177
643 0.000178
644 0.000178
645 0.000180
646 0.000180
647 0.000180
648 0.000176
649 0.000170
650 0.000170
651 0.000170
652 0.000171
653 0.000170
654 0.000168
655 0.000162
656 0.000159
657 0.000160
658 0.000159
659 0.000156
660 0.000154
661 0.000152
662 0.000153
663 0.000147
664 0.000142
665 0.000136
666 0.000134
667 0.000133
668 0.000131
669 0.000126
670 0.000121
671 0.000114
672 0.000108
673 0.000102
674 0.000097
675 0.000093
676 0.000091
677 0.000089
678 0.000086
679 0.000082
680 0.000082
681 0.000080
682 0.000078
683 0.000077
684 0.000081
685 0.000081
686 0.000083
687 0.000084
688 0.000088
689 0.000090
690 0.000088
691 0.000086
692 0.000087
693 0.000090
694 0.000090
695 0.000090
696 0.000092
697 0.000095
698 0.000103
699 0.000109
700 0.000115
701 0.000120
702 0.000126
703 0.000133
704 0.000138
705 0.000143
706 0.000142
707 0.000142
708 0.000144
709 0.000142
710 0.000140
711 0.000139
712 0.000134
713 0.000133
714 0.000133
715 0.000131
716 0.000130
717 0.000132
718 0.000132
719 0.000130
720 0.000129
721 0.000131
722 0.000131
723 0.000133
724 0.000133
725 0.000132
726 0.000132
727 0.000134
728 0.000134
729 0.000131
730 0.000131
731 0.000131
732 0.000130
733 0.000130
734 0.000131
735 0.000136
736 0.000142
737 0.000146
738 0.000146
739 0.000144
740 0.000140
741 0.000134
742 0.000131
743 0.000127
744 0.000123
745 0.000120
746 0.000119
747 0.000116
748 0.000112
749 0.000109
750 0.000107
751 0.000105
752 0.000100
753 0.000094
754 0.000085
755 0.000077
756 0.000072
757 0.000065
758 0.000062
759 0.000061
760 0.000063
761 0.000065
762 0.000069
763 0.000071
764 0.000075
765 0.000079
766 0.000081
767 0.000083
768 0.000084
769 0.000088
770 0.000090
771 0.000092
772 0.000095
773 0.000099
774 0.000104
775 0.000105
776 0.000104
777 0.000103
778 0.000102
779 0.000104
780 0.000108
781 0.000112
782 0.000112
783 0.000109
784 0.000106
785 0.000100
786 0.000093
787 0.000085
788 0.000081
789 0.000079
790 0.000077
791 0.000077
792 0.000079
793 0.000081
794 0.000082
795 0.000079
796 0.000076
797 0.000073
798 0.000068
799 0.000064
800 0.000059
801 0.000054
802 0.000052
803 0.000051
804 0.000053
805 0.000054
806 0.000053
807 0.000052
808 0.000047
809 0.000043
