# time covered_sites
0.010000 18514.000000
0.020000 34910.000000
0.030000 49434.000000
0.040000 61648.000000
0.050000 72346.000000
0.060000 81666.000000
0.070000 89962.000000
0.080000 96994.000000
0.090000 102672.000000
0.100000 108230.000000
0.110000 112474.000000
0.120000 116862.000000
0.130000 120406.000000
0.140000 123246.000000
0.150000 125756.000000
0.160000 128310.000000
0.170000 129990.000000
0.180000 131452.000000
0.190000 132938.000000
0.200000 134156.000000
0.210000 135338.000000
0.220000 136648.000000
0.230000 137684.000000
0.240000 138578.000000
0.250000 139214.000000
0.260000 140014.000000
0.270000 140732.000000
0.280000 141622.000000
0.290000 142136.000000
0.300000 142612.000000
0.310000 142930.000000
0.320000 143150.000000
0.330000 143660.000000
0.340000 144176.000000
0.350000 144526.000000
0.360000 144474.000000
0.370000 144816.000000
0.380000 144700.000000
0.390000 144946.000000
0.400000 145374.000000
0.410000 145366.000000
0.420000 145456.000000
0.430000 145320.000000
0.440000 145464.000000
0.450000 145580.000000
0.460000 145956.000000
0.470000 146302.000000
0.480000 146128.000000
0.490000 146216.000000
0.500000 146076.000000
0.510000 146280.000000
0.520000 146486.000000
0.530000 146646.000000
0.540000 146542.000000
0.550000 146806.000000
0.560000 147106.000000
0.570000 147196.000000
0.580000 147614.000000
0.590000 147448.000000
0.600000 147698.000000
0.610000 147874.000000
0.620000 147694.000000
0.630000 147696.000000
0.640000 148166.000000
0.650000 148254.000000
0.660000 148158.000000
0.670000 148436.000000
0.680000 148522.000000
0.690000 148392.000000
0.700000 148278.000000
0.710000 148548.000000
0.720000 148288.000000
0.730000 148214.000000
0.740000 148144.000000
0.750000 147896.000000
0.760000 147808.000000
0.770000 147986.000000
0.780000 148152.000000
0.790000 148412.000000
0.800000 148488.000000
0.810000 148662.000000
0.820000 148840.000000
0.830000 149038.000000
0.840000 149204.000000
0.850000 149024.000000
0.860000 148782.000000
0.870000 148638.000000
0.880000 148426.000000
0.890000 148982.000000
0.900000 149216.000000
0.910000 149430.000000
0.920000 149244.000000
0.930000 149226.000000
0.940000 149264.000000
0.950000 149160.000000
0.960000 149288.000000
0.970000 149462.000000
0.980000 149362.000000
0.990000 149422.000000
1.000000 149534.000000
1.010000 149672.000000
1.020000 149502.000000
1.030000 150048.000000
1.040000 149574.000000
1.050000 149552.000000
1.060000 149604.000000
1.070000 149572.000000
1.080000 149288.000000
1.090000 149308.000000
1.100000 149362.000000
1.110000 149214.000000
1.120000 149588.000000
1.130000 149192.000000
1.140000 149118.000000
1.150000 149172.000000
1.160000 149474.000000
1.170000 149412.000000
1.180000 149592.000000
1.190000 149758.000000
1.200000 149584.000000
1.210000 149528.000000
1.220000 149556.000000
1.230000 149610.000000
1.240000 149338.000000
1.250000 149472.000000
1.260000 149814.000000
1.270000 149266.000000
1.280000 149366.000000
1.290000 149654.000000
1.300000 149862.000000
1.310000 150024.000000
1.320000 149814.000000
1.330000 150014.000000
1.340000 150070.000000
1.350000 150282.000000
1.360000 150052.000000
1.370000 150152.000000
1.380000 150234.000000
1.390000 150274.000000
1.400000 150110.000000
1.410000 149946.000000
1.420000 149748.000000
1.430000 149830.000000
1.440000 150266.000000
1.450000 150112.000000
1.460000 149970.000000
1.470000 149980.000000
1.480000 149936.000000
1.490000 149710.000000
1.500000 149860.000000
1.510000 149684.000000
1.520000 149800.000000
1.530000 150404.000000
1.540000 150466.000000
1.550000 150444.000000
1.560000 150160.000000
1.570000 150352.000000
1.580000 150468.000000
1.590000 150576.000000
1.600000 150496.000000
1.610000 150502.000000
1.620000 150586.000000
1.630000 150604.000000
1.640000 150572.000000
1.650000 150678.000000
1.660000 150644.000000
1.670000 150300.000000
1.680000 150154.000000
1.690000 150414.000000
1.700000 150240.000000
1.710000 150236.000000
1.720000 150194.000000
1.730000 150106.000000
1.740000 150274.000000
1.750000 150302.000000
1.760000 150110.000000
1.770000 149980.000000
1.780000 150156.000000
1.790000 150042.000000
1.800000 150208.000000
1.810000 150522.000000
1.820000 150792.000000
1.830000 150534.000000
1.840000 150252.000000
1.850000 150160.000000
1.860000 150068.000000
1.870000 150184.000000
1.880000 149874.000000
1.890000 150236.000000
1.900000 150216.000000
1.910000 150444.000000
1.920000 150046.000000
1.930000 150206.000000
1.940000 150234.000000
1.950000 150366.000000
1.960000 150310.000000
1.970000 150254.000000
1.980000 150144.000000
1.990000 150004.000000
2.000000 150216.000000
2.010000 150412.000000
2.020000 150592.000000
2.030000 150608.000000
2.040000 150590.000000
2.050000 150370.000000
2.060000 150660.000000
2.070000 150762.000000
2.080000 150802.000000
2.090000 150774.000000
2.100000 150890.000000
2.110000 150790.000000
2.120000 150850.000000
2.130000 150498.000000
2.140000 150986.000000
2.150000 150974.000000
2.160000 150846.000000
2.170000 150480.000000
2.180000 150314.000000
2.190000 150446.000000
2.200000 150384.000000
2.210000 150260.000000
2.220000 150284.000000
2.230000 150068.000000
2.240000 150004.000000
2.250000 149766.000000
2.260000 149792.000000
2.270000 150138.000000
2.280000 150358.000000
2.290000 150678.000000
2.300000 150968.000000
2.310000 151258.000000
2.320000 151122.000000
2.330000 151376.000000
2.340000 151414.000000
2.350000 151256.000000
2.360000 151102.000000
2.370000 150752.000000
2.380000 150652.000000
2.390000 150736.000000
2.400000 150590.000000
2.410000 150554.000000
2.420000 150510.000000
2.430000 150734.000000
2.440000 150572.000000
2.450000 150794.000000
2.460000 150886.000000
2.470000 150682.000000
2.480000 150798.000000
2.490000 150668.000000
2.500000 150600.000000
2.510000 150758.000000
2.520000 151066.000000
2.530000 150968.000000
2.540000 150982.000000
2.550000 151202.000000
2.560000 151032.000000
2.570000 150866.000000
2.580000 150784.000000
2.590000 150880.000000
2.600000 151044.000000
2.610000 151218.000000
2.620000 151210.000000
2.630000 151122.000000
2.640000 151158.000000
2.650000 151132.000000
2.660000 150958.000000
2.670000 151126.000000
2.680000 150870.000000
2.690000 150884.000000
2.700000 150852.000000
2.710000 151000.000000
2.720000 151026.000000
2.730000 150836.000000
2.740000 150716.000000
2.750000 150758.000000
2.760000 151036.000000
2.770000 150964.000000
2.780000 150946.000000
2.790000 151298.000000
2.800000 151610.000000
2.810000 151584.000000
2.820000 151672.000000
2.830000 151702.000000
2.840000 151874.000000
2.850000 151754.000000
2.860000 151464.000000
2.870000 151284.000000
2.880000 151162.000000
2.890000 151136.000000
2.900000 151080.000000
2.910000 150884.000000
2.920000 150908.000000
2.930000 151128.000000
2.940000 151200.000000
2.950000 151172.000000
2.960000 151242.000000
2.970000 150810.000000
2.980000 150786.000000
2.990000 150470.000000
3.000000 150360.000000
3.010000 150378.000000
3.020000 150478.000000
3.030000 150750.000000
3.040000 150988.000000
3.050000 151022.000000
3.060000 150852.000000
3.070000 150688.000000
3.080000 150984.000000
3.090000 151214.000000
3.100000 150994.000000
3.110000 150908.000000
3.120000 150912.000000
3.130000 150904.000000
3.140000 150868.000000
3.150000 151104.000000
3.160000 150874.000000
3.170000 150916.000000
3.180000 151110.000000
3.190000 150828.000000
3.200000 151146.000000
3.210000 151476.000000
3.220000 151442.000000
3.230000 151340.000000
3.240000 151268.000000
3.250000 150908.000000
3.260000 151108.000000
3.270000 151054.000000
3.280000 150732.000000
3.290000 150880.000000
3.300000 150996.000000
3.310000 150816.000000
3.320000 150756.000000
3.330000 151160.000000
3.340000 151126.000000
3.350000 151104.000000
3.360000 151042.000000
3.370000 151052.000000
3.380000 151160.000000
3.390000 150986.000000
3.400000 151080.000000
3.410000 151074.000000
3.420000 151292.000000
3.430000 151424.000000
3.440000 151482.000000
3.450000 151540.000000
3.460000 151688.000000
3.470000 151112.000000
3.480000 150896.000000
3.490000 150708.000000
3.500000 150970.000000
3.510000 151140.000000
3.520000 151360.000000
3.530000 151364.000000
3.540000 151422.000000
3.550000 151514.000000
3.560000 151624.000000
3.570000 151482.000000
3.580000 151006.000000
3.590000 150666.000000
3.600000 150980.000000
3.610000 150976.000000
3.620000 150798.000000
3.630000 150686.000000
3.640000 150840.000000
3.650000 151144.000000
3.660000 151094.000000
3.670000 151298.000000
3.680000 151126.000000
3.690000 151388.000000
3.700000 151310.000000
3.710000 151040.000000
3.720000 150868.000000
3.730000 150894.000000
3.740000 150774.000000
3.750000 150666.000000
3.760000 150536.000000
3.770000 150596.000000
3.780000 150742.000000
3.790000 150724.000000
3.800000 150930.000000
3.810000 151212.000000
3.820000 150942.000000
3.830000 150794.000000
3.840000 150896.000000
3.850000 150996.000000
3.860000 150818.000000
3.870000 150444.000000
3.880000 150334.000000
3.890000 150442.000000
3.900000 150504.000000
3.910000 150912.000000
3.920000 150848.000000
3.930000 151102.000000
3.940000 150918.000000
3.950000 150850.000000
3.960000 151286.000000
3.970000 151296.000000
3.980000 151060.000000
3.990000 150590.000000
4.000000 150548.000000
4.010000 150630.000000
4.020000 150826.000000
4.030000 151092.000000
4.040000 150768.000000
4.050000 150824.000000
4.060000 150848.000000
4.070000 150782.000000
4.080000 150824.000000
4.090000 150908.000000
4.100000 150918.000000
4.110000 150982.000000
4.120000 150692.000000
4.130000 150742.000000
4.140000 150974.000000
4.150000 150814.000000
4.160000 150778.000000
4.170000 150622.000000
4.180000 150652.000000
4.190000 150876.000000
4.200000 150948.000000
4.210000 151018.000000
4.220000 151256.000000
4.230000 151300.000000
4.240000 151324.000000
4.250000 151332.000000
4.260000 151148.000000
4.270000 151306.000000
4.280000 150950.000000
4.290000 151098.000000
4.300000 151476.000000
4.310000 151490.000000
4.320000 151388.000000
4.330000 151298.000000
4.340000 150978.000000
4.350000 151004.000000
4.360000 151060.000000
4.370000 151142.000000
4.380000 151256.000000
4.390000 151148.000000
4.400000 150930.000000
4.410000 150726.000000
4.420000 150872.000000
4.430000 150920.000000
4.440000 150526.000000
4.450000 150676.000000
4.460000 150658.000000
4.470000 150470.000000
4.480000 150802.000000
4.490000 150780.000000
4.500000 150750.000000
4.510000 150806.000000
4.520000 150720.000000
4.530000 150912.000000
4.540000 150774.000000
4.550000 150496.000000
4.560000 150706.000000
4.570000 150876.000000
4.580000 150918.000000
4.590000 151430.000000
4.600000 151248.000000
4.610000 151388.000000
4.620000 151310.000000
4.630000 151430.000000
4.640000 151040.000000
4.650000 151166.000000
4.660000 151092.000000
4.670000 150952.000000
4.680000 150948.000000
4.690000 151094.000000
4.700000 150978.000000
4.710000 150844.000000
4.720000 150892.000000
4.730000 151034.000000
4.740000 150894.000000
4.750000 151098.000000
4.760000 151118.000000
4.770000 151308.000000
4.780000 151438.000000
4.790000 151278.000000
4.800000 150926.000000
4.810000 151380.000000
4.820000 151342.000000
4.830000 151142.000000
4.840000 151420.000000
4.850000 151428.000000
4.860000 151530.000000
4.870000 151632.000000
4.880000 151444.000000
4.890000 151382.000000
4.900000 151164.000000
4.910000 151042.000000
4.920000 151144.000000
4.930000 151302.000000
4.940000 151564.000000
4.950000 151556.000000
4.960000 151546.000000
4.970000 151542.000000
4.980000 151250.000000
4.990000 151372.000000
5.000000 151330.000000
5.010000 151146.000000
5.020000 151296.000000
5.030000 151090.000000
5.040000 150628.000000
5.050000 150566.000000
5.060000 150584.000000
5.070000 150512.000000
5.080000 150738.000000
5.090000 150718.000000
5.100000 150574.000000
5.110000 150734.000000
5.120000 150712.000000
5.130000 150978.000000
5.140000 151156.000000
5.150000 151096.000000
5.160000 150898.000000
5.170000 150832.000000
5.180000 150840.000000
5.190000 150962.000000
5.200000 150968.000000
5.210000 150912.000000
5.220000 150758.000000
5.230000 150826.000000
5.240000 150694.000000
5.250000 150636.000000
5.260000 150702.000000
5.270000 150644.000000
5.280000 150702.000000
5.290000 151010.000000
5.300000 150542.000000
5.310000 150926.000000
5.320000 150938.000000
5.330000 151028.000000
5.340000 151078.000000
5.350000 150906.000000
5.360000 151042.000000
5.370000 150790.000000
5.380000 150966.000000
5.390000 150876.000000
5.400000 151010.000000
5.410000 150902.000000
5.420000 151098.000000
5.430000 150944.000000
5.440000 150926.000000
5.450000 150786.000000
5.460000 150970.000000
5.470000 151102.000000
5.480000 151424.000000
5.490000 151250.000000
5.500000 151402.000000
5.510000 151532.000000
5.520000 151176.000000
5.530000 151374.000000
5.540000 151272.000000
5.550000 151054.000000
5.560000 151230.000000
5.570000 151304.000000
5.580000 151348.000000
5.590000 151198.000000
5.600000 150914.000000
5.610000 151250.000000
5.620000 151110.000000
5.630000 150826.000000
5.640000 150992.000000
5.650000 151024.000000
5.660000 150884.000000
5.670000 150716.000000
5.680000 150738.000000
5.690000 150810.000000
5.700000 150660.000000
5.710000 150664.000000
5.720000 150844.000000
5.730000 150906.000000
5.740000 151158.000000
5.750000 151092.000000
5.760000 151292.000000
5.770000 150934.000000
5.780000 150842.000000
5.790000 150536.000000
5.800000 150674.000000
5.810000 150650.000000
5.820000 150562.000000
5.830000 150472.000000
5.840000 150752.000000
5.850000 150718.000000
5.860000 150598.000000
5.870000 150788.000000
5.880000 150718.000000
5.890000 150934.000000
5.900000 151124.000000
5.910000 150998.000000
5.920000 151070.000000
5.930000 151214.000000
5.940000 151088.000000
5.950000 150996.000000
5.960000 151154.000000
5.970000 151016.000000
5.980000 151060.000000
5.990000 150992.000000
6.000000 151288.000000
6.010000 151026.000000
6.020000 150918.000000
6.030000 150888.000000
6.040000 150968.000000
6.050000 151050.000000
6.060000 151132.000000
6.070000 151126.000000
6.080000 151266.000000
6.090000 151040.000000
6.100000 151018.000000
6.110000 150884.000000
6.120000 150876.000000
6.130000 150956.000000
6.140000 150850.000000
6.150000 150862.000000
6.160000 151210.000000
6.170000 151186.000000
6.180000 150968.000000
6.190000 150904.000000
6.200000 150886.000000
6.210000 151132.000000
6.220000 151218.000000
6.230000 151348.000000
6.240000 151424.000000
6.250000 151584.000000
6.260000 151748.000000
6.270000 151686.000000
6.280000 151386.000000
6.290000 151234.000000
6.300000 151322.000000
6.310000 151338.000000
6.320000 151340.000000
6.330000 151330.000000
6.340000 151434.000000
6.350000 151590.000000
6.360000 151518.000000
6.370000 151466.000000
6.380000 151648.000000
6.390000 151692.000000
6.400000 151332.000000
6.410000 151424.000000
6.420000 151806.000000
6.430000 151450.000000
6.440000 151460.000000
6.450000 151284.000000
6.460000 151326.000000
6.470000 151530.000000
6.480000 151632.000000
6.490000 151830.000000
6.500000 151950.000000
6.510000 151722.000000
6.520000 151668.000000
6.530000 151778.000000
6.540000 151744.000000
6.550000 151624.000000
6.560000 151534.000000
6.570000 151600.000000
6.580000 151688.000000
6.590000 151578.000000
6.600000 151224.000000
6.610000 151218.000000
6.620000 151692.000000
6.630000 151460.000000
6.640000 151310.000000
6.650000 151262.000000
6.660000 151436.000000
6.670000 151330.000000
6.680000 151114.000000
6.690000 150918.000000
6.700000 150948.000000
6.710000 150984.000000
6.720000 151074.000000
6.730000 151128.000000
6.740000 151242.000000
6.750000 151134.000000
6.760000 151226.000000
6.770000 151242.000000
6.780000 151132.000000
6.790000 151036.000000
6.800000 151370.000000
6.810000 151260.000000
6.820000 150908.000000
6.830000 150860.000000
6.840000 150840.000000
6.850000 150908.000000
6.860000 151000.000000
6.870000 150844.000000
6.880000 150710.000000
6.890000 150576.000000
6.900000 150548.000000
6.910000 151008.000000
6.920000 151058.000000
6.930000 150974.000000
6.940000 150922.000000
6.950000 151242.000000
6.960000 151368.000000
6.970000 151200.000000
6.980000 151266.000000
6.990000 151178.000000
7.000000 151058.000000
7.010000 150654.000000
7.020000 150842.000000
7.030000 151014.000000
7.040000 151062.000000
7.050000 151218.000000
7.060000 151424.000000
7.070000 151502.000000
7.080000 151190.000000
7.090000 151196.000000
7.100000 150772.000000
7.110000 150728.000000
7.120000 150778.000000
7.130000 150558.000000
7.140000 150872.000000
7.150000 150984.000000
7.160000 151160.000000
7.170000 151002.000000
7.180000 150710.000000
7.190000 150520.000000
7.200000 150468.000000
7.210000 150754.000000
7.220000 150970.000000
7.230000 151316.000000
7.240000 151202.000000
7.250000 151160.000000
7.260000 151394.000000
7.270000 151568.000000
7.280000 151752.000000
7.290000 151798.000000
7.300000 151624.000000
7.310000 151370.000000
7.320000 151150.000000
7.330000 151062.000000
7.340000 151106.000000
7.350000 151140.000000
7.360000 150916.000000
7.370000 150832.000000
7.380000 150910.000000
7.390000 150888.000000
7.400000 150934.000000
7.410000 150952.000000
7.420000 151008.000000
7.430000 151004.000000
7.440000 150832.000000
7.450000 151004.000000
7.460000 150686.000000
7.470000 150720.000000
7.480000 150720.000000
7.490000 151048.000000
7.500000 150934.000000
7.510000 150664.000000
7.520000 150546.000000
7.530000 150560.000000
7.540000 150616.000000
7.550000 150892.000000
7.560000 151036.000000
7.570000 151148.000000
7.580000 151222.000000
7.590000 151194.000000
7.600000 151284.000000
7.610000 151470.000000
7.620000 151624.000000
7.630000 151886.000000
7.640000 151816.000000
7.650000 151838.000000
7.660000 151596.000000
7.670000 151572.000000
7.680000 151852.000000
7.690000 151444.000000
7.700000 151344.000000
7.710000 151426.000000
7.720000 151286.000000
7.730000 151254.000000
7.740000 151374.000000
7.750000 151048.000000
7.760000 150750.000000
7.770000 150652.000000
7.780000 151086.000000
7.790000 151264.000000
7.800000 151500.000000
7.810000 151586.000000
7.820000 151410.000000
7.830000 151370.000000
7.840000 151280.000000
7.850000 151336.000000
7.860000 151322.000000
7.870000 151176.000000
7.880000 151342.000000
7.890000 151368.000000
7.900000 151458.000000
7.910000 151272.000000
7.920000 151510.000000
7.930000 151274.000000
7.940000 151424.000000
7.950000 151258.000000
7.960000 151182.000000
7.970000 151058.000000
7.980000 150868.000000
7.990000 150888.000000
8.000000 151002.000000
8.010000 150908.000000
8.020000 150988.000000
8.030000 150672.000000
8.040000 150746.000000
8.050000 151020.000000
8.060000 151076.000000
8.070000 151156.000000
8.080000 151206.000000
8.090000 151064.000000
8.100000 151318.000000
8.110000 150948.000000
8.120000 150956.000000
8.130000 151230.000000
8.140000 151516.000000
8.150000 151612.000000
8.160000 151266.000000
8.170000 151144.000000
8.180000 151172.000000
8.190000 151326.000000
8.200000 151220.000000
8.210000 151112.000000
8.220000 151252.000000
8.230000 151386.000000
8.240000 151414.000000
8.250000 151436.000000
8.260000 151068.000000
8.270000 151248.000000
8.280000 151230.000000
8.290000 151228.000000
8.300000 151114.000000
8.310000 150840.000000
8.320000 151140.000000
8.330000 151116.000000
8.340000 151128.000000
8.350000 151036.000000
8.360000 151176.000000
8.370000 151544.000000
8.380000 151406.000000
8.390000 151556.000000
8.400000 151314.000000
8.410000 151486.000000
8.420000 151610.000000
8.430000 151354.000000
8.440000 151624.000000
8.450000 151536.000000
8.460000 151542.000000
8.470000 151008.000000
8.480000 151410.000000
8.490000 151190.000000
8.500000 151424.000000
8.510000 151256.000000
8.520000 151426.000000
8.530000 151424.000000
8.540000 151504.000000
8.550000 151116.000000
8.560000 151202.000000
8.570000 151428.000000
8.580000 151506.000000
8.590000 151632.000000
8.600000 151584.000000
8.610000 151630.000000
8.620000 151796.000000
8.630000 151790.000000
8.640000 151902.000000
8.650000 151776.000000
8.660000 151642.000000
8.670000 151650.000000
8.680000 151234.000000
8.690000 151218.000000
8.700000 151544.000000
8.710000 151576.000000
8.720000 151684.000000
8.730000 151742.000000
8.740000 151464.000000
8.750000 151488.000000
8.760000 151268.000000
8.770000 151486.000000
8.780000 151440.000000
8.790000 151444.000000
8.800000 151496.000000
8.810000 151208.000000
8.820000 150724.000000
8.830000 150942.000000
8.840000 150960.000000
8.850000 151172.000000
8.860000 151122.000000
8.870000 150782.000000
8.880000 150942.000000
8.890000 150872.000000
8.900000 150838.000000
8.910000 150888.000000
8.920000 150756.000000
8.930000 150986.000000
8.940000 150916.000000
8.950000 151268.000000
8.960000 151092.000000
8.970000 150946.000000
8.980000 150914.000000
8.990000 151068.000000
9.000000 151410.000000
9.010000 151516.000000
9.020000 151378.000000
9.030000 151296.000000
9.040000 151156.000000
9.050000 151660.000000
9.060000 151786.000000
9.070000 151838.000000
9.080000 151654.000000
9.090000 151316.000000
9.100000 151428.000000
9.110000 151278.000000
9.120000 151106.000000
9.130000 151380.000000
9.140000 151276.000000
9.150000 150860.000000
9.160000 151200.000000
9.170000 151338.000000
9.180000 151404.000000
9.190000 151108.000000
9.200000 150970.000000
9.210000 150756.000000
9.220000 150952.000000
9.230000 151226.000000
9.240000 151416.000000
9.250000 151630.000000
9.260000 151412.000000
9.270000 151320.000000
9.280000 151358.000000
9.290000 151234.000000
9.300000 151250.000000
9.310000 151240.000000
9.320000 151362.000000
9.330000 151114.000000
9.340000 151334.000000
9.350000 151046.000000
9.360000 150846.000000
9.370000 150994.000000
9.380000 150892.000000
9.390000 151016.000000
9.400000 150756.000000
9.410000 150980.000000
9.420000 150968.000000
9.430000 151198.000000
9.440000 150994.000000
9.450000 150784.000000
9.460000 150940.000000
9.470000 151028.000000
9.480000 150708.000000
9.490000 150642.000000
9.500000 150666.000000
9.510000 150726.000000
9.520000 150606.000000
9.530000 151128.000000
9.540000 151316.000000
9.550000 151598.000000
9.560000 151650.000000
9.570000 151608.000000
9.580000 151544.000000
9.590000 151660.000000
9.600000 151332.000000
9.610000 151476.000000
9.620000 151618.000000
9.630000 151290.000000
9.640000 151364.000000
9.650000 151314.000000
9.660000 151404.000000
9.670000 151298.000000
9.680000 151526.000000
9.690000 151624.000000
9.700000 151624.000000
9.710000 151656.000000
9.720000 151960.000000
9.730000 152210.000000
9.740000 151932.000000
9.750000 151988.000000
9.760000 152042.000000
9.770000 151840.000000
9.780000 151676.000000
9.790000 151526.000000
9.800000 151376.000000
9.810000 151160.000000
9.820000 151106.000000
9.830000 150700.000000
9.840000 150948.000000
9.850000 150734.000000
9.860000 150564.000000
9.870000 150978.000000
9.880000 151278.000000
9.890000 151156.000000
9.900000 151354.000000
9.910000 151410.000000
9.920000 151260.000000
9.930000 151440.000000
9.940000 151158.000000
9.950000 151176.000000
9.960000 151490.000000
9.970000 151438.000000
9.980000 151416.000000
9.990000 151520.000000
10.000000 151526.000000
