# time covered_sites
0.010000 24178.000000
0.020000 45232.000000
0.030000 63800.000000
0.040000 80242.000000
0.050000 94118.000000
0.060000 106406.000000
0.070000 117112.000000
0.080000 126486.000000
0.090000 134592.000000
0.100000 141552.000000
0.110000 147288.000000
0.120000 152348.000000
0.130000 156948.000000
0.140000 160798.000000
0.150000 164220.000000
0.160000 166940.000000
0.170000 169576.000000
0.180000 171538.000000
0.190000 173422.000000
0.200000 175230.000000
0.210000 176788.000000
0.220000 178132.000000
0.230000 178886.000000
0.240000 180010.000000
0.250000 180952.000000
0.260000 182142.000000
0.270000 182916.000000
0.280000 183820.000000
0.290000 184288.000000
0.300000 184722.000000
0.310000 185004.000000
0.320000 185784.000000
0.330000 186414.000000
0.340000 186990.000000
0.350000 187362.000000
0.360000 187608.000000
0.370000 187916.000000
0.380000 188636.000000
0.390000 189080.000000
0.400000 189268.000000
0.410000 189676.000000
0.420000 189662.000000
0.430000 189798.000000
0.440000 189962.000000
0.450000 189944.000000
0.460000 189954.000000
0.470000 190586.000000
0.480000 190878.000000
0.490000 191228.000000
0.500000 191266.000000
0.510000 191428.000000
0.520000 191666.000000
0.530000 191948.000000
0.540000 192060.000000
0.550000 192132.000000
0.560000 192738.000000
0.570000 192716.000000
0.580000 192306.000000
0.590000 192420.000000
0.600000 192410.000000
0.610000 192464.000000
0.620000 192496.000000
0.630000 192824.000000
0.640000 192966.000000
0.650000 193044.000000
0.660000 193036.000000
0.670000 193122.000000
0.680000 193108.000000
0.690000 193406.000000
0.700000 193156.000000
0.710000 193730.000000
0.720000 193648.000000
0.730000 193506.000000
0.740000 193424.000000
0.750000 193880.000000
0.760000 193810.000000
0.770000 193586.000000
0.780000 193532.000000
0.790000 193548.000000
0.800000 193850.000000
0.810000 194112.000000
0.820000 194172.000000
0.830000 194524.000000
0.840000 194686.000000
0.850000 194534.000000
0.860000 195006.000000
0.870000 195036.000000
0.880000 195126.000000
0.890000 194784.000000
0.900000 194644.000000
0.910000 194894.000000
0.920000 194714.000000
0.930000 194398.000000
0.940000 194878.000000
0.950000 194586.000000
0.960000 195002.000000
0.970000 195078.000000
0.980000 195118.000000
0.990000 195084.000000
1.000000 195098.000000
1.010000 195020.000000
1.020000 195256.000000
1.030000 195306.000000
1.040000 195402.000000
1.050000 194944.000000
1.060000 195172.000000
1.070000 194966.000000
1.080000 194822.000000
1.090000 194836.000000
1.100000 195134.000000
1.110000 195564.000000
1.120000 195444.000000
1.130000 195634.000000
1.140000 195774.000000
1.150000 195856.000000
1.160000 195830.000000
1.170000 195858.000000
1.180000 196152.000000
1.190000 195962.000000
1.200000 196028.000000
1.210000 195982.000000
1.220000 196112.000000
1.230000 196420.000000
1.240000 196306.000000
1.250000 196358.000000
1.260000 196058.000000
1.270000 195856.000000
1.280000 195618.000000
1.290000 195348.000000
1.300000 195314.000000
1.310000 195210.000000
1.320000 195550.000000
1.330000 195468.000000
1.340000 195358.000000
1.350000 195536.000000
1.360000 195430.000000
1.370000 195624.000000
1.380000 195718.000000
1.390000 195716.000000
1.400000 195802.000000
1.410000 195802.000000
1.420000 195794.000000
1.430000 195526.000000
1.440000 195216.000000
1.450000 195536.000000
1.460000 195264.000000
1.470000 195530.000000
1.480000 195410.000000
1.490000 195668.000000
1.500000 195554.000000
1.510000 195618.000000
1.520000 195194.000000
1.530000 195212.000000
1.540000 195398.000000
1.550000 195344.000000
1.560000 195870.000000
1.570000 195726.000000
1.580000 195800.000000
1.590000 195838.000000
1.600000 195958.000000
1.610000 195760.000000
1.620000 195732.000000
1.630000 195714.000000
1.640000 195784.000000
1.650000 195418.000000
1.660000 195712.000000
1.670000 195838.000000
1.680000 196012.000000
1.690000 196074.000000
1.700000 196122.000000
1.710000 196304.000000
1.720000 196702.000000
1.730000 196732.000000
1.740000 196740.000000
1.750000 196948.000000
1.760000 197200.000000
1.770000 196784.000000
1.780000 196804.000000
1.790000 196694.000000
1.800000 196822.000000
1.810000 196808.000000
1.820000 196620.000000
1.830000 196924.000000
1.840000 196950.000000
1.850000 196406.000000
1.860000 196328.000000
1.870000 196552.000000
1.880000 196396.000000
1.890000 196308.000000
1.900000 196270.000000
1.910000 196296.000000
1.920000 196336.000000
1.930000 196338.000000
1.940000 196844.000000
1.950000 196558.000000
1.960000 196676.000000
1.970000 196712.000000
1.980000 196854.000000
1.990000 197018.000000
2.000000 196832.000000
2.010000 196476.000000
2.020000 196524.000000
2.030000 196476.000000
2.040000 196438.000000
2.050000 196770.000000
2.060000 196648.000000
2.070000 196256.000000
2.080000 196012.000000
2.090000 196258.000000
2.100000 196260.000000
2.110000 196314.000000
2.120000 196110.000000
2.130000 196056.000000
2.140000 196062.000000
2.150000 196120.000000
2.160000 196464.000000
2.170000 196608.000000
2.180000 196418.000000
2.190000 196414.000000
2.200000 196338.000000
2.210000 196400.000000
2.220000 196670.000000
2.230000 197082.000000
2.240000 196980.000000
2.250000 196940.000000
2.260000 196978.000000
2.270000 196890.000000
2.280000 196660.000000
2.290000 196472.000000
2.300000 196344.000000
2.310000 196242.000000
2.320000 196320.000000
2.330000 196224.000000
2.340000 196234.000000
2.350000 196616.000000
2.360000 196574.000000
2.370000 196836.000000
2.380000 197216.000000
2.390000 197420.000000
2.400000 197026.000000
2.410000 197002.000000
2.420000 196932.000000
2.430000 197224.000000
2.440000 197394.000000
2.450000 197242.000000
2.460000 196974.000000
2.470000 196964.000000
2.480000 196790.000000
2.490000 196520.000000
2.500000 196594.000000
2.510000 196736.000000
2.520000 197150.000000
2.530000 197180.000000
2.540000 197226.000000
2.550000 196944.000000
2.560000 197070.000000
2.570000 197226.000000
2.580000 197106.000000
2.590000 197256.000000
2.600000 197394.000000
2.610000 197106.000000
2.620000 197108.000000
2.630000 197250.000000
2.640000 197254.000000
2.650000 197298.000000
2.660000 197720.000000
2.670000 197836.000000
2.680000 197842.000000
2.690000 197762.000000
2.700000 197760.000000
2.710000 197472.000000
2.720000 197612.000000
2.730000 197576.000000
2.740000 197414.000000
2.750000 197036.000000
2.760000 196992.000000
2.770000 197216.000000
2.780000 197504.000000
2.790000 197374.000000
2.800000 197666.000000
2.810000 197512.000000
2.820000 197452.000000
2.830000 197202.000000
2.840000 197106.000000
2.850000 196980.000000
2.860000 196998.000000
2.870000 197234.000000
2.880000 196992.000000
2.890000 197092.000000
2.900000 197042.000000
2.910000 197036.000000
2.920000 197086.000000
2.930000 197066.000000
2.940000 197118.000000
2.950000 196946.000000
2.960000 197114.000000
2.970000 196968.000000
2.980000 197292.000000
2.990000 197376.000000
3.000000 197100.000000
3.010000 196486.000000
3.020000 196518.000000
3.030000 196868.000000
3.040000 196878.000000
3.050000 196962.000000
3.060000 196862.000000
3.070000 197188.000000
3.080000 196866.000000
3.090000 196946.000000
3.100000 196936.000000
3.110000 196988.000000
3.120000 197264.000000
3.130000 197106.000000
3.140000 197126.000000
3.150000 197018.000000
3.160000 196904.000000
3.170000 196896.000000
3.180000 197112.000000
3.190000 196980.000000
3.200000 197266.000000
3.210000 197404.000000
3.220000 197266.000000
3.230000 196992.000000
3.240000 196836.000000
3.250000 196758.000000
3.260000 196724.000000
3.270000 196726.000000
3.280000 196808.000000
3.290000 196864.000000
3.300000 196956.000000
3.310000 197088.000000
3.320000 197172.000000
3.330000 196792.000000
3.340000 197036.000000
3.350000 196748.000000
3.360000 196696.000000
3.370000 196688.000000
3.380000 197006.000000
3.390000 196746.000000
3.400000 196876.000000
3.410000 196548.000000
3.420000 196790.000000
3.430000 196806.000000
3.440000 196756.000000
3.450000 196890.000000
3.460000 196758.000000
3.470000 196988.000000
3.480000 196916.000000
3.490000 196496.000000
3.500000 196528.000000
3.510000 196288.000000
3.520000 196460.000000
3.530000 196762.000000
3.540000 196606.000000
3.550000 196540.000000
3.560000 196510.000000
3.570000 196504.000000
3.580000 196796.000000
3.590000 197100.000000
3.600000 196994.000000
3.610000 196862.000000
3.620000 197008.000000
3.630000 197078.000000
3.640000 197038.000000
3.650000 197410.000000
3.660000 197636.000000
3.670000 197400.000000
3.680000 197402.000000
3.690000 197064.000000
3.700000 197264.000000
3.710000 197168.000000
3.720000 197102.000000
3.730000 196822.000000
3.740000 196722.000000
3.750000 196916.000000
3.760000 197052.000000
3.770000 197394.000000
3.780000 196908.000000
3.790000 196866.000000
3.800000 196772.000000
3.810000 196904.000000
3.820000 197288.000000
3.830000 197338.000000
3.840000 197092.000000
3.850000 196990.000000
3.860000 197004.000000
3.870000 197018.000000
3.880000 197284.000000
3.890000 197152.000000
3.900000 197102.000000
3.910000 197010.000000
3.920000 197170.000000
3.930000 196862.000000
3.940000 197298.000000
3.950000 197630.000000
3.960000 197830.000000
3.970000 197720.000000
3.980000 197936.000000
3.990000 197696.000000
4.000000 197384.000000
4.010000 197390.000000
4.020000 197216.000000
4.030000 197018.000000
4.040000 197192.000000
4.050000 196884.000000
4.060000 197298.000000
4.070000 197358.000000
4.080000 197652.000000
4.090000 197658.000000
4.100000 197542.000000
4.110000 197830.000000
4.120000 197624.000000
4.130000 197514.000000
4.140000 197306.000000
4.150000 197100.000000
4.160000 197144.000000
4.170000 196892.000000
4.180000 197066.000000
4.190000 196946.000000
4.200000 197172.000000
4.210000 197038.000000
4.220000 197138.000000
4.230000 196868.000000
4.240000 197308.000000
4.250000 197528.000000
4.260000 197444.000000
4.270000 197252.000000
4.280000 197152.000000
4.290000 197084.000000
4.300000 196978.000000
4.310000 197280.000000
4.320000 197764.000000
4.330000 197820.000000
4.340000 197620.000000
4.350000 197734.000000
4.360000 197654.000000
4.370000 197376.000000
4.380000 197086.000000
4.390000 196702.000000
4.400000 196734.000000
4.410000 196748.000000
4.420000 196736.000000
4.430000 196966.000000
4.440000 197104.000000
4.450000 196926.000000
4.460000 197070.000000
4.470000 196964.000000
4.480000 197176.000000
4.490000 197330.000000
4.500000 197476.000000
4.510000 197324.000000
4.520000 197188.000000
4.530000 197304.000000
4.540000 197036.000000
4.550000 197134.000000
4.560000 196928.000000
4.570000 196870.000000
4.580000 197398.000000
4.590000 197688.000000
4.600000 197654.000000
4.610000 198290.000000
4.620000 198164.000000
4.630000 198192.000000
4.640000 198416.000000
4.650000 198380.000000
4.660000 197980.000000
4.670000 197806.000000
4.680000 197446.000000
4.690000 197436.000000
4.700000 197310.000000
4.710000 197410.000000
4.720000 197612.000000
4.730000 197418.000000
4.740000 197070.000000
4.750000 197362.000000
4.760000 197056.000000
4.770000 197124.000000
4.780000 197054.000000
4.790000 197080.000000
4.800000 197320.000000
4.810000 197170.000000
4.820000 197184.000000
4.830000 197186.000000
4.840000 197472.000000
4.850000 197390.000000
4.860000 197498.000000
4.870000 197418.000000
4.880000 197274.000000
4.890000 197160.000000
4.900000 197018.000000
4.910000 197120.000000
4.920000 197442.000000
4.930000 197346.000000
4.940000 197732.000000
4.950000 197790.000000
4.960000 197536.000000
4.970000 197560.000000
4.980000 197704.000000
4.990000 198128.000000
5.000000 198208.000000
5.010000 198120.000000
5.020000 197864.000000
5.030000 197962.000000
5.040000 197758.000000
5.050000 197564.000000
5.060000 197908.000000
5.070000 197674.000000
5.080000 197508.000000
5.090000 197460.000000
5.100000 197328.000000
5.110000 197456.000000
5.120000 197522.000000
5.130000 197364.000000
5.140000 197484.000000
5.150000 197342.000000
5.160000 197478.000000
5.170000 197184.000000
5.180000 197326.000000
5.190000 197160.000000
5.200000 197010.000000
5.210000 196822.000000
5.220000 197040.000000
5.230000 197148.000000
5.240000 197294.000000
5.250000 197272.000000
5.260000 197388.000000
5.270000 197414.000000
5.280000 197206.000000
5.290000 197128.000000
5.300000 197028.000000
5.310000 196962.000000
5.320000 196890.000000
5.330000 196818.000000
5.340000 196994.000000
5.350000 196962.000000
5.360000 197080.000000
5.370000 197040.000000
5.380000 197220.000000
5.390000 197140.000000
5.400000 197138.000000
5.410000 196764.000000
5.420000 196786.000000
5.430000 197370.000000
5.440000 197282.000000
5.450000 197206.000000
5.460000 197236.000000
5.470000 197302.000000
5.480000 197164.000000
5.490000 197260.000000
5.500000 197478.000000
5.510000 197400.000000
5.520000 197242.000000
5.530000 197472.000000
5.540000 197496.000000
5.550000 197400.000000
5.560000 197424.000000
5.570000 197236.000000
5.580000 197286.000000
5.590000 197242.000000
5.600000 197190.000000
5.610000 197416.000000
5.620000 197534.000000
5.630000 197330.000000
5.640000 197304.000000
5.650000 197300.000000
5.660000 197124.000000
5.670000 197350.000000
5.680000 197212.000000
5.690000 197280.000000
5.700000 197348.000000
5.710000 196994.000000
5.720000 196972.000000
5.730000 196854.000000
5.740000 197126.000000
5.750000 197218.000000
5.760000 197116.000000
5.770000 197290.000000
5.780000 196980.000000
5.790000 196974.000000
5.800000 197042.000000
5.810000 197140.000000
5.820000 197234.000000
5.830000 197158.000000
5.840000 197086.000000
5.850000 197216.000000
5.860000 197564.000000
5.870000 197432.000000
5.880000 197454.000000
5.890000 197522.000000
5.900000 197812.000000
5.910000 197852.000000
5.920000 198110.000000
5.930000 198166.000000
5.940000 197878.000000
5.950000 197826.000000
5.960000 197940.000000
5.970000 197916.000000
5.980000 198100.000000
5.990000 197576.000000
6.000000 197844.000000
6.010000 197788.000000
6.020000 198188.000000
6.030000 198132.000000
6.040000 198276.000000
6.050000 198004.000000
6.060000 197708.000000
6.070000 197826.000000
6.080000 197426.000000
6.090000 197770.000000
6.100000 197924.000000
6.110000 197944.000000
6.120000 198006.000000
6.130000 198080.000000
6.140000 198320.000000
6.150000 198454.000000
6.160000 198332.000000
6.170000 198400.000000
6.180000 197806.000000
6.190000 197804.000000
6.200000 197516.000000
6.210000 197522.000000
6.220000 197534.000000
6.230000 197370.000000
6.240000 197490.000000
6.250000 197350.000000
6.260000 197370.000000
6.270000 197666.000000
6.280000 197440.000000
6.290000 197386.000000
6.300000 197598.000000
6.310000 197330.000000
6.320000 197360.000000
6.330000 197350.000000
6.340000 197462.000000
6.350000 197432.000000
6.360000 197490.000000
6.370000 197792.000000
6.380000 197456.000000
6.390000 197796.000000
6.400000 197838.000000
6.410000 197542.000000
6.420000 197696.000000
6.430000 198018.000000
6.440000 197778.000000
6.450000 198024.000000
6.460000 198122.000000
6.470000 198038.000000
6.480000 197724.000000
6.490000 198098.000000
6.500000 197778.000000
6.510000 197570.000000
6.520000 197464.000000
6.530000 197352.000000
6.540000 197110.000000
6.550000 197158.000000
6.560000 196948.000000
6.570000 197178.000000
6.580000 196766.000000
6.590000 196904.000000
6.600000 196850.000000
6.610000 196812.000000
6.620000 196764.000000
6.630000 196898.000000
6.640000 197088.000000
6.650000 197008.000000
6.660000 196958.000000
6.670000 196786.000000
6.680000 197200.000000
6.690000 197302.000000
6.700000 197526.000000
6.710000 197926.000000
6.720000 197616.000000
6.730000 197506.000000
6.740000 197528.000000
6.750000 197538.000000
6.760000 197806.000000
6.770000 197732.000000
6.780000 197966.000000
6.790000 198010.000000
6.800000 198012.000000
6.810000 197978.000000
6.820000 197744.000000
6.830000 197934.000000
6.840000 197828.000000
6.850000 197760.000000
6.860000 197804.000000
6.870000 197718.000000
6.880000 197772.000000
6.890000 197424.000000
6.900000 196998.000000
6.910000 197076.000000
6.920000 197228.000000
6.930000 197384.000000
6.940000 197426.000000
6.950000 197306.000000
6.960000 197260.000000
6.970000 197598.000000
6.980000 197290.000000
6.990000 197686.000000
7.000000 197186.000000
7.010000 197358.000000
7.020000 197720.000000
7.030000 197722.000000
7.040000 197638.000000
7.050000 197428.000000
7.060000 197548.000000
7.070000 197416.000000
7.080000 197218.000000
7.090000 197126.000000
7.100000 197172.000000
7.110000 197110.000000
7.120000 197562.000000
7.130000 197476.000000
7.140000 197464.000000
7.150000 197706.000000
7.160000 197632.000000
7.170000 197766.000000
7.180000 197586.000000
7.190000 197880.000000
7.200000 197726.000000
7.210000 198174.000000
7.220000 198476.000000
7.230000 198372.000000
7.240000 198116.000000
7.250000 197698.000000
7.260000 197684.000000
7.270000 197608.000000
7.280000 197744.000000
7.290000 197484.000000
7.300000 197516.000000
7.310000 197290.000000
7.320000 197336.000000
7.330000 197366.000000
7.340000 197556.000000
7.350000 197136.000000
7.360000 197056.000000
7.370000 197282.000000
7.380000 197508.000000
7.390000 197786.000000
7.400000 197780.000000
7.410000 197822.000000
7.420000 197482.000000
7.430000 197248.000000
7.440000 197220.000000
7.450000 197212.000000
7.460000 197018.000000
7.470000 197078.000000
7.480000 197634.000000
7.490000 197392.000000
7.500000 197668.000000
7.510000 197544.000000
7.520000 198054.000000
7.530000 198156.000000
7.540000 197846.000000
7.550000 197722.000000
7.560000 197512.000000
7.570000 197460.000000
7.580000 197200.000000
7.590000 197512.000000
7.600000 197478.000000
7.610000 197520.000000
7.620000 197708.000000
7.630000 197428.000000
7.640000 197174.000000
7.650000 197202.000000
7.660000 197370.000000
7.670000 197404.000000
7.680000 197378.000000
7.690000 197330.000000
7.700000 197288.000000
7.710000 197420.000000
7.720000 197556.000000
7.730000 197482.000000
7.740000 197396.000000
7.750000 197412.000000
7.760000 196950.000000
7.770000 196980.000000
7.780000 197052.000000
7.790000 197536.000000
7.800000 197244.000000
7.810000 197122.000000
7.820000 197492.000000
7.830000 197374.000000
7.840000 197524.000000
7.850000 197628.000000
7.860000 197550.000000
7.870000 197136.000000
7.880000 197344.000000
7.890000 197148.000000
7.900000 197230.000000
7.910000 197468.000000
7.920000 197418.000000
7.930000 197260.000000
7.940000 197376.000000
7.950000 197196.000000
7.960000 197464.000000
7.970000 197596.000000
7.980000 198116.000000
7.990000 197860.000000
8.000000 197806.000000
8.010000 197994.000000
8.020000 198250.000000
8.030000 198052.000000
8.040000 197906.000000
8.050000 197658.000000
8.060000 197800.000000
8.070000 197682.000000
8.080000 198042.000000
8.090000 198086.000000
8.100000 198044.000000
8.110000 198098.000000
8.120000 198150.000000
8.130000 198054.000000
8.140000 197746.000000
8.150000 197480.000000
8.160000 197630.000000
8.170000 197242.000000
8.180000 197172.000000
8.190000 197270.000000
8.200000 197592.000000
8.210000 197850.000000
8.220000 197886.000000
8.230000 198000.000000
8.240000 197908.000000
8.250000 197792.000000
8.260000 197370.000000
8.270000 197036.000000
8.280000 197330.000000
8.290000 196912.000000
8.300000 197148.000000
8.310000 197222.000000
8.320000 197240.000000
8.330000 197484.000000
8.340000 197516.000000
8.350000 197546.000000
8.360000 197444.000000
8.370000 197698.000000
8.380000 197252.000000
8.390000 197486.000000
8.400000 197344.000000
8.410000 197336.000000
8.420000 197164.000000
8.430000 197522.000000
8.440000 197542.000000
8.450000 197532.000000
8.460000 197360.000000
8.470000 197126.000000
8.480000 197002.000000
8.490000 196822.000000
8.500000 196872.000000
8.510000 196648.000000
8.520000 196962.000000
8.530000 197302.000000
8.540000 197256.000000
8.550000 197354.000000
8.560000 197468.000000
8.570000 197488.000000
8.580000 197380.000000
8.590000 197102.000000
8.600000 196876.000000
8.610000 196778.000000
8.620000 196928.000000
8.630000 197128.000000
8.640000 197012.000000
8.650000 197082.000000
8.660000 196984.000000
8.670000 196898.000000
8.680000 196968.000000
8.690000 197142.000000
8.700000 197256.000000
8.710000 197028.000000
8.720000 197164.000000
8.730000 197076.000000
8.740000 197112.000000
8.750000 196992.000000
8.760000 197452.000000
8.770000 197412.000000
8.780000 197420.000000
8.790000 197170.000000
8.800000 197004.000000
8.810000 196656.000000
8.820000 197002.000000
8.830000 197152.000000
8.840000 197224.000000
8.850000 197358.000000
8.860000 197012.000000
8.870000 196876.000000
8.880000 196758.000000
8.890000 197108.000000
8.900000 197284.000000
8.910000 197344.000000
8.920000 197006.000000
8.930000 196966.000000
8.940000 197482.000000
8.950000 197518.000000
8.960000 197500.000000
8.970000 197280.000000
8.980000 197202.000000
8.990000 197272.000000
9.000000 197334.000000
9.010000 197050.000000
9.020000 197562.000000
9.030000 197464.000000
9.040000 197744.000000
9.050000 197816.000000
9.060000 197390.000000
9.070000 197394.000000
9.080000 197282.000000
9.090000 197176.000000
9.100000 197022.000000
9.110000 197296.000000
9.120000 197244.000000
9.130000 197138.000000
9.140000 196984.000000
9.150000 196880.000000
9.160000 197118.000000
9.170000 197012.000000
9.180000 197294.000000
9.190000 197450.000000
9.200000 198072.000000
9.210000 197922.000000
9.220000 198124.000000
9.230000 197748.000000
9.240000 197772.000000
9.250000 197908.000000
9.260000 197898.000000
9.270000 197858.000000
9.280000 197530.000000
9.290000 197786.000000
9.300000 197496.000000
9.310000 197754.000000
9.320000 197524.000000
9.330000 197428.000000
9.340000 197714.000000
9.350000 197774.000000
9.360000 198028.000000
9.370000 197976.000000
9.380000 197522.000000
9.390000 197502.000000
9.400000 197584.000000
9.410000 198044.000000
9.420000 198046.000000
9.430000 197882.000000
9.440000 197756.000000
9.450000 197712.000000
9.460000 197814.000000
9.470000 197542.000000
9.480000 197346.000000
9.490000 197356.000000
9.500000 197772.000000
9.510000 197916.000000
9.520000 197932.000000
9.530000 197758.000000
9.540000 197720.000000
9.550000 197326.000000
9.560000 197438.000000
9.570000 197500.000000
9.580000 197350.000000
9.590000 197508.000000
9.600000 197322.000000
9.610000 197196.000000
9.620000 197346.000000
9.630000 197838.000000
9.640000 197740.000000
9.650000 198064.000000
9.660000 197736.000000
9.670000 197608.000000
9.680000 197864.000000
9.690000 197792.000000
9.700000 198110.000000
9.710000 198194.000000
9.720000 198026.000000
9.730000 197916.000000
9.740000 198242.000000
9.750000 198122.000000
9.760000 197982.000000
9.770000 197874.000000
9.780000 197656.000000
9.790000 197136.000000
9.800000 197144.000000
9.810000 197146.000000
9.820000 197392.000000
9.830000 197490.000000
9.840000 197616.000000
9.850000 197710.000000
9.860000 197680.000000
9.870000 197688.000000
9.880000 197728.000000
9.890000 197720.000000
9.900000 197580.000000
9.910000 197412.000000
9.920000 197328.000000
9.930000 197406.000000
9.940000 197658.000000
9.950000 197634.000000
9.960000 197604.000000
9.970000 198020.000000
9.980000 197876.000000
9.990000 197880.000000
10.000000 197918.000000
