# i correlation
1 0.021782
2 0.018763
3 0.016543
4 0.015039
5 0.013370
6 0.012057
7 0.010942
8 0.010118
9 0.009244
10 0.008490
11 0.007735
12 0.007146
13 0.006867
14 0.006834
15 0.006730
16 0.006295
17 0.005951
18 0.005634
19 0.005230
20 0.004833
21 0.004779
22 0.004850
23 0.004792
24 0.005166
25 0.005409
26 0.005281
27 0.005320
28 0.005214
29 0.004889
30 0.004560
31 0.004355
32 0.004328
33 0.004392
34 0.004316
35 0.004442
36 0.004757
37 0.005010
38 0.004573
39 0.003827
40 0.003321
41 0.003137
42 0.003183
43 0.003292
44 0.003004
45 0.002940
46 0.002985
47 0.002961
48 0.002658
49 0.002645
50 0.002860
51 0.002750
52 0.002664
53 0.002866
54 0.002950
55 0.002828
56 0.002938
57 0.003057
58 0.003395
59 0.003491
60 0.003737
61 0.004046
62 0.004152
63 0.003818
64 0.003443
65 0.002995
66 0.002185
67 0.001753
68 0.001553
69 0.001439
70 0.001201
71 0.001460
72 0.001600
73 0.001879
74 0.001962
75 0.002034
76 0.001968
77 0.001917
78 0.001700
79 0.001778
80 0.002207
81 0.002682
82 0.002944
83 0.003130
84 0.003127
85 0.003053
86 0.003064
87 0.003464
88 0.003575
89 0.003679
90 0.003606
91 0.003488
92 0.003082
93 0.002705
94 0.002439
95 0.002374
96 0.002638
97 0.003109
98 0.004022
99 0.004545
100 0.004721
101 0.004645
102 0.004401
103 0.004323
104 0.004359
105 0.004318
106 0.004074
107 0.004096
108 0.004291
109 0.004282
110 0.004086
111 0.003891
112 0.003668
113 0.003664
114 0.003558
115 0.003177
116 0.002558
117 0.002004
118 0.001967
119 0.002083
120 0.002084
121 0.001928
122 0.002007
123 0.002244
124 0.002256
125 0.002481
126 0.002710
127 0.002919
128 0.002982
129 0.002926
130 0.002913
131 0.002855
132 0.002825
133 0.002999
134 0.003121
135 0.003052
136 0.003028
137 0.003038
138 0.002802
139 0.002272
140 0.001681
141 0.001302
142 0.000993
143 0.000966
144 0.001184
145 0.001334
146 0.001622
147 0.001747
148 0.001794
149 0.001609
150 0.001337
151 0.001012
152 0.000576
153 -0.000103
154 -0.000702
155 -0.001104
156 -0.001290
157 -0.001812
158 -0.001928
159 -0.001861
160 -0.001757
161 -0.001334
162 -0.000911
163 -0.000488
164 -0.000527
165 -0.000730
166 -0.000903
167 -0.001233
168 -0.001474
169 -0.001407
170 -0.001408
171 -0.001424
172 -0.001556
173 -0.001460
174 -0.001275
175 -0.000979
176 -0.000967
177 -0.000931
178 -0.001167
179 -0.000981
180 -0.000511
181 -0.000415
182 -0.000429
183 -0.000060
184 0.000116
185 0.000343
186 0.000216
187 0.000293
188 0.000273
189 0.000138
190 -0.000067
191 -0.000262
192 -0.000490
193 -0.000814
194 -0.001185
195 -0.001413
196 -0.001327
197 -0.001301
198 -0.001290
199 -0.001378
200 -0.001406
201 -0.001518
202 -0.001544
203 -0.001546
204 -0.001679
205 -0.001687
206 -0.001445
207 -0.000898
208 -0.000433
209 -0.000228
210 -0.000212
211 -0.000153
212 0.000154
213 0.000266
214 0.000084
215 -0.000265
216 -0.000480
217 -0.000493
218 -0.000695
219 -0.001059
220 -0.001271
221 -0.001400
222 -0.001432
223 -0.001216
224 -0.000937
225 -0.000705
226 -0.000706
227 -0.000879
228 -0.001231
229 -0.001693
230 -0.001829
231 -0.001867
232 -0.001565
233 -0.001050
234 -0.000577
235 -0.000261
236 0.000109
237 0.000606
238 0.001231
239 0.001564
240 0.001590
241 0.001470
242 0.001607
243 0.001602
244 0.001684
245 0.001645
246 0.001819
247 0.001745
248 0.001839
249 0.001814
