# i correlation
1 0.017727
2 0.014716
3 0.012207
4 0.010170
5 0.008513
6 0.007078
7 0.006123
8 0.005593
9 0.004936
10 0.004416
11 0.004111
12 0.004014
13 0.004005
14 0.003639
15 0.003367
16 0.003228
17 0.002848
18 0.002589
19 0.002017
20 0.001633
21 0.001274
22 0.001116
23 0.001083
24 0.001358
25 0.001853
26 0.002384
27 0.002773
28 0.003348
29 0.003619
30 0.003563
31 0.003310
32 0.003072
33 0.002907
34 0.002751
35 0.002130
36 0.001719
37 0.001101
38 0.000607
39 0.000388
40 0.000255
41 0.000202
42 0.000020
43 -0.000030
44 -0.000110
45 -0.000295
46 -0.000283
47 -0.000008
48 0.000300
49 0.000504
50 0.000772
51 0.000729
52 0.000757
53 0.000467
54 0.000187
55 -0.000000
56 -0.000468
57 -0.000870
58 -0.001082
59 -0.001133
60 -0.001161
61 -0.001243
62 -0.001134
63 -0.001020
64 -0.000717
65 -0.000606
66 -0.000358
67 -0.000025
68 -0.000056
69 -0.000257
70 -0.000444
71 -0.000607
72 -0.000675
73 -0.000715
74 -0.000844
75 -0.000391
76 -0.000137
77 0.000042
78 0.000238
79 0.000530
80 0.001124
81 0.001528
82 0.001499
83 0.001268
84 0.001334
85 0.001242
86 0.000883
87 0.000524
88 0.000198
89 0.000448
90 0.000418
91 0.000168
92 -0.000109
93 -0.000230
94 -0.000278
95 -0.000046
96 0.000275
97 0.000232
98 -0.000011
99 -0.000182
100 -0.000411
101 -0.000522
102 -0.000611
103 -0.000577
104 -0.000412
105 -0.000284
106 -0.000427
107 -0.000204
108 0.000051
109 0.000429
110 0.000629
111 0.000704
112 0.000608
113 0.000695
114 0.000551
115 0.000267
116 0.000233
117 0.000344
118 0.000478
119 0.000373
120 0.000170
121 0.000327
122 0.000398
123 0.000556
124 0.000865
125 0.001297
126 0.001376
127 0.001426
128 0.001452
129 0.001823
130 0.002012
131 0.002075
132 0.001985
133 0.001859
134 0.001895
135 0.001960
136 0.001817
137 0.001830
138 0.001899
139 0.001933
140 0.001430
141 0.000969
142 0.000942
143 0.001147
144 0.001057
145 0.000672
146 0.000373
147 0.000013
148 -0.000102
149 -0.000356
150 -0.000753
151 -0.001034
152 -0.001521
153 -0.001818
154 -0.002058
155 -0.002194
156 -0.002310
157 -0.002495
158 -0.002467
159 -0.002425
160 -0.002100
161 -0.001548
162 -0.001103
163 -0.000924
164 -0.000694
165 -0.000661
166 -0.000618
167 -0.000857
168 -0.001333
169 -0.001920
170 -0.002316
171 -0.002219
172 -0.002177
173 -0.002095
174 -0.002209
175 -0.002254
176 -0.002003
177 -0.001529
178 -0.001318
179 -0.001171
180 -0.001315
181 -0.001766
182 -0.002120
183 -0.002483
184 -0.002624
185 -0.002489
186 -0.002277
187 -0.002228
188 -0.001993
189 -0.001590
190 -0.001239
191 -0.001104
192 -0.001112
193 -0.001133
194 -0.001033
195 -0.001171
196 -0.001378
197 -0.001498
198 -0.001504
199 -0.001622
200 -0.001848
201 -0.001872
202 -0.001618
203 -0.001376
204 -0.001139
205 -0.000795
206 -0.000740
207 -0.000614
208 -0.000835
209 -0.000890
210 -0.000759
211 -0.000732
212 -0.000628
213 -0.000577
214 -0.000395
215 -0.000385
216 -0.000484
217 -0.000831
218 -0.000862
219 -0.001003
220 -0.000798
221 -0.000613
222 -0.000548
223 -0.000492
224 -0.000576
225 -0.000768
226 -0.000817
227 -0.001043
228 -0.001008
229 -0.001018
230 -0.000970
231 -0.000912
232 -0.000984
233 -0.000821
234 -0.000579
235 -0.000564
236 -0.000838
237 -0.001134
238 -0.001293
239 -0.001461
240 -0.002019
241 -0.002523
242 -0.002934
243 -0.003210
244 -0.003285
245 -0.003102
246 -0.003053
247 -0.002842
248 -0.002389
249 -0.002443
