# i correlation
1 0.001701
2 0.001650
3 0.001607
4 0.001569
5 0.001537
6 0.001508
7 0.001487
8 0.001467
9 0.001446
10 0.001426
11 0.001412
12 0.001391
13 0.001379
14 0.001367
15 0.001356
16 0.001347
17 0.001338
18 0.001329
19 0.001313
20 0.001299
21 0.001292
22 0.001284
23 0.001278
24 0.001269
25 0.001261
26 0.001255
27 0.001241
28 0.001229
29 0.001222
30 0.001210
31 0.001200
32 0.001190
33 0.001183
34 0.001182
35 0.001176
36 0.001171
37 0.001169
38 0.001161
39 0.001155
40 0.001147
41 0.001137
42 0.001132
43 0.001130
44 0.001127
45 0.001129
46 0.001126
47 0.001122
48 0.001115
49 0.001100
50 0.001090
51 0.001079
52 0.001070
53 0.001060
54 0.001047
55 0.001035
56 0.001025
57 0.001012
58 0.001003
59 0.001002
60 0.000996
61 0.000993
62 0.000986
63 0.000985
64 0.000979
65 0.000972
66 0.000961
67 0.000949
68 0.000939
69 0.000933
70 0.000930
71 0.000930
72 0.000925
73 0.000920
74 0.000914
75 0.000903
76 0.000896
77 0.000887
78 0.000877
79 0.000869
80 0.000859
81 0.000851
82 0.000847
83 0.000841
84 0.000837
85 0.000831
86 0.000828
87 0.000826
88 0.000818
89 0.000812
90 0.000810
91 0.000804
92 0.000800
93 0.000795
94 0.000784
95 0.000777
96 0.000769
97 0.000759
98 0.000754
99 0.000751
100 0.000744
101 0.000736
102 0.000732
103 0.000726
104 0.000720
105 0.000712
106 0.000707
107 0.000699
108 0.000695
109 0.000694
110 0.000691
111 0.000690
112 0.000685
113 0.000675
114 0.000666
115 0.000658
116 0.000655
117 0.000651
118 0.000652
119 0.000652
120 0.000642
121 0.000634
122 0.000625
123 0.000611
124 0.000600
125 0.000591
126 0.000579
127 0.000571
128 0.000562
129 0.000556
130 0.000551
131 0.000546
132 0.000548
133 0.000550
134 0.000545
135 0.000542
136 0.000537
137 0.000535
138 0.000534
139 0.000537
140 0.000542
141 0.000549
142 0.000553
143 0.000559
144 0.000559
145 0.000562
146 0.000562
147 0.000562
148 0.000555
149 0.000547
150 0.000545
151 0.000544
152 0.000544
153 0.000542
154 0.000538
155 0.000540
156 0.000547
157 0.000553
158 0.000557
159 0.000557
160 0.000554
161 0.000552
162 0.000546
163 0.000546
164 0.000548
165 0.000548
166 0.000545
167 0.000547
168 0.000552
169 0.000557
170 0.000560
171 0.000558
172 0.000556
173 0.000550
174 0.000538
175 0.000531
176 0.000520
177 0.000508
178 0.000502
179 0.000495
180 0.000493
181 0.000491
182 0.000486
183 0.000479
184 0.000477
185 0.000477
186 0.000469
187 0.000467
188 0.000465
189 0.000465
190 0.000465
191 0.000465
192 0.000461
193 0.000458
194 0.000455
195 0.000452
196 0.000449
197 0.000445
198 0.000443
199 0.000434
200 0.000427
201 0.000418
202 0.000415
203 0.000410
204 0.000404
205 0.000398
206 0.000392
207 0.000385
208 0.000377
209 0.000372
210 0.000368
211 0.000363
212 0.000362
213 0.000366
214 0.000365
215 0.000372
216 0.000380
217 0.000383
218 0.000386
219 0.000383
220 0.000382
221 0.000381
222 0.000375
223 0.000375
224 0.000377
225 0.000375
226 0.000369
227 0.000370
228 0.000370
229 0.000375
230 0.000377
231 0.000388
232 0.000400
233 0.000408
234 0.000419
235 0.000428
236 0.000431
237 0.000430
238 0.000429
239 0.000432
240 0.000428
241 0.000422
242 0.000422
243 0.000420
244 0.000419
245 0.000414
246 0.000410
247 0.000408
248 0.000403
249 0.000403
250 0.000405
251 0.000405
252 0.000408
253 0.000413
254 0.000415
255 0.000420
256 0.000420
257 0.000423
258 0.000424
259 0.000424
260 0.000422
261 0.000421
262 0.000425
263 0.000433
264 0.000436
265 0.000439
266 0.000436
267 0.000435
268 0.000437
269 0.000436
270 0.000435
271 0.000437
272 0.000437
273 0.000430
274 0.000425
275 0.000421
276 0.000422
277 0.000419
278 0.000418
279 0.000421
280 0.000424
281 0.000422
282 0.000416
283 0.000412
284 0.000408
285 0.000403
286 0.000404
287 0.000402
288 0.000401
289 0.000401
290 0.000403
291 0.000404
292 0.000399
293 0.000394
294 0.000392
295 0.000383
296 0.000377
297 0.000373
298 0.000370
299 0.000366
300 0.000365
301 0.000365
302 0.000365
303 0.000366
304 0.000362
305 0.000364
306 0.000364
307 0.000364
308 0.000368
309 0.000371
310 0.000371
311 0.000369
312 0.000366
313 0.000366
314 0.000372
315 0.000376
316 0.000383
317 0.000381
318 0.000382
319 0.000376
320 0.000366
321 0.000356
322 0.000351
323 0.000349
324 0.000350
325 0.000349
326 0.000349
327 0.000353
328 0.000357
329 0.000360
330 0.000360
331 0.000361
332 0.000362
333 0.000360
334 0.000360
335 0.000359
336 0.000355
337 0.000354
338 0.000350
339 0.000352
340 0.000354
341 0.000358
342 0.000365
343 0.000370
344 0.000366
345 0.000365
346 0.000363
347 0.000354
348 0.000349
349 0.000343
350 0.000341
351 0.000336
352 0.000333
353 0.000328
354 0.000322
355 0.000318
356 0.000315
357 0.000316
358 0.000317
359 0.000319
360 0.000317
361 0.000316
362 0.000314
363 0.000313
364 0.000312
365 0.000310
366 0.000310
367 0.000307
368 0.000304
369 0.000301
370 0.000299
371 0.000296
372 0.000294
373 0.000285
374 0.000284
375 0.000283
376 0.000284
377 0.000287
378 0.000290
379 0.000293
380 0.000298
381 0.000302
382 0.000306
383 0.000306
384 0.000306
385 0.000308
386 0.000303
387 0.000301
388 0.000303
389 0.000304
390 0.000307
391 0.000306
392 0.000309
393 0.000309
394 0.000303
395 0.000296
396 0.000294
397 0.000288
398 0.000283
399 0.000276
400 0.000273
401 0.000271
402 0.000271
403 0.000276
404 0.000282
405 0.000289
406 0.000298
407 0.000301
408 0.000302
409 0.000307
410 0.000310
411 0.000310
412 0.000306
413 0.000303
414 0.000302
415 0.000301
416 0.000298
417 0.000292
418 0.000288
419 0.000289
420 0.000286
421 0.000282
422 0.000282
423 0.000284
424 0.000289
425 0.000291
426 0.000293
427 0.000301
428 0.000307
429 0.000307
430 0.000307
431 0.000307
432 0.000304
433 0.000305
434 0.000306
435 0.000308
436 0.000305
437 0.000303
438 0.000297
439 0.000284
440 0.000271
441 0.000260
442 0.000255
443 0.000247
444 0.000240
445 0.000235
446 0.000228
447 0.000222
448 0.000217
449 0.000215
450 0.000210
451 0.000212
452 0.000213
453 0.000218
454 0.000216
455 0.000211
456 0.000210
457 0.000206
458 0.000202
459 0.000202
460 0.000202
461 0.000206
462 0.000208
463 0.000209
464 0.000204
465 0.000197
466 0.000194
467 0.000195
468 0.000199
469 0.000206
470 0.000213
471 0.000222
472 0.000221
473 0.000221
474 0.000223
475 0.000226
476 0.000226
477 0.000224
478 0.000225
479 0.000224
480 0.000221
481 0.000215
482 0.000211
483 0.000211
484 0.000210
485 0.000209
486 0.000208
487 0.000209
488 0.000209
489 0.000208
490 0.000204
491 0.000202
492 0.000204
493 0.000201
494 0.000199
495 0.000191
496 0.000192
497 0.000195
498 0.000197
499 0.000202
500 0.000204
501 0.000208
502 0.000213
503 0.000214
504 0.000213
505 0.000213
506 0.000213
507 0.000216
508 0.000216
509 0.000221
510 0.000226
511 0.000229
512 0.000236
513 0.000242
514 0.000250
515 0.000261
516 0.000264
517 0.000266
518 0.000268
519 0.000266
520 0.000263
521 0.000266
522 0.000271
523 0.000277
524 0.000278
525 0.000280
526 0.000280
527 0.000279
528 0.000278
529 0.000272
530 0.000270
531 0.000267
532 0.000268
533 0.000269
534 0.000266
535 0.000265
536 0.000263
537 0.000264
538 0.000259
539 0.000257
540 0.000254
541 0.000248
542 0.000243
543 0.000242
544 0.000240
545 0.000238
546 0.000235
547 0.000232
548 0.000232
549 0.000232
550 0.000232
551 0.000230
552 0.000228
553 0.000225
554 0.000218
555 0.000212
556 0.000204
557 0.000199
558 0.000194
559 0.000188
560 0.000184
561 0.000186
562 0.000189
563 0.000190
564 0.000186
565 0.000182
566 0.000181
567 0.000179
568 0.000175
569 0.000172
570 0.000171
571 0.000170
572 0.000172
573 0.000176
574 0.000184
575 0.000190
576 0.000191
577 0.000194
578 0.000198
579 0.000200
580 0.000205
581 0.000209
582 0.000212
583 0.000210
584 0.000212
585 0.000214
586 0.000215
587 0.000212
588 0.000210
589 0.000206
590 0.000202
591 0.000195
592 0.000190
593 0.000184
594 0.000181
595 0.000182
596 0.000180
597 0.000172
598 0.000168
599 0.000165
600 0.000160
601 0.000154
602 0.000150
603 0.000144
604 0.000139
605 0.000135
606 0.000132
607 0.000128
608 0.000127
609 0.000128
610 0.000123
611 0.000118
612 0.000107
613 0.000098
614 0.000092
615 0.000087
616 0.000083
617 0.000076
618 0.000068
619 0.000065
620 0.000060
621 0.000058
622 0.000057
623 0.000056
624 0.000056
625 0.000057
626 0.000057
627 0.000058
628 0.000056
629 0.000053
630 0.000049
631 0.000043
632 0.000041
633 0.000038
634 0.000039
635 0.000037
636 0.000031
637 0.000025
638 0.000015
639 0.000008
640 0.000002
641 -0.000001
642 -0.000003
643 -0.000003
644 -0.000000
645 0.000001
646 0.000001
647 -0.000001
648 0.000001
649 0.000001
650 -0.000001
651 0.000001
652 0.000001
653 0.000000
654 0.000000
655 0.000002
656 0.000005
657 0.000006
658 0.000009
659 0.000013
660 0.000015
661 0.000019
662 0.000022
663 0.000023
664 0.000023
665 0.000023
666 0.000024
667 0.000026
668 0.000030
669 0.000036
670 0.000038
671 0.000041
672 0.000045
673 0.000050
674 0.000055
675 0.000055
676 0.000051
677 0.000048
678 0.000046
679 0.000044
680 0.000045
681 0.000045
682 0.000048
683 0.000045
684 0.000042
685 0.000041
686 0.000042
687 0.000041
688 0.000038
689 0.000034
690 0.000031
691 0.000031
692 0.000028
693 0.000027
694 0.000029
695 0.000033
696 0.000035
697 0.000035
698 0.000038
699 0.000039
700 0.000039
701 0.000037
702 0.000034
703 0.000032
704 0.000029
705 0.000028
706 0.000028
707 0.000033
708 0.000036
709 0.000038
710 0.000035
711 0.000034
712 0.000033
713 0.000032
714 0.000032
715 0.000032
716 0.000030
717 0.000030
718 0.000031
719 0.000030
720 0.000027
721 0.000026
722 0.000024
723 0.000018
724 0.000018
725 0.000018
726 0.000017
727 0.000018
728 0.000018
729 0.000013
730 0.000009
731 0.000006
732 0.000004
733 0.000004
734 0.000005
735 0.000004
736 0.000001
737 0.000001
738 0.000006
739 0.000010
740 0.000012
741 0.000017
742 0.000023
743 0.000029
744 0.000032
745 0.000037
746 0.000042
747 0.000045
748 0.000048
749 0.000052
750 0.000056
751 0.000059
752 0.000062
753 0.000065
754 0.000069
755 0.000070
756 0.000074
757 0.000075
758 0.000075
759 0.000075
760 0.000076
761 0.000077
762 0.000079
763 0.000079
764 0.000081
765 0.000082
766 0.000086
767 0.000091
768 0.000094
769 0.000096
770 0.000099
771 0.000101
772 0.000103
773 0.000102
774 0.000100
775 0.000099
776 0.000102
777 0.000108
778 0.000113
779 0.000117
780 0.000119
781 0.000118
782 0.000114
783 0.000111
784 0.000109
785 0.000110
786 0.000112
787 0.000114
788 0.000117
789 0.000117
790 0.000118
791 0.000118
792 0.000116
793 0.000117
794 0.000115
795 0.000114
796 0.000111
797 0.000108
798 0.000106
799 0.000103
800 0.000101
801 0.000101
802 0.000100
803 0.000101
804 0.000103
805 0.000103
806 0.000103
807 0.000104
808 0.000105
809 0.000105
