# i correlation
1 0.001936
2 0.001884
3 0.001839
4 0.001800
5 0.001764
6 0.001734
7 0.001701
8 0.001678
9 0.001662
10 0.001648
11 0.001636
12 0.001621
13 0.001604
14 0.001593
15 0.001582
16 0.001571
17 0.001565
18 0.001556
19 0.001545
20 0.001526
21 0.001506
22 0.001494
23 0.001481
24 0.001471
25 0.001464
26 0.001455
27 0.001444
28 0.001433
29 0.001424
30 0.001413
31 0.001401
32 0.001384
33 0.001369
34 0.001357
35 0.001343
36 0.001332
37 0.001321
38 0.001306
39 0.001292
40 0.001282
41 0.001272
42 0.001270
43 0.001270
44 0.001266
45 0.001257
46 0.001249
47 0.001244
48 0.001238
49 0.001232
50 0.001226
51 0.001223
52 0.001223
53 0.001223
54 0.001223
55 0.001218
56 0.001221
57 0.001230
58 0.001231
59 0.001228
60 0.001231
61 0.001226
62 0.001222
63 0.001220
64 0.001213
65 0.001204
66 0.001193
67 0.001190
68 0.001190
69 0.001184
70 0.001174
71 0.001170
72 0.001168
73 0.001170
74 0.001168
75 0.001163
76 0.001160
77 0.001157
78 0.001155
79 0.001160
80 0.001165
81 0.001155
82 0.001151
83 0.001145
84 0.001138
85 0.001135
86 0.001127
87 0.001113
88 0.001100
89 0.001090
90 0.001084
91 0.001086
92 0.001086
93 0.001086
94 0.001087
95 0.001092
96 0.001098
97 0.001102
98 0.001102
99 0.001099
100 0.001092
101 0.001086
102 0.001079
103 0.001074
104 0.001067
105 0.001061
106 0.001049
107 0.001047
108 0.001046
109 0.001047
110 0.001049
111 0.001050
112 0.001049
113 0.001051
114 0.001051
115 0.001047
116 0.001049
117 0.001052
118 0.001050
119 0.001047
120 0.001049
121 0.001052
122 0.001053
123 0.001048
124 0.001040
125 0.001040
126 0.001042
127 0.001048
128 0.001050
129 0.001048
130 0.001046
131 0.001045
132 0.001044
133 0.001038
134 0.001033
135 0.001026
136 0.001024
137 0.001021
138 0.001020
139 0.001016
140 0.001014
141 0.001006
142 0.001003
143 0.001001
144 0.001004
145 0.001009
146 0.001013
147 0.001017
148 0.001024
149 0.001030
150 0.001034
151 0.001040
152 0.001040
153 0.001041
154 0.001042
155 0.001043
156 0.001043
157 0.001044
158 0.001041
159 0.001039
160 0.001036
161 0.001031
162 0.001028
163 0.001024
164 0.001023
165 0.001023
166 0.001016
167 0.001007
168 0.001000
169 0.000996
170 0.000994
171 0.000995
172 0.000995
173 0.000995
174 0.001000
175 0.001006
176 0.001008
177 0.001007
178 0.001005
179 0.001004
180 0.001002
181 0.001005
182 0.001007
183 0.001007
184 0.001003
185 0.000998
186 0.000987
187 0.000981
188 0.000973
189 0.000970
190 0.000964
191 0.000959
192 0.000952
193 0.000950
194 0.000950
195 0.000948
196 0.000945
197 0.000937
198 0.000933
199 0.000931
200 0.000933
201 0.000933
202 0.000934
203 0.000932
204 0.000926
205 0.000923
206 0.000918
207 0.000917
208 0.000918
209 0.000915
210 0.000909
211 0.000906
212 0.000904
213 0.000902
214 0.000896
215 0.000878
216 0.000870
217 0.000862
218 0.000857
219 0.000857
220 0.000852
221 0.000844
222 0.000833
223 0.000826
224 0.000821
225 0.000820
226 0.000818
227 0.000815
228 0.000816
229 0.000816
230 0.000818
231 0.000820
232 0.000819
233 0.000820
234 0.000821
235 0.000826
236 0.000828
237 0.000826
238 0.000830
239 0.000834
240 0.000834
241 0.000830
242 0.000828
243 0.000832
244 0.000831
245 0.000830
246 0.000820
247 0.000810
248 0.000799
249 0.000787
250 0.000780
251 0.000772
252 0.000764
253 0.000760
254 0.000759
255 0.000758
256 0.000757
257 0.000755
258 0.000750
259 0.000747
260 0.000743
261 0.000737
262 0.000731
263 0.000724
264 0.000717
265 0.000710
266 0.000703
267 0.000697
268 0.000694
269 0.000691
270 0.000688
271 0.000684
272 0.000677
273 0.000676
274 0.000673
275 0.000668
276 0.000671
277 0.000670
278 0.000666
279 0.000666
280 0.000666
281 0.000669
282 0.000676
283 0.000678
284 0.000676
285 0.000674
286 0.000670
287 0.000671
288 0.000668
289 0.000660
290 0.000657
291 0.000650
292 0.000649
293 0.000654
294 0.000656
295 0.000653
296 0.000649
297 0.000644
298 0.000641
299 0.000643
300 0.000643
301 0.000641
302 0.000640
303 0.000642
304 0.000643
305 0.000644
306 0.000643
307 0.000644
308 0.000642
309 0.000636
310 0.000630
311 0.000622
312 0.000617
313 0.000611
314 0.000605
315 0.000601
316 0.000596
317 0.000593
318 0.000592
319 0.000591
320 0.000586
321 0.000586
322 0.000582
323 0.000583
324 0.000581
325 0.000581
326 0.000580
327 0.000579
328 0.000579
329 0.000581
330 0.000583
331 0.000582
332 0.000573
333 0.000570
334 0.000566
335 0.000558
336 0.000555
337 0.000554
338 0.000556
339 0.000558
340 0.000564
341 0.000566
342 0.000564
343 0.000562
344 0.000559
345 0.000554
346 0.000547
347 0.000542
348 0.000544
349 0.000544
350 0.000547
351 0.000546
352 0.000547
353 0.000548
354 0.000547
355 0.000548
356 0.000555
357 0.000561
358 0.000566
359 0.000570
360 0.000578
361 0.000592
362 0.000601
363 0.000609
364 0.000615
365 0.000619
366 0.000619
367 0.000624
368 0.000625
369 0.000628
370 0.000629
371 0.000624
372 0.000620
373 0.000618
374 0.000609
375 0.000605
376 0.000602
377 0.000596
378 0.000595
379 0.000595
380 0.000596
381 0.000600
382 0.000603
383 0.000604
384 0.000604
385 0.000602
386 0.000598
387 0.000597
388 0.000593
389 0.000589
390 0.000587
391 0.000588
392 0.000587
393 0.000582
394 0.000581
395 0.000580
396 0.000575
397 0.000572
398 0.000571
399 0.000564
400 0.000560
401 0.000557
402 0.000551
403 0.000545
404 0.000539
405 0.000541
406 0.000537
407 0.000535
408 0.000534
409 0.000534
410 0.000532
411 0.000528
412 0.000530
413 0.000533
414 0.000534
415 0.000531
416 0.000529
417 0.000525
418 0.000518
419 0.000513
420 0.000513
421 0.000516
422 0.000520
423 0.000522
424 0.000529
425 0.000536
426 0.000541
427 0.000544
428 0.000548
429 0.000550
430 0.000551
431 0.000543
432 0.000538
433 0.000536
434 0.000531
435 0.000528
436 0.000521
437 0.000513
438 0.000509
439 0.000509
440 0.000508
441 0.000514
442 0.000516
443 0.000515
444 0.000513
445 0.000512
446 0.000510
447 0.000513
448 0.000512
449 0.000510
450 0.000510
451 0.000508
452 0.000510
453 0.000505
454 0.000503
455 0.000500
456 0.000498
457 0.000496
458 0.000497
459 0.000501
460 0.000502
461 0.000502
462 0.000497
463 0.000490
464 0.000487
465 0.000486
466 0.000485
467 0.000481
468 0.000480
469 0.000483
470 0.000485
471 0.000481
472 0.000479
473 0.000475
474 0.000475
475 0.000471
476 0.000466
477 0.000467
478 0.000470
479 0.000472
480 0.000474
481 0.000478
482 0.000483
483 0.000488
484 0.000488
485 0.000490
486 0.000489
487 0.000491
488 0.000491
489 0.000493
490 0.000497
491 0.000496
492 0.000497
493 0.000496
494 0.000497
495 0.000495
496 0.000493
497 0.000489
498 0.000485
499 0.000484
500 0.000480
501 0.000477
502 0.000472
503 0.000464
504 0.000454
505 0.000444
506 0.000435
507 0.000423
508 0.000419
509 0.000417
510 0.000414
511 0.000411
512 0.000413
513 0.000411
514 0.000410
515 0.000412
516 0.000409
517 0.000403
518 0.000403
519 0.000403
520 0.000404
521 0.000410
522 0.000413
523 0.000412
524 0.000412
525 0.000414
526 0.000418
527 0.000425
528 0.000426
529 0.000425
530 0.000422
531 0.000415
532 0.000412
533 0.000411
534 0.000409
535 0.000406
536 0.000402
537 0.000398
538 0.000397
539 0.000398
540 0.000399
541 0.000397
542 0.000398
543 0.000403
544 0.000413
545 0.000422
546 0.000428
547 0.000430
548 0.000430
549 0.000427
550 0.000425
551 0.000422
552 0.000421
553 0.000416
554 0.000411
555 0.000404
556 0.000397
557 0.000391
558 0.000388
559 0.000386
560 0.000381
561 0.000380
562 0.000384
563 0.000387
564 0.000389
565 0.000386
566 0.000384
567 0.000377
568 0.000371
569 0.000369
570 0.000362
571 0.000351
572 0.000346
573 0.000343
574 0.000342
575 0.000339
576 0.000338
577 0.000339
578 0.000339
579 0.000343
580 0.000341
581 0.000342
582 0.000340
583 0.000336
584 0.000331
585 0.000324
586 0.000316
587 0.000314
588 0.000312
589 0.000309
590 0.000307
591 0.000305
592 0.000304
593 0.000301
594 0.000298
595 0.000296
596 0.000297
597 0.000297
598 0.000299
599 0.000298
600 0.000300
601 0.000302
602 0.000301
603 0.000302
604 0.000303
605 0.000306
606 0.000310
607 0.000318
608 0.000327
609 0.000336
610 0.000342
611 0.000349
612 0.000353
613 0.000356
614 0.000356
615 0.000357
616 0.000359
617 0.000364
618 0.000366
619 0.000371
620 0.000371
621 0.000371
622 0.000373
623 0.000379
624 0.000385
625 0.000391
626 0.000398
627 0.000400
628 0.000401
629 0.000398
630 0.000395
631 0.000395
632 0.000395
633 0.000395
634 0.000393
635 0.000392
636 0.000390
637 0.000390
638 0.000390
639 0.000384
640 0.000377
641 0.000376
642 0.000372
643 0.000374
644 0.000374
645 0.000371
646 0.000369
647 0.000364
648 0.000361
649 0.000361
650 0.000356
651 0.000348
652 0.000341
653 0.000333
654 0.000327
655 0.000322
656 0.000312
657 0.000307
658 0.000300
659 0.000295
660 0.000294
661 0.000291
662 0.000287
663 0.000285
664 0.000281
665 0.000274
666 0.000270
667 0.000265
668 0.000262
669 0.000262
670 0.000259
671 0.000256
672 0.000254
673 0.000253
674 0.000251
675 0.000247
676 0.000243
677 0.000238
678 0.000236
679 0.000236
680 0.000236
681 0.000234
682 0.000233
683 0.000229
684 0.000227
685 0.000225
686 0.000222
687 0.000215
688 0.000212
689 0.000208
690 0.000209
691 0.000209
692 0.000205
693 0.000204
694 0.000204
695 0.000207
696 0.000206
697 0.000205
698 0.000202
699 0.000200
700 0.000196
701 0.000196
702 0.000193
703 0.000190
704 0.000189
705 0.000185
706 0.000182
707 0.000178
708 0.000176
709 0.000176
710 0.000175
711 0.000173
712 0.000172
713 0.000169
714 0.000166
715 0.000159
716 0.000151
717 0.000145
718 0.000138
719 0.000132
720 0.000127
721 0.000123
722 0.000121
723 0.000122
724 0.000122
725 0.000122
726 0.000124
727 0.000128
728 0.000134
729 0.000140
730 0.000142
731 0.000140
732 0.000138
733 0.000138
734 0.000136
735 0.000136
736 0.000132
737 0.000130
738 0.000133
739 0.000137
740 0.000140
741 0.000141
742 0.000143
743 0.000141
744 0.000139
745 0.000137
746 0.000137
747 0.000137
748 0.000136
749 0.000133
750 0.000128
751 0.000128
752 0.000128
753 0.000131
754 0.000135
755 0.000139
756 0.000142
757 0.000144
758 0.000146
759 0.000143
760 0.000140
761 0.000135
762 0.000134
763 0.000133
764 0.000135
765 0.000136
766 0.000139
767 0.000138
768 0.000139
769 0.000140
770 0.000143
771 0.000147
772 0.000150
773 0.000155
774 0.000158
775 0.000164
776 0.000166
777 0.000172
778 0.000173
779 0.000172
780 0.000174
781 0.000177
782 0.000181
783 0.000188
784 0.000189
785 0.000191
786 0.000193
787 0.000193
788 0.000190
789 0.000192
790 0.000194
791 0.000196
792 0.000200
793 0.000200
794 0.000199
795 0.000196
796 0.000192
797 0.000190
798 0.000188
799 0.000187
800 0.000189
801 0.000189
802 0.000188
803 0.000188
804 0.000188
805 0.000190
806 0.000192
807 0.000193
808 0.000197
809 0.000201
