# i correlation
1 0.001605
2 0.001547
3 0.001502
4 0.001463
5 0.001421
6 0.001388
7 0.001364
8 0.001342
9 0.001320
10 0.001304
11 0.001292
12 0.001279
13 0.001262
14 0.001245
15 0.001228
16 0.001207
17 0.001189
18 0.001175
19 0.001166
20 0.001160
21 0.001155
22 0.001149
23 0.001139
24 0.001132
25 0.001127
26 0.001117
27 0.001106
28 0.001094
29 0.001087
30 0.001079
31 0.001075
32 0.001079
33 0.001083
34 0.001082
35 0.001083
36 0.001080
37 0.001071
38 0.001058
39 0.001051
40 0.001041
41 0.001037
42 0.001037
43 0.001041
44 0.001048
45 0.001048
46 0.001047
47 0.001049
48 0.001045
49 0.001037
50 0.001030
51 0.001021
52 0.001006
53 0.000993
54 0.000987
55 0.000981
56 0.000974
57 0.000975
58 0.000981
59 0.000986
60 0.000985
61 0.000989
62 0.000991
63 0.000987
64 0.000984
65 0.000985
66 0.000978
67 0.000975
68 0.000974
69 0.000975
70 0.000971
71 0.000966
72 0.000966
73 0.000955
74 0.000936
75 0.000925
76 0.000919
77 0.000911
78 0.000900
79 0.000895
80 0.000890
81 0.000880
82 0.000870
83 0.000866
84 0.000859
85 0.000846
86 0.000833
87 0.000826
88 0.000817
89 0.000815
90 0.000819
91 0.000824
92 0.000827
93 0.000830
94 0.000831
95 0.000831
96 0.000826
97 0.000823
98 0.000821
99 0.000813
100 0.000805
101 0.000800
102 0.000802
103 0.000801
104 0.000798
105 0.000802
106 0.000807
107 0.000807
108 0.000806
109 0.000804
110 0.000798
111 0.000791
112 0.000787
113 0.000779
114 0.000771
115 0.000762
116 0.000758
117 0.000752
118 0.000747
119 0.000745
120 0.000745
121 0.000741
122 0.000738
123 0.000731
124 0.000732
125 0.000734
126 0.000739
127 0.000746
128 0.000748
129 0.000748
130 0.000754
131 0.000759
132 0.000757
133 0.000754
134 0.000760
135 0.000767
136 0.000774
137 0.000783
138 0.000789
139 0.000793
140 0.000794
141 0.000803
142 0.000808
143 0.000800
144 0.000796
145 0.000793
146 0.000796
147 0.000800
148 0.000801
149 0.000799
150 0.000797
151 0.000795
152 0.000793
153 0.000790
154 0.000789
155 0.000784
156 0.000783
157 0.000777
158 0.000770
159 0.000765
160 0.000757
161 0.000754
162 0.000754
163 0.000755
164 0.000747
165 0.000737
166 0.000735
167 0.000740
168 0.000744
169 0.000748
170 0.000756
171 0.000765
172 0.000772
173 0.000777
174 0.000784
175 0.000788
176 0.000780
177 0.000772
178 0.000767
179 0.000760
180 0.000752
181 0.000747
182 0.000740
183 0.000734
184 0.000724
185 0.000717
186 0.000710
187 0.000702
188 0.000690
189 0.000681
190 0.000670
191 0.000664
192 0.000658
193 0.000656
194 0.000653
195 0.000653
196 0.000654
197 0.000656
198 0.000656
199 0.000657
200 0.000660
201 0.000660
202 0.000656
203 0.000654
204 0.000654
205 0.000653
206 0.000654
207 0.000661
208 0.000669
209 0.000677
210 0.000684
211 0.000693
212 0.000695
213 0.000696
214 0.000695
215 0.000697
216 0.000697
217 0.000700
218 0.000703
219 0.000703
220 0.000697
221 0.000689
222 0.000677
223 0.000666
224 0.000653
225 0.000639
226 0.000632
227 0.000631
228 0.000634
229 0.000633
230 0.000634
231 0.000638
232 0.000641
233 0.000638
234 0.000637
235 0.000640
236 0.000639
237 0.000639
238 0.000640
239 0.000641
240 0.000639
241 0.000637
242 0.000641
243 0.000646
244 0.000651
245 0.000651
246 0.000649
247 0.000649
248 0.000646
249 0.000638
250 0.000634
251 0.000631
252 0.000626
253 0.000622
254 0.000617
255 0.000606
256 0.000597
257 0.000592
258 0.000588
259 0.000585
260 0.000578
261 0.000579
262 0.000586
263 0.000593
264 0.000595
265 0.000598
266 0.000600
267 0.000599
268 0.000595
269 0.000589
270 0.000584
271 0.000579
272 0.000574
273 0.000571
274 0.000571
275 0.000568
276 0.000571
277 0.000574
278 0.000584
279 0.000591
280 0.000594
281 0.000591
282 0.000588
283 0.000591
284 0.000589
285 0.000585
286 0.000586
287 0.000589
288 0.000591
289 0.000595
290 0.000592
291 0.000585
292 0.000578
293 0.000571
294 0.000560
295 0.000555
296 0.000554
297 0.000552
298 0.000550
299 0.000549
300 0.000552
301 0.000549
302 0.000544
303 0.000544
304 0.000543
305 0.000539
306 0.000532
307 0.000530
308 0.000527
309 0.000527
310 0.000531
311 0.000539
312 0.000544
313 0.000549
314 0.000551
315 0.000552
316 0.000550
317 0.000544
318 0.000539
319 0.000534
320 0.000529
321 0.000525
322 0.000525
323 0.000520
324 0.000513
325 0.000509
326 0.000503
327 0.000497
328 0.000494
329 0.000489
330 0.000485
331 0.000482
332 0.000479
333 0.000478
334 0.000476
335 0.000476
336 0.000474
337 0.000475
338 0.000476
339 0.000474
340 0.000473
341 0.000475
342 0.000477
343 0.000480
344 0.000483
345 0.000484
346 0.000485
347 0.000487
348 0.000491
349 0.000493
350 0.000496
351 0.000492
352 0.000489
353 0.000483
354 0.000484
355 0.000486
356 0.000489
357 0.000490
358 0.000490
359 0.000493
360 0.000494
361 0.000491
362 0.000491
363 0.000489
364 0.000484
365 0.000475
366 0.000466
367 0.000460
368 0.000457
369 0.000457
370 0.000455
371 0.000449
372 0.000445
373 0.000436
374 0.000422
375 0.000408
376 0.000397
377 0.000385
378 0.000376
379 0.000371
380 0.000369
381 0.000369
382 0.000373
383 0.000378
384 0.000383
385 0.000388
386 0.000391
387 0.000391
388 0.000385
389 0.000381
390 0.000377
391 0.000376
392 0.000375
393 0.000372
394 0.000369
395 0.000368
396 0.000363
397 0.000353
398 0.000348
399 0.000344
400 0.000339
401 0.000336
402 0.000335
403 0.000337
404 0.000341
405 0.000350
406 0.000354
407 0.000355
408 0.000355
409 0.000356
410 0.000356
411 0.000355
412 0.000352
413 0.000353
414 0.000355
415 0.000358
416 0.000359
417 0.000366
418 0.000374
419 0.000377
420 0.000383
421 0.000387
422 0.000387
423 0.000381
424 0.000380
425 0.000383
426 0.000383
427 0.000384
428 0.000386
429 0.000387
430 0.000385
431 0.000382
432 0.000377
433 0.000370
434 0.000365
435 0.000358
436 0.000349
437 0.000344
438 0.000338
439 0.000332
440 0.000328
441 0.000328
442 0.000324
443 0.000319
444 0.000312
445 0.000304
446 0.000303
447 0.000302
448 0.000298
449 0.000301
450 0.000304
451 0.000306
452 0.000309
453 0.000313
454 0.000319
455 0.000321
456 0.000320
457 0.000318
458 0.000316
459 0.000310
460 0.000308
461 0.000312
462 0.000318
463 0.000324
464 0.000329
465 0.000328
466 0.000327
467 0.000326
468 0.000320
469 0.000317
470 0.000319
471 0.000321
472 0.000319
473 0.000315
474 0.000317
475 0.000324
476 0.000328
477 0.000326
478 0.000327
479 0.000330
480 0.000331
481 0.000331
482 0.000336
483 0.000338
484 0.000340
485 0.000344
486 0.000343
487 0.000339
488 0.000334
489 0.000335
490 0.000340
491 0.000344
492 0.000344
493 0.000345
494 0.000348
495 0.000351
496 0.000354
497 0.000362
498 0.000371
499 0.000370
500 0.000369
501 0.000367
502 0.000361
503 0.000350
504 0.000342
505 0.000334
506 0.000327
507 0.000316
508 0.000310
509 0.000304
510 0.000300
511 0.000300
512 0.000299
513 0.000296
514 0.000294
515 0.000294
516 0.000295
517 0.000294
518 0.000292
519 0.000291
520 0.000286
521 0.000280
522 0.000275
523 0.000272
524 0.000270
525 0.000269
526 0.000267
527 0.000265
528 0.000258
529 0.000255
530 0.000254
531 0.000253
532 0.000253
533 0.000256
534 0.000254
535 0.000251
536 0.000243
537 0.000236
538 0.000225
539 0.000220
540 0.000217
541 0.000217
542 0.000220
543 0.000225
544 0.000227
545 0.000225
546 0.000225
547 0.000227
548 0.000230
549 0.000229
550 0.000227
551 0.000227
552 0.000227
553 0.000225
554 0.000228
555 0.000234
556 0.000240
557 0.000247
558 0.000254
559 0.000263
560 0.000267
561 0.000272
562 0.000275
563 0.000279
564 0.000282
565 0.000283
566 0.000284
567 0.000285
568 0.000288
569 0.000290
570 0.000293
571 0.000291
572 0.000289
573 0.000289
574 0.000286
575 0.000280
576 0.000277
577 0.000278
578 0.000282
579 0.000284
580 0.000284
581 0.000284
582 0.000283
583 0.000285
584 0.000283
585 0.000280
586 0.000275
587 0.000272
588 0.000270
589 0.000267
590 0.000263
591 0.000265
592 0.000266
593 0.000266
594 0.000266
595 0.000263
596 0.000258
597 0.000253
598 0.000248
599 0.000243
600 0.000240
601 0.000240
602 0.000242
603 0.000245
604 0.000248
605 0.000252
606 0.000254
607 0.000254
608 0.000252
609 0.000250
610 0.000248
611 0.000246
612 0.000241
613 0.000236
614 0.000231
615 0.000222
616 0.000218
617 0.000215
618 0.000209
619 0.000204
620 0.000201
621 0.000199
622 0.000198
623 0.000196
624 0.000196
625 0.000198
626 0.000206
627 0.000209
628 0.000212
629 0.000214
630 0.000216
631 0.000218
632 0.000223
633 0.000229
634 0.000230
635 0.000231
636 0.000231
637 0.000233
638 0.000235
639 0.000234
640 0.000229
641 0.000228
642 0.000226
643 0.000222
644 0.000217
645 0.000216
646 0.000215
647 0.000213
648 0.000213
649 0.000215
650 0.000215
651 0.000214
652 0.000216
653 0.000219
654 0.000220
655 0.000219
656 0.000218
657 0.000216
658 0.000214
659 0.000212
660 0.000211
661 0.000211
662 0.000209
663 0.000208
664 0.000206
665 0.000205
666 0.000202
667 0.000200
668 0.000199
669 0.000198
670 0.000199
671 0.000199
672 0.000201
673 0.000204
674 0.000202
675 0.000200
676 0.000196
677 0.000187
678 0.000180
679 0.000174
680 0.000166
681 0.000161
682 0.000155
683 0.000151
684 0.000148
685 0.000146
686 0.000142
687 0.000138
688 0.000132
689 0.000127
690 0.000120
691 0.000117
692 0.000113
693 0.000110
694 0.000107
695 0.000106
696 0.000104
697 0.000103
698 0.000103
699 0.000106
700 0.000110
701 0.000115
702 0.000117
703 0.000119
704 0.000119
705 0.000121
706 0.000122
707 0.000123
708 0.000123
709 0.000122
710 0.000123
711 0.000124
712 0.000125
713 0.000126
714 0.000128
715 0.000129
716 0.000128
717 0.000127
718 0.000125
719 0.000123
720 0.000121
721 0.000119
722 0.000116
723 0.000113
724 0.000112
725 0.000112
726 0.000115
727 0.000119
728 0.000124
729 0.000131
730 0.000140
731 0.000143
732 0.000150
733 0.000157
734 0.000164
735 0.000170
736 0.000173
737 0.000173
738 0.000169
739 0.000167
740 0.000166
741 0.000164
742 0.000161
743 0.000160
744 0.000159
745 0.000158
746 0.000155
747 0.000152
748 0.000146
749 0.000137
750 0.000132
751 0.000126
752 0.000120
753 0.000115
754 0.000111
755 0.000106
756 0.000101
757 0.000096
758 0.000093
759 0.000093
760 0.000090
761 0.000089
762 0.000089
763 0.000093
764 0.000095
765 0.000098
766 0.000098
767 0.000100
768 0.000104
769 0.000107
770 0.000106
771 0.000107
772 0.000109
773 0.000111
774 0.000117
775 0.000121
776 0.000125
777 0.000130
778 0.000137
779 0.000146
780 0.000156
781 0.000163
782 0.000169
783 0.000173
784 0.000175
785 0.000175
786 0.000176
787 0.000175
788 0.000175
789 0.000175
790 0.000175
791 0.000174
792 0.000176
793 0.000176
794 0.000178
795 0.000178
796 0.000175
797 0.000169
798 0.000165
799 0.000159
800 0.000154
801 0.000150
802 0.000145
803 0.000140
804 0.000137
805 0.000138
806 0.000140
807 0.000141
808 0.000143
809 0.000142
