# i correlation
1 0.001494
2 0.001442
3 0.001402
4 0.001368
5 0.001333
6 0.001304
7 0.001282
8 0.001265
9 0.001247
10 0.001227
11 0.001208
12 0.001194
13 0.001183
14 0.001174
15 0.001171
16 0.001171
17 0.001174
18 0.001182
19 0.001192
20 0.001198
21 0.001198
22 0.001196
23 0.001196
24 0.001192
25 0.001185
26 0.001179
27 0.001173
28 0.001168
29 0.001158
30 0.001146
31 0.001136
32 0.001132
33 0.001125
34 0.001118
35 0.001117
36 0.001114
37 0.001108
38 0.001106
39 0.001107
40 0.001107
41 0.001111
42 0.001116
43 0.001119
44 0.001119
45 0.001119
46 0.001116
47 0.001114
48 0.001110
49 0.001110
50 0.001106
51 0.001101
52 0.001098
53 0.001090
54 0.001082
55 0.001077
56 0.001073
57 0.001067
58 0.001067
59 0.001072
60 0.001077
61 0.001082
62 0.001084
63 0.001078
64 0.001069
65 0.001064
66 0.001060
67 0.001057
68 0.001052
69 0.001049
70 0.001050
71 0.001048
72 0.001041
73 0.001034
74 0.001030
75 0.001026
76 0.001026
77 0.001026
78 0.001028
79 0.001033
80 0.001038
81 0.001037
82 0.001036
83 0.001032
84 0.001024
85 0.001021
86 0.001020
87 0.001016
88 0.001005
89 0.000994
90 0.000988
91 0.000979
92 0.000969
93 0.000959
94 0.000957
95 0.000954
96 0.000949
97 0.000936
98 0.000927
99 0.000921
100 0.000918
101 0.000919
102 0.000917
103 0.000915
104 0.000918
105 0.000919
106 0.000926
107 0.000928
108 0.000931
109 0.000929
110 0.000929
111 0.000930
112 0.000929
113 0.000924
114 0.000920
115 0.000918
116 0.000912
117 0.000905
118 0.000896
119 0.000885
120 0.000873
121 0.000866
122 0.000863
123 0.000862
124 0.000860
125 0.000858
126 0.000852
127 0.000851
128 0.000852
129 0.000852
130 0.000855
131 0.000861
132 0.000863
133 0.000864
134 0.000864
135 0.000865
136 0.000863
137 0.000859
138 0.000858
139 0.000858
140 0.000860
141 0.000857
142 0.000855
143 0.000852
144 0.000842
145 0.000832
146 0.000826
147 0.000825
148 0.000827
149 0.000826
150 0.000825
151 0.000823
152 0.000816
153 0.000810
154 0.000804
155 0.000805
156 0.000809
157 0.000810
158 0.000810
159 0.000809
160 0.000807
161 0.000800
162 0.000793
163 0.000783
164 0.000776
165 0.000763
166 0.000758
167 0.000758
168 0.000755
169 0.000753
170 0.000753
171 0.000751
172 0.000749
173 0.000743
174 0.000745
175 0.000750
176 0.000752
177 0.000758
178 0.000765
179 0.000769
180 0.000769
181 0.000767
182 0.000763
183 0.000763
184 0.000767
185 0.000766
186 0.000761
187 0.000755
188 0.000748
189 0.000738
190 0.000734
191 0.000729
192 0.000727
193 0.000722
194 0.000721
195 0.000718
196 0.000717
197 0.000716
198 0.000715
199 0.000711
200 0.000710
201 0.000705
202 0.000703
203 0.000700
204 0.000696
205 0.000694
206 0.000690
207 0.000686
208 0.000683
209 0.000681
210 0.000681
211 0.000680
212 0.000676
213 0.000674
214 0.000673
215 0.000671
216 0.000671
217 0.000677
218 0.000683
219 0.000685
220 0.000686
221 0.000682
222 0.000677
223 0.000671
224 0.000658
225 0.000647
226 0.000641
227 0.000636
228 0.000633
229 0.000633
230 0.000632
231 0.000625
232 0.000619
233 0.000616
234 0.000615
235 0.000617
236 0.000619
237 0.000624
238 0.000630
239 0.000637
240 0.000642
241 0.000650
242 0.000657
243 0.000660
244 0.000658
245 0.000656
246 0.000656
247 0.000660
248 0.000661
249 0.000663
250 0.000662
251 0.000658
252 0.000652
253 0.000641
254 0.000632
255 0.000624
256 0.000613
257 0.000605
258 0.000601
259 0.000598
260 0.000600
261 0.000602
262 0.000603
263 0.000603
264 0.000604
265 0.000605
266 0.000607
267 0.000605
268 0.000603
269 0.000598
270 0.000601
271 0.000604
272 0.000603
273 0.000604
274 0.000603
275 0.000595
276 0.000586
277 0.000573
278 0.000567
279 0.000564
280 0.000563
281 0.000565
282 0.000565
283 0.000564
284 0.000563
285 0.000562
286 0.000563
287 0.000562
288 0.000561
289 0.000560
290 0.000558
291 0.000563
292 0.000566
293 0.000564
294 0.000563
295 0.000555
296 0.000550
297 0.000543
298 0.000536
299 0.000531
300 0.000529
301 0.000529
302 0.000530
303 0.000531
304 0.000526
305 0.000523
306 0.000519
307 0.000517
308 0.000515
309 0.000519
310 0.000519
311 0.000518
312 0.000519
313 0.000521
314 0.000519
315 0.000520
316 0.000514
317 0.000512
318 0.000507
319 0.000507
320 0.000505
321 0.000510
322 0.000515
323 0.000515
324 0.000518
325 0.000523
326 0.000525
327 0.000530
328 0.000534
329 0.000539
330 0.000544
331 0.000544
332 0.000541
333 0.000536
334 0.000531
335 0.000527
336 0.000521
337 0.000514
338 0.000503
339 0.000496
340 0.000488
341 0.000483
342 0.000479
343 0.000475
344 0.000471
345 0.000471
346 0.000469
347 0.000469
348 0.000470
349 0.000471
350 0.000476
351 0.000477
352 0.000476
353 0.000477
354 0.000477
355 0.000475
356 0.000477
357 0.000476
358 0.000476
359 0.000471
360 0.000466
361 0.000462
362 0.000459
363 0.000455
364 0.000451
365 0.000449
366 0.000445
367 0.000441
368 0.000438
369 0.000436
370 0.000434
371 0.000431
372 0.000432
373 0.000429
374 0.000430
375 0.000431
376 0.000436
377 0.000439
378 0.000439
379 0.000439
380 0.000438
381 0.000433
382 0.000428
383 0.000427
384 0.000424
385 0.000421
386 0.000418
387 0.000415
388 0.000417
389 0.000419
390 0.000419
391 0.000419
392 0.000423
393 0.000423
394 0.000421
395 0.000423
396 0.000426
397 0.000433
398 0.000439
399 0.000446
400 0.000450
401 0.000448
402 0.000445
403 0.000438
404 0.000435
405 0.000431
406 0.000423
407 0.000419
408 0.000417
409 0.000417
410 0.000414
411 0.000413
412 0.000406
413 0.000403
414 0.000401
415 0.000401
416 0.000402
417 0.000401
418 0.000397
419 0.000392
420 0.000386
421 0.000387
422 0.000388
423 0.000388
424 0.000388
425 0.000391
426 0.000392
427 0.000390
428 0.000389
429 0.000389
430 0.000392
431 0.000394
432 0.000397
433 0.000398
434 0.000401
435 0.000397
436 0.000394
437 0.000394
438 0.000389
439 0.000385
440 0.000384
441 0.000383
442 0.000380
443 0.000380
444 0.000382
445 0.000384
446 0.000379
447 0.000374
448 0.000369
449 0.000364
450 0.000361
451 0.000360
452 0.000361
453 0.000356
454 0.000353
455 0.000352
456 0.000351
457 0.000351
458 0.000354
459 0.000357
460 0.000361
461 0.000365
462 0.000370
463 0.000372
464 0.000374
465 0.000375
466 0.000383
467 0.000384
468 0.000385
469 0.000385
470 0.000388
471 0.000391
472 0.000394
473 0.000393
474 0.000392
475 0.000389
476 0.000385
477 0.000383
478 0.000379
479 0.000378
480 0.000379
481 0.000377
482 0.000372
483 0.000369
484 0.000369
485 0.000367
486 0.000366
487 0.000363
488 0.000360
489 0.000360
490 0.000362
491 0.000364
492 0.000365
493 0.000368
494 0.000372
495 0.000370
496 0.000369
497 0.000362
498 0.000354
499 0.000348
500 0.000342
501 0.000338
502 0.000338
503 0.000338
504 0.000337
505 0.000336
506 0.000334
507 0.000335
508 0.000334
509 0.000338
510 0.000341
511 0.000346
512 0.000352
513 0.000356
514 0.000354
515 0.000356
516 0.000353
517 0.000350
518 0.000338
519 0.000330
520 0.000325
521 0.000321
522 0.000318
523 0.000318
524 0.000319
525 0.000318
526 0.000319
527 0.000317
528 0.000317
529 0.000314
530 0.000311
531 0.000315
532 0.000323
533 0.000329
534 0.000330
535 0.000333
536 0.000332
537 0.000327
538 0.000322
539 0.000320
540 0.000320
541 0.000319
542 0.000318
543 0.000315
544 0.000316
545 0.000313
546 0.000310
547 0.000308
548 0.000307
549 0.000303
550 0.000297
551 0.000297
552 0.000300
553 0.000301
554 0.000303
555 0.000307
556 0.000310
557 0.000312
558 0.000310
559 0.000308
560 0.000306
561 0.000304
562 0.000301
563 0.000295
564 0.000288
565 0.000280
566 0.000271
567 0.000266
568 0.000259
569 0.000251
570 0.000243
571 0.000234
572 0.000232
573 0.000231
574 0.000232
575 0.000235
576 0.000239
577 0.000237
578 0.000237
579 0.000239
580 0.000242
581 0.000242
582 0.000241
583 0.000244
584 0.000247
585 0.000250
586 0.000249
587 0.000245
588 0.000241
589 0.000235
590 0.000229
591 0.000224
592 0.000221
593 0.000223
594 0.000226
595 0.000226
596 0.000223
597 0.000221
598 0.000221
599 0.000217
600 0.000218
601 0.000219
602 0.000222
603 0.000226
604 0.000225
605 0.000225
606 0.000226
607 0.000227
608 0.000227
609 0.000225
610 0.000224
611 0.000226
612 0.000224
613 0.000224
614 0.000223
615 0.000222
616 0.000222
617 0.000222
618 0.000226
619 0.000228
620 0.000228
621 0.000228
622 0.000232
623 0.000231
624 0.000229
625 0.000226
626 0.000226
627 0.000225
628 0.000226
629 0.000221
630 0.000218
631 0.000215
632 0.000211
633 0.000204
634 0.000203
635 0.000204
636 0.000205
637 0.000207
638 0.000205
639 0.000204
640 0.000204
641 0.000207
642 0.000209
643 0.000210
644 0.000213
645 0.000213
646 0.000213
647 0.000210
648 0.000207
649 0.000201
650 0.000201
651 0.000199
652 0.000198
653 0.000192
654 0.000187
655 0.000184
656 0.000180
657 0.000174
658 0.000167
659 0.000160
660 0.000157
661 0.000152
662 0.000147
663 0.000148
664 0.000151
665 0.000153
666 0.000152
667 0.000149
668 0.000146
669 0.000145
670 0.000145
671 0.000149
672 0.000152
673 0.000155
674 0.000157
675 0.000157
676 0.000154
677 0.000149
678 0.000143
679 0.000142
680 0.000143
681 0.000145
682 0.000146
683 0.000146
684 0.000148
685 0.000148
686 0.000148
687 0.000150
688 0.000151
689 0.000149
690 0.000146
691 0.000145
692 0.000145
693 0.000141
694 0.000134
695 0.000130
696 0.000128
697 0.000123
698 0.000119
699 0.000117
700 0.000115
701 0.000114
702 0.000113
703 0.000110
704 0.000110
705 0.000110
706 0.000107
707 0.000108
708 0.000111
709 0.000109
710 0.000110
711 0.000110
712 0.000111
713 0.000110
714 0.000109
715 0.000110
716 0.000111
717 0.000109
718 0.000108
719 0.000108
720 0.000105
721 0.000100
722 0.000098
723 0.000097
724 0.000100
725 0.000101
726 0.000103
727 0.000104
728 0.000106
729 0.000107
730 0.000108
731 0.000111
732 0.000112
733 0.000112
734 0.000114
735 0.000115
736 0.000117
737 0.000117
738 0.000117
739 0.000113
740 0.000112
741 0.000111
742 0.000111
743 0.000112
744 0.000110
745 0.000109
746 0.000108
747 0.000106
748 0.000101
749 0.000092
750 0.000089
751 0.000088
752 0.000086
753 0.000085
754 0.000086
755 0.000085
756 0.000081
757 0.000079
758 0.000082
759 0.000083
760 0.000087
761 0.000090
762 0.000098
763 0.000100
764 0.000102
765 0.000101
766 0.000101
767 0.000100
768 0.000098
769 0.000098
770 0.000094
771 0.000091
772 0.000086
773 0.000080
774 0.000074
775 0.000072
776 0.000070
777 0.000069
778 0.000070
779 0.000068
780 0.000066
781 0.000065
782 0.000067
783 0.000071
784 0.000073
785 0.000076
786 0.000080
787 0.000084
788 0.000088
789 0.000087
790 0.000088
791 0.000090
792 0.000090
793 0.000090
794 0.000089
795 0.000090
796 0.000091
797 0.000096
798 0.000101
799 0.000102
800 0.000101
801 0.000101
802 0.000105
803 0.000107
804 0.000108
805 0.000110
806 0.000115
807 0.000118
808 0.000120
809 0.000118
