# i correlation
1 0.001459
2 0.001415
3 0.001380
4 0.001349
5 0.001318
6 0.001289
7 0.001264
8 0.001246
9 0.001237
10 0.001227
11 0.001215
12 0.001200
13 0.001180
14 0.001164
15 0.001153
16 0.001141
17 0.001130
18 0.001125
19 0.001121
20 0.001121
21 0.001116
22 0.001108
23 0.001100
24 0.001094
25 0.001082
26 0.001072
27 0.001060
28 0.001048
29 0.001039
30 0.001032
31 0.001021
32 0.001007
33 0.000996
34 0.000992
35 0.000989
36 0.000986
37 0.000978
38 0.000972
39 0.000966
40 0.000964
41 0.000960
42 0.000958
43 0.000956
44 0.000950
45 0.000943
46 0.000940
47 0.000934
48 0.000926
49 0.000927
50 0.000925
51 0.000924
52 0.000924
53 0.000920
54 0.000925
55 0.000926
56 0.000921
57 0.000910
58 0.000908
59 0.000897
60 0.000888
61 0.000876
62 0.000864
63 0.000860
64 0.000857
65 0.000854
66 0.000853
67 0.000855
68 0.000852
69 0.000853
70 0.000854
71 0.000849
72 0.000841
73 0.000835
74 0.000827
75 0.000822
76 0.000817
77 0.000813
78 0.000812
79 0.000811
80 0.000809
81 0.000806
82 0.000804
83 0.000798
84 0.000797
85 0.000796
86 0.000796
87 0.000794
88 0.000791
89 0.000788
90 0.000786
91 0.000782
92 0.000780
93 0.000775
94 0.000773
95 0.000768
96 0.000770
97 0.000766
98 0.000762
99 0.000759
100 0.000756
101 0.000753
102 0.000744
103 0.000734
104 0.000730
105 0.000728
106 0.000729
107 0.000733
108 0.000736
109 0.000740
110 0.000743
111 0.000741
112 0.000736
113 0.000730
114 0.000724
115 0.000722
116 0.000725
117 0.000724
118 0.000720
119 0.000720
120 0.000722
121 0.000725
122 0.000724
123 0.000720
124 0.000716
125 0.000713
126 0.000711
127 0.000713
128 0.000720
129 0.000720
130 0.000720
131 0.000720
132 0.000716
133 0.000712
134 0.000703
135 0.000694
136 0.000695
137 0.000697
138 0.000693
139 0.000691
140 0.000685
141 0.000673
142 0.000666
143 0.000653
144 0.000642
145 0.000629
146 0.000619
147 0.000609
148 0.000605
149 0.000603
150 0.000602
151 0.000607
152 0.000608
153 0.000605
154 0.000606
155 0.000608
156 0.000608
157 0.000607
158 0.000607
159 0.000611
160 0.000612
161 0.000610
162 0.000610
163 0.000612
164 0.000607
165 0.000605
166 0.000604
167 0.000597
168 0.000593
169 0.000587
170 0.000582
171 0.000578
172 0.000576
173 0.000577
174 0.000582
175 0.000586
176 0.000590
177 0.000586
178 0.000583
179 0.000575
180 0.000569
181 0.000559
182 0.000555
183 0.000551
184 0.000551
185 0.000551
186 0.000558
187 0.000562
188 0.000562
189 0.000559
190 0.000552
191 0.000551
192 0.000550
193 0.000542
194 0.000541
195 0.000541
196 0.000547
197 0.000552
198 0.000553
199 0.000550
200 0.000548
201 0.000541
202 0.000536
203 0.000533
204 0.000528
205 0.000525
206 0.000528
207 0.000533
208 0.000537
209 0.000544
210 0.000551
211 0.000553
212 0.000558
213 0.000555
214 0.000552
215 0.000551
216 0.000543
217 0.000540
218 0.000538
219 0.000534
220 0.000530
221 0.000531
222 0.000534
223 0.000530
224 0.000527
225 0.000525
226 0.000524
227 0.000526
228 0.000526
229 0.000522
230 0.000517
231 0.000512
232 0.000511
233 0.000510
234 0.000507
235 0.000498
236 0.000488
237 0.000479
238 0.000480
239 0.000475
240 0.000470
241 0.000462
242 0.000456
243 0.000456
244 0.000452
245 0.000445
246 0.000439
247 0.000434
248 0.000428
249 0.000424
250 0.000418
251 0.000415
252 0.000414
253 0.000413
254 0.000407
255 0.000405
256 0.000403
257 0.000397
258 0.000391
259 0.000383
260 0.000371
261 0.000367
262 0.000367
263 0.000370
264 0.000377
265 0.000382
266 0.000385
267 0.000392
268 0.000396
269 0.000398
270 0.000397
271 0.000393
272 0.000391
273 0.000392
274 0.000392
275 0.000393
276 0.000400
277 0.000401
278 0.000405
279 0.000411
280 0.000416
281 0.000415
282 0.000417
283 0.000420
284 0.000418
285 0.000418
286 0.000421
287 0.000422
288 0.000427
289 0.000428
290 0.000430
291 0.000429
292 0.000428
293 0.000428
294 0.000429
295 0.000429
296 0.000431
297 0.000431
298 0.000432
299 0.000431
300 0.000427
301 0.000421
302 0.000415
303 0.000409
304 0.000402
305 0.000394
306 0.000389
307 0.000387
308 0.000383
309 0.000377
310 0.000370
311 0.000365
312 0.000358
313 0.000352
314 0.000347
315 0.000341
316 0.000340
317 0.000338
318 0.000336
319 0.000338
320 0.000340
321 0.000340
322 0.000343
323 0.000344
324 0.000346
325 0.000349
326 0.000352
327 0.000348
328 0.000343
329 0.000332
330 0.000322
331 0.000315
332 0.000309
333 0.000303
334 0.000303
335 0.000305
336 0.000307
337 0.000308
338 0.000314
339 0.000318
340 0.000317
341 0.000314
342 0.000317
343 0.000320
344 0.000321
345 0.000320
346 0.000322
347 0.000323
348 0.000325
349 0.000327
350 0.000335
351 0.000340
352 0.000342
353 0.000342
354 0.000343
355 0.000346
356 0.000346
357 0.000341
358 0.000342
359 0.000343
360 0.000345
361 0.000348
362 0.000356
363 0.000362
364 0.000361
365 0.000361
366 0.000363
367 0.000359
368 0.000352
369 0.000342
370 0.000334
371 0.000327
372 0.000324
373 0.000320
374 0.000319
375 0.000315
376 0.000311
377 0.000308
378 0.000305
379 0.000299
380 0.000299
381 0.000294
382 0.000290
383 0.000292
384 0.000293
385 0.000294
386 0.000301
387 0.000302
388 0.000302
389 0.000300
390 0.000299
391 0.000295
392 0.000293
393 0.000293
394 0.000291
395 0.000293
396 0.000295
397 0.000296
398 0.000297
399 0.000294
400 0.000288
401 0.000287
402 0.000287
403 0.000287
404 0.000288
405 0.000290
406 0.000297
407 0.000302
408 0.000308
409 0.000315
410 0.000319
411 0.000320
412 0.000321
413 0.000323
414 0.000325
415 0.000324
416 0.000328
417 0.000333
418 0.000338
419 0.000341
420 0.000343
421 0.000344
422 0.000343
423 0.000339
424 0.000335
425 0.000330
426 0.000327
427 0.000322
428 0.000314
429 0.000307
430 0.000302
431 0.000296
432 0.000293
433 0.000289
434 0.000289
435 0.000288
436 0.000286
437 0.000284
438 0.000286
439 0.000284
440 0.000282
441 0.000281
442 0.000277
443 0.000274
444 0.000275
445 0.000274
446 0.000269
447 0.000266
448 0.000263
449 0.000264
450 0.000263
451 0.000260
452 0.000264
453 0.000273
454 0.000279
455 0.000285
456 0.000293
457 0.000294
458 0.000293
459 0.000294
460 0.000295
461 0.000294
462 0.000295
463 0.000297
464 0.000296
465 0.000297
466 0.000294
467 0.000292
468 0.000287
469 0.000274
470 0.000264
471 0.000255
472 0.000248
473 0.000243
474 0.000239
475 0.000238
476 0.000241
477 0.000245
478 0.000246
479 0.000250
480 0.000250
481 0.000248
482 0.000247
483 0.000246
484 0.000244
485 0.000243
486 0.000244
487 0.000247
488 0.000248
489 0.000245
490 0.000242
491 0.000240
492 0.000241
493 0.000237
494 0.000234
495 0.000232
496 0.000234
497 0.000238
498 0.000241
499 0.000244
500 0.000244
501 0.000246
502 0.000250
503 0.000254
504 0.000253
505 0.000254
506 0.000254
507 0.000253
508 0.000255
509 0.000255
510 0.000257
511 0.000257
512 0.000258
513 0.000259
514 0.000262
515 0.000260
516 0.000260
517 0.000259
518 0.000261
519 0.000259
520 0.000260
521 0.000258
522 0.000259
523 0.000263
524 0.000263
525 0.000259
526 0.000260
527 0.000257
528 0.000256
529 0.000252
530 0.000245
531 0.000242
532 0.000239
533 0.000233
534 0.000232
535 0.000233
536 0.000234
537 0.000234
538 0.000235
539 0.000233
540 0.000232
541 0.000231
542 0.000231
543 0.000230
544 0.000224
545 0.000221
546 0.000221
547 0.000222
548 0.000225
549 0.000225
550 0.000226
551 0.000225
552 0.000228
553 0.000230
554 0.000231
555 0.000231
556 0.000230
557 0.000230
558 0.000229
559 0.000228
560 0.000226
561 0.000227
562 0.000228
563 0.000229
564 0.000229
565 0.000230
566 0.000231
567 0.000229
568 0.000229
569 0.000226
570 0.000222
571 0.000221
572 0.000226
573 0.000230
574 0.000234
575 0.000237
576 0.000243
577 0.000250
578 0.000256
579 0.000255
580 0.000251
581 0.000250
582 0.000250
583 0.000250
584 0.000253
585 0.000248
586 0.000246
587 0.000246
588 0.000246
589 0.000244
590 0.000239
591 0.000234
592 0.000230
593 0.000232
594 0.000230
595 0.000229
596 0.000227
597 0.000228
598 0.000229
599 0.000229
600 0.000226
601 0.000225
602 0.000222
603 0.000217
604 0.000211
605 0.000206
606 0.000200
607 0.000196
608 0.000197
609 0.000192
610 0.000185
611 0.000179
612 0.000174
613 0.000170
614 0.000167
615 0.000163
616 0.000160
617 0.000160
618 0.000165
619 0.000167
620 0.000168
621 0.000168
622 0.000169
623 0.000171
624 0.000174
625 0.000173
626 0.000171
627 0.000169
628 0.000169
629 0.000171
630 0.000174
631 0.000179
632 0.000183
633 0.000187
634 0.000188
635 0.000186
636 0.000185
637 0.000180
638 0.000178
639 0.000175
640 0.000174
641 0.000171
642 0.000173
643 0.000173
644 0.000174
645 0.000173
646 0.000170
647 0.000169
648 0.000165
649 0.000164
650 0.000162
651 0.000164
652 0.000168
653 0.000170
654 0.000172
655 0.000172
656 0.000170
657 0.000169
658 0.000166
659 0.000163
660 0.000163
661 0.000160
662 0.000162
663 0.000163
664 0.000163
665 0.000161
666 0.000159
667 0.000151
668 0.000143
669 0.000137
670 0.000131
671 0.000126
672 0.000119
673 0.000114
674 0.000112
675 0.000108
676 0.000101
677 0.000096
678 0.000094
679 0.000091
680 0.000085
681 0.000080
682 0.000076
683 0.000074
684 0.000073
685 0.000072
686 0.000069
687 0.000070
688 0.000070
689 0.000072
690 0.000070
691 0.000065
692 0.000062
693 0.000057
694 0.000054
695 0.000047
696 0.000040
697 0.000034
698 0.000031
699 0.000025
700 0.000021
701 0.000016
702 0.000012
703 0.000006
704 0.000004
705 0.000004
706 0.000005
707 0.000005
708 0.000005
709 0.000007
710 0.000010
711 0.000012
712 0.000013
713 0.000012
714 0.000014
715 0.000014
716 0.000014
717 0.000014
718 0.000012
719 0.000006
720 0.000003
721 -0.000002
722 -0.000010
723 -0.000018
724 -0.000024
725 -0.000029
726 -0.000032
727 -0.000037
728 -0.000039
729 -0.000041
730 -0.000039
731 -0.000040
732 -0.000037
733 -0.000035
734 -0.000033
735 -0.000031
736 -0.000028
737 -0.000029
738 -0.000028
739 -0.000025
740 -0.000023
741 -0.000018
742 -0.000016
743 -0.000012
744 -0.000008
745 -0.000006
746 -0.000008
747 -0.000011
748 -0.000011
749 -0.000012
750 -0.000011
751 -0.000009
752 -0.000007
753 -0.000004
754 0.000001
755 0.000007
756 0.000010
757 0.000010
758 0.000008
759 0.000008
760 0.000013
761 0.000018
762 0.000023
763 0.000028
764 0.000032
765 0.000035
766 0.000038
767 0.000040
768 0.000038
769 0.000038
770 0.000038
771 0.000041
772 0.000041
773 0.000042
774 0.000043
775 0.000046
776 0.000047
777 0.000047
778 0.000046
779 0.000049
780 0.000052
781 0.000055
782 0.000059
783 0.000059
784 0.000061
785 0.000063
786 0.000064
787 0.000064
788 0.000062
789 0.000061
790 0.000062
791 0.000065
792 0.000063
793 0.000063
794 0.000062
795 0.000063
796 0.000064
797 0.000064
798 0.000060
799 0.000059
800 0.000060
801 0.000060
802 0.000056
803 0.000052
804 0.000049
805 0.000047
806 0.000047
807 0.000045
808 0.000043
809 0.000043
