# i correlation
1 0.001524
2 0.001482
3 0.001445
4 0.001415
5 0.001389
6 0.001366
7 0.001342
8 0.001324
9 0.001310
10 0.001298
11 0.001280
12 0.001266
13 0.001252
14 0.001240
15 0.001223
16 0.001204
17 0.001187
18 0.001169
19 0.001154
20 0.001138
21 0.001121
22 0.001104
23 0.001092
24 0.001086
25 0.001080
26 0.001076
27 0.001070
28 0.001059
29 0.001053
30 0.001047
31 0.001037
32 0.001030
33 0.001026
34 0.001029
35 0.001033
36 0.001039
37 0.001045
38 0.001045
39 0.001042
40 0.001039
41 0.001038
42 0.001033
43 0.001031
44 0.001029
45 0.001030
46 0.001028
47 0.001023
48 0.001013
49 0.001006
50 0.001001
51 0.001003
52 0.001001
53 0.000998
54 0.000992
55 0.000984
56 0.000978
57 0.000967
58 0.000954
59 0.000941
60 0.000937
61 0.000936
62 0.000934
63 0.000929
64 0.000924
65 0.000919
66 0.000914
67 0.000905
68 0.000894
69 0.000882
70 0.000874
71 0.000866
72 0.000857
73 0.000849
74 0.000846
75 0.000852
76 0.000852
77 0.000853
78 0.000851
79 0.000852
80 0.000852
81 0.000851
82 0.000850
83 0.000851
84 0.000854
85 0.000854
86 0.000852
87 0.000843
88 0.000847
89 0.000856
90 0.000864
91 0.000866
92 0.000867
93 0.000867
94 0.000870
95 0.000871
96 0.000875
97 0.000871
98 0.000870
99 0.000865
100 0.000864
101 0.000856
102 0.000852
103 0.000845
104 0.000842
105 0.000838
106 0.000831
107 0.000823
108 0.000817
109 0.000809
110 0.000800
111 0.000789
112 0.000783
113 0.000774
114 0.000768
115 0.000765
116 0.000756
117 0.000746
118 0.000740
119 0.000734
120 0.000730
121 0.000724
122 0.000719
123 0.000715
124 0.000711
125 0.000709
126 0.000710
127 0.000709
128 0.000705
129 0.000705
130 0.000710
131 0.000715
132 0.000719
133 0.000718
134 0.000713
135 0.000712
136 0.000712
137 0.000706
138 0.000695
139 0.000683
140 0.000670
141 0.000663
142 0.000657
143 0.000651
144 0.000645
145 0.000647
146 0.000646
147 0.000642
148 0.000632
149 0.000630
150 0.000625
151 0.000622
152 0.000617
153 0.000611
154 0.000602
155 0.000601
156 0.000607
157 0.000610
158 0.000609
159 0.000608
160 0.000605
161 0.000605
162 0.000597
163 0.000593
164 0.000583
165 0.000577
166 0.000577
167 0.000581
168 0.000583
169 0.000590
170 0.000595
171 0.000601
172 0.000604
173 0.000607
174 0.000609
175 0.000613
176 0.000612
177 0.000607
178 0.000599
179 0.000594
180 0.000592
181 0.000590
182 0.000590
183 0.000592
184 0.000591
185 0.000587
186 0.000583
187 0.000576
188 0.000575
189 0.000574
190 0.000578
191 0.000578
192 0.000579
193 0.000582
194 0.000584
195 0.000583
196 0.000584
197 0.000586
198 0.000587
199 0.000588
200 0.000587
201 0.000584
202 0.000582
203 0.000580
204 0.000573
205 0.000571
206 0.000568
207 0.000569
208 0.000570
209 0.000570
210 0.000572
211 0.000577
212 0.000582
213 0.000584
214 0.000588
215 0.000589
216 0.000589
217 0.000593
218 0.000594
219 0.000589
220 0.000593
221 0.000595
222 0.000590
223 0.000586
224 0.000583
225 0.000583
226 0.000582
227 0.000583
228 0.000580
229 0.000577
230 0.000577
231 0.000578
232 0.000572
233 0.000569
234 0.000567
235 0.000570
236 0.000562
237 0.000557
238 0.000551
239 0.000545
240 0.000537
241 0.000537
242 0.000533
243 0.000529
244 0.000527
245 0.000525
246 0.000524
247 0.000521
248 0.000511
249 0.000503
250 0.000497
251 0.000494
252 0.000487
253 0.000479
254 0.000473
255 0.000470
256 0.000467
257 0.000460
258 0.000456
259 0.000456
260 0.000457
261 0.000461
262 0.000460
263 0.000464
264 0.000465
265 0.000469
266 0.000466
267 0.000465
268 0.000464
269 0.000462
270 0.000462
271 0.000463
272 0.000462
273 0.000461
274 0.000460
275 0.000462
276 0.000465
277 0.000464
278 0.000467
279 0.000469
280 0.000474
281 0.000478
282 0.000482
283 0.000479
284 0.000478
285 0.000475
286 0.000471
287 0.000465
288 0.000460
289 0.000458
290 0.000463
291 0.000464
292 0.000465
293 0.000465
294 0.000461
295 0.000458
296 0.000458
297 0.000458
298 0.000454
299 0.000449
300 0.000442
301 0.000438
302 0.000436
303 0.000430
304 0.000428
305 0.000427
306 0.000429
307 0.000430
308 0.000430
309 0.000432
310 0.000435
311 0.000432
312 0.000429
313 0.000425
314 0.000420
315 0.000419
316 0.000419
317 0.000422
318 0.000420
319 0.000421
320 0.000420
321 0.000419
322 0.000416
323 0.000413
324 0.000407
325 0.000407
326 0.000412
327 0.000417
328 0.000417
329 0.000418
330 0.000417
331 0.000417
332 0.000416
333 0.000416
334 0.000409
335 0.000410
336 0.000409
337 0.000406
338 0.000400
339 0.000396
340 0.000390
341 0.000386
342 0.000383
343 0.000379
344 0.000376
345 0.000375
346 0.000373
347 0.000372
348 0.000366
349 0.000361
350 0.000358
351 0.000353
352 0.000351
353 0.000348
354 0.000343
355 0.000336
356 0.000330
357 0.000327
358 0.000320
359 0.000319
360 0.000316
361 0.000311
362 0.000305
363 0.000301
364 0.000294
365 0.000290
366 0.000296
367 0.000302
368 0.000301
369 0.000299
370 0.000300
371 0.000298
372 0.000298
373 0.000302
374 0.000307
375 0.000309
376 0.000315
377 0.000318
378 0.000320
379 0.000323
380 0.000323
381 0.000324
382 0.000331
383 0.000331
384 0.000330
385 0.000325
386 0.000326
387 0.000331
388 0.000338
389 0.000342
390 0.000345
391 0.000347
392 0.000347
393 0.000349
394 0.000350
395 0.000345
396 0.000345
397 0.000342
398 0.000336
399 0.000331
400 0.000328
401 0.000326
402 0.000330
403 0.000332
404 0.000332
405 0.000330
406 0.000329
407 0.000324
408 0.000318
409 0.000308
410 0.000301
411 0.000300
412 0.000302
413 0.000303
414 0.000304
415 0.000304
416 0.000305
417 0.000311
418 0.000310
419 0.000310
420 0.000311
421 0.000312
422 0.000313
423 0.000314
424 0.000311
425 0.000307
426 0.000304
427 0.000308
428 0.000314
429 0.000320
430 0.000324
431 0.000330
432 0.000337
433 0.000342
434 0.000345
435 0.000345
436 0.000345
437 0.000343
438 0.000344
439 0.000342
440 0.000340
441 0.000340
442 0.000344
443 0.000347
444 0.000348
445 0.000345
446 0.000341
447 0.000335
448 0.000331
449 0.000329
450 0.000323
451 0.000319
452 0.000315
453 0.000312
454 0.000308
455 0.000304
456 0.000302
457 0.000299
458 0.000297
459 0.000298
460 0.000294
461 0.000288
462 0.000284
463 0.000281
464 0.000278
465 0.000275
466 0.000276
467 0.000276
468 0.000281
469 0.000283
470 0.000283
471 0.000280
472 0.000284
473 0.000288
474 0.000285
475 0.000281
476 0.000281
477 0.000280
478 0.000286
479 0.000290
480 0.000295
481 0.000294
482 0.000296
483 0.000297
484 0.000301
485 0.000306
486 0.000312
487 0.000316
488 0.000316
489 0.000318
490 0.000321
491 0.000320
492 0.000324
493 0.000322
494 0.000320
495 0.000317
496 0.000319
497 0.000321
498 0.000325
499 0.000327
500 0.000325
501 0.000320
502 0.000319
503 0.000317
504 0.000314
505 0.000310
506 0.000307
507 0.000305
508 0.000307
509 0.000312
510 0.000314
511 0.000321
512 0.000322
513 0.000324
514 0.000322
515 0.000321
516 0.000322
517 0.000323
518 0.000317
519 0.000315
520 0.000310
521 0.000305
522 0.000301
523 0.000297
524 0.000297
525 0.000300
526 0.000304
527 0.000308
528 0.000311
529 0.000316
530 0.000315
531 0.000313
532 0.000310
533 0.000308
534 0.000304
535 0.000303
536 0.000302
537 0.000303
538 0.000301
539 0.000297
540 0.000294
541 0.000289
542 0.000285
543 0.000282
544 0.000277
545 0.000276
546 0.000273
547 0.000268
548 0.000265
549 0.000263
550 0.000261
551 0.000257
552 0.000256
553 0.000255
554 0.000257
555 0.000254
556 0.000252
557 0.000249
558 0.000248
559 0.000248
560 0.000248
561 0.000248
562 0.000255
563 0.000259
564 0.000265
565 0.000270
566 0.000272
567 0.000273
568 0.000274
569 0.000276
570 0.000278
571 0.000278
572 0.000282
573 0.000287
574 0.000290
575 0.000295
576 0.000295
577 0.000296
578 0.000299
579 0.000300
580 0.000304
581 0.000305
582 0.000305
583 0.000301
584 0.000298
585 0.000292
586 0.000287
587 0.000287
588 0.000288
589 0.000287
590 0.000287
591 0.000289
592 0.000289
593 0.000286
594 0.000284
595 0.000278
596 0.000272
597 0.000266
598 0.000260
599 0.000256
600 0.000253
601 0.000252
602 0.000249
603 0.000246
604 0.000247
605 0.000248
606 0.000250
607 0.000250
608 0.000251
609 0.000251
610 0.000251
611 0.000252
612 0.000252
613 0.000251
614 0.000250
615 0.000251
616 0.000251
617 0.000256
618 0.000258
619 0.000260
620 0.000256
621 0.000252
622 0.000246
623 0.000242
624 0.000239
625 0.000239
626 0.000239
627 0.000235
628 0.000230
629 0.000227
630 0.000219
631 0.000213
632 0.000204
633 0.000195
634 0.000189
635 0.000184
636 0.000181
637 0.000178
638 0.000175
639 0.000169
640 0.000161
641 0.000157
642 0.000154
643 0.000154
644 0.000154
645 0.000155
646 0.000155
647 0.000156
648 0.000156
649 0.000155
650 0.000155
651 0.000150
652 0.000149
653 0.000151
654 0.000150
655 0.000152
656 0.000152
657 0.000149
658 0.000150
659 0.000152
660 0.000154
661 0.000154
662 0.000156
663 0.000161
664 0.000166
665 0.000168
666 0.000169
667 0.000171
668 0.000172
669 0.000175
670 0.000176
671 0.000178
672 0.000181
673 0.000184
674 0.000188
675 0.000188
676 0.000185
677 0.000183
678 0.000180
679 0.000177
680 0.000176
681 0.000174
682 0.000174
683 0.000175
684 0.000176
685 0.000173
686 0.000172
687 0.000170
688 0.000168
689 0.000169
690 0.000169
691 0.000164
692 0.000164
693 0.000161
694 0.000160
695 0.000157
696 0.000154
697 0.000150
698 0.000148
699 0.000146
700 0.000146
701 0.000148
702 0.000147
703 0.000147
704 0.000149
705 0.000153
706 0.000156
707 0.000160
708 0.000162
709 0.000167
710 0.000170
711 0.000173
712 0.000174
713 0.000176
714 0.000175
715 0.000176
716 0.000175
717 0.000173
718 0.000168
719 0.000167
720 0.000166
721 0.000168
722 0.000167
723 0.000166
724 0.000165
725 0.000164
726 0.000166
727 0.000166
728 0.000166
729 0.000165
730 0.000161
731 0.000157
732 0.000152
733 0.000150
734 0.000150
735 0.000149
736 0.000150
737 0.000147
738 0.000146
739 0.000148
740 0.000149
741 0.000151
742 0.000153
743 0.000156
744 0.000158
745 0.000158
746 0.000158
747 0.000159
748 0.000161
749 0.000164
750 0.000168
751 0.000167
752 0.000167
753 0.000167
754 0.000166
755 0.000164
756 0.000159
757 0.000157
758 0.000154
759 0.000150
760 0.000147
761 0.000145
762 0.000143
763 0.000144
764 0.000142
765 0.000138
766 0.000132
767 0.000126
768 0.000118
769 0.000112
770 0.000108
771 0.000102
772 0.000098
773 0.000094
774 0.000091
775 0.000088
776 0.000086
777 0.000082
778 0.000080
779 0.000080
780 0.000080
781 0.000080
782 0.000081
783 0.000081
784 0.000083
785 0.000082
786 0.000080
787 0.000079
788 0.000079
789 0.000081
790 0.000083
791 0.000082
792 0.000082
793 0.000081
794 0.000079
795 0.000078
796 0.000079
797 0.000078
798 0.000075
799 0.000075
800 0.000075
801 0.000075
802 0.000073
803 0.000069
804 0.000068
805 0.000070
806 0.000071
807 0.000072
808 0.000074
809 0.000077
