# time covered_sites
0.010000 23828.000000
0.020000 44998.000000
0.030000 63408.000000
0.040000 79556.000000
0.050000 94082.000000
0.060000 106546.000000
0.070000 117088.000000
0.080000 126064.000000
0.090000 133576.000000
0.100000 140924.000000
0.110000 146710.000000
0.120000 151914.000000
0.130000 156114.000000
0.140000 160448.000000
0.150000 163642.000000
0.160000 166886.000000
0.170000 169244.000000
0.180000 171336.000000
0.190000 172886.000000
0.200000 174606.000000
0.210000 176574.000000
0.220000 178266.000000
0.230000 179700.000000
0.240000 180978.000000
0.250000 181794.000000
0.260000 182656.000000
0.270000 183632.000000
0.280000 184192.000000
0.290000 184880.000000
0.300000 185564.000000
0.310000 186148.000000
0.320000 186434.000000
0.330000 186998.000000
0.340000 187506.000000
0.350000 187778.000000
0.360000 188358.000000
0.370000 188864.000000
0.380000 189454.000000
0.390000 189848.000000
0.400000 190176.000000
0.410000 190210.000000
0.420000 190072.000000
0.430000 190322.000000
0.440000 190336.000000
0.450000 190390.000000
0.460000 190580.000000
0.470000 190856.000000
0.480000 191258.000000
0.490000 191294.000000
0.500000 191350.000000
0.510000 191550.000000
0.520000 191662.000000
0.530000 191534.000000
0.540000 191762.000000
0.550000 191870.000000
0.560000 191932.000000
0.570000 192028.000000
0.580000 192026.000000
0.590000 192338.000000
0.600000 192240.000000
0.610000 192236.000000
0.620000 192500.000000
0.630000 192360.000000
0.640000 192274.000000
0.650000 192730.000000
0.660000 193094.000000
0.670000 192992.000000
0.680000 193012.000000
0.690000 193286.000000
0.700000 193232.000000
0.710000 193374.000000
0.720000 193358.000000
0.730000 193816.000000
0.740000 194258.000000
0.750000 194430.000000
0.760000 194550.000000
0.770000 194630.000000
0.780000 194418.000000
0.790000 194606.000000
0.800000 194718.000000
0.810000 194616.000000
0.820000 194452.000000
0.830000 194752.000000
0.840000 194762.000000
0.850000 194610.000000
0.860000 194586.000000
0.870000 194588.000000
0.880000 194594.000000
0.890000 194658.000000
0.900000 194406.000000
0.910000 194546.000000
0.920000 195216.000000
0.930000 195002.000000
0.940000 194714.000000
0.950000 194608.000000
0.960000 194698.000000
0.970000 195036.000000
0.980000 194718.000000
0.990000 194772.000000
1.000000 195122.000000
1.010000 195140.000000
1.020000 195240.000000
1.030000 195416.000000
1.040000 195250.000000
1.050000 195546.000000
1.060000 195776.000000
1.070000 195756.000000
1.080000 195584.000000
1.090000 195870.000000
1.100000 195780.000000
1.110000 195718.000000
1.120000 195828.000000
1.130000 195610.000000
1.140000 195608.000000
1.150000 195340.000000
1.160000 195396.000000
1.170000 195602.000000
1.180000 195372.000000
1.190000 195670.000000
1.200000 195968.000000
1.210000 196130.000000
1.220000 196080.000000
1.230000 195612.000000
1.240000 195664.000000
1.250000 195746.000000
1.260000 195830.000000
1.270000 195718.000000
1.280000 195552.000000
1.290000 195676.000000
1.300000 195664.000000
1.310000 195518.000000
1.320000 195504.000000
1.330000 195504.000000
1.340000 195502.000000
1.350000 195524.000000
1.360000 195644.000000
1.370000 196004.000000
1.380000 195852.000000
1.390000 195590.000000
1.400000 195628.000000
1.410000 195686.000000
1.420000 195704.000000
1.430000 195778.000000
1.440000 196096.000000
1.450000 195908.000000
1.460000 196492.000000
1.470000 196092.000000
1.480000 196176.000000
1.490000 196318.000000
1.500000 196348.000000
1.510000 196322.000000
1.520000 196186.000000
1.530000 196474.000000
1.540000 196424.000000
1.550000 196520.000000
1.560000 196260.000000
1.570000 196388.000000
1.580000 196360.000000
1.590000 196140.000000
1.600000 196028.000000
1.610000 195902.000000
1.620000 196160.000000
1.630000 196306.000000
1.640000 196386.000000
1.650000 196374.000000
1.660000 196280.000000
1.670000 196050.000000
1.680000 196078.000000
1.690000 195908.000000
1.700000 195906.000000
1.710000 196206.000000
1.720000 195950.000000
1.730000 196030.000000
1.740000 196314.000000
1.750000 196504.000000
1.760000 196700.000000
1.770000 196748.000000
1.780000 196820.000000
1.790000 196914.000000
1.800000 196728.000000
1.810000 196834.000000
1.820000 196754.000000
1.830000 196746.000000
1.840000 196502.000000
1.850000 196372.000000
1.860000 196418.000000
1.870000 196454.000000
1.880000 196146.000000
1.890000 195962.000000
1.900000 195972.000000
1.910000 196124.000000
1.920000 195966.000000
1.930000 195718.000000
1.940000 195714.000000
1.950000 195788.000000
1.960000 196006.000000
1.970000 196068.000000
1.980000 196110.000000
1.990000 196464.000000
2.000000 196542.000000
2.010000 196562.000000
2.020000 196772.000000
2.030000 196574.000000
2.040000 196902.000000
2.050000 196682.000000
2.060000 196702.000000
2.070000 196530.000000
2.080000 196730.000000
2.090000 196718.000000
2.100000 196906.000000
2.110000 196766.000000
2.120000 196642.000000
2.130000 196566.000000
2.140000 196430.000000
2.150000 196348.000000
2.160000 196688.000000
2.170000 196866.000000
2.180000 196720.000000
2.190000 196852.000000
2.200000 196322.000000
2.210000 196408.000000
2.220000 196678.000000
2.230000 196724.000000
2.240000 196776.000000
2.250000 196486.000000
2.260000 196354.000000
2.270000 196458.000000
2.280000 196666.000000
2.290000 196618.000000
2.300000 196234.000000
2.310000 196080.000000
2.320000 195948.000000
2.330000 196176.000000
2.340000 196150.000000
2.350000 196392.000000
2.360000 196040.000000
2.370000 195820.000000
2.380000 196140.000000
2.390000 196042.000000
2.400000 195726.000000
2.410000 195904.000000
2.420000 195810.000000
2.430000 196164.000000
2.440000 196538.000000
2.450000 196980.000000
2.460000 197326.000000
2.470000 197160.000000
2.480000 197310.000000
2.490000 197358.000000
2.500000 197602.000000
2.510000 197452.000000
2.520000 197508.000000
2.530000 197328.000000
2.540000 197224.000000
2.550000 196680.000000
2.560000 196730.000000
2.570000 196662.000000
2.580000 196500.000000
2.590000 196320.000000
2.600000 196362.000000
2.610000 196376.000000
2.620000 196822.000000
2.630000 196442.000000
2.640000 196358.000000
2.650000 196362.000000
2.660000 196602.000000
2.670000 196698.000000
2.680000 196888.000000
2.690000 196884.000000
2.700000 196692.000000
2.710000 196690.000000
2.720000 196836.000000
2.730000 196558.000000
2.740000 196612.000000
2.750000 196708.000000
2.760000 196884.000000
2.770000 196908.000000
2.780000 197040.000000
2.790000 196884.000000
2.800000 197122.000000
2.810000 196760.000000
2.820000 196920.000000
2.830000 196878.000000
2.840000 196948.000000
2.850000 197118.000000
2.860000 197210.000000
2.870000 197168.000000
2.880000 197004.000000
2.890000 197052.000000
2.900000 196932.000000
2.910000 197094.000000
2.920000 197250.000000
2.930000 197350.000000
2.940000 197132.000000
2.950000 197262.000000
2.960000 197692.000000
2.970000 197770.000000
2.980000 197868.000000
2.990000 197618.000000
3.000000 197362.000000
3.010000 196980.000000
3.020000 197096.000000
3.030000 197234.000000
3.040000 197152.000000
3.050000 197184.000000
3.060000 197060.000000
3.070000 197618.000000
3.080000 197132.000000
3.090000 197236.000000
3.100000 197054.000000
3.110000 197076.000000
3.120000 197100.000000
3.130000 197140.000000
3.140000 197062.000000
3.150000 197172.000000
3.160000 196968.000000
3.170000 197120.000000
3.180000 197056.000000
3.190000 197296.000000
3.200000 197298.000000
3.210000 197000.000000
3.220000 196876.000000
3.230000 196762.000000
3.240000 197088.000000
3.250000 197220.000000
3.260000 197228.000000
3.270000 197150.000000
3.280000 197470.000000
3.290000 197198.000000
3.300000 197232.000000
3.310000 197382.000000
3.320000 197338.000000
3.330000 197352.000000
3.340000 197286.000000
3.350000 197300.000000
3.360000 197708.000000
3.370000 197414.000000
3.380000 196914.000000
3.390000 197154.000000
3.400000 197062.000000
3.410000 197286.000000
3.420000 197166.000000
3.430000 196986.000000
3.440000 196986.000000
3.450000 197542.000000
3.460000 197348.000000
3.470000 197422.000000
3.480000 197360.000000
3.490000 197188.000000
3.500000 197402.000000
3.510000 197156.000000
3.520000 197138.000000
3.530000 197312.000000
3.540000 197188.000000
3.550000 197218.000000
3.560000 197196.000000
3.570000 197652.000000
3.580000 197640.000000
3.590000 197670.000000
3.600000 197634.000000
3.610000 197892.000000
3.620000 197298.000000
3.630000 196992.000000
3.640000 196954.000000
3.650000 196916.000000
3.660000 197162.000000
3.670000 197258.000000
3.680000 197370.000000
3.690000 197144.000000
3.700000 197112.000000
3.710000 197600.000000
3.720000 197322.000000
3.730000 197256.000000
3.740000 197206.000000
3.750000 197432.000000
3.760000 197564.000000
3.770000 197454.000000
3.780000 197374.000000
3.790000 197444.000000
3.800000 197550.000000
3.810000 197504.000000
3.820000 197368.000000
3.830000 197038.000000
3.840000 196964.000000
3.850000 196566.000000
3.860000 196816.000000
3.870000 196852.000000
3.880000 196512.000000
3.890000 196676.000000
3.900000 196602.000000
3.910000 196880.000000
3.920000 196856.000000
3.930000 196988.000000
3.940000 197334.000000
3.950000 197608.000000
3.960000 197510.000000
3.970000 197318.000000
3.980000 197554.000000
3.990000 197510.000000
4.000000 197648.000000
4.010000 197644.000000
4.020000 197482.000000
4.030000 197492.000000
4.040000 197752.000000
4.050000 197880.000000
4.060000 197410.000000
4.070000 197376.000000
4.080000 197256.000000
4.090000 197174.000000
4.100000 197188.000000
4.110000 197462.000000
4.120000 197322.000000
4.130000 197446.000000
4.140000 197268.000000
4.150000 197210.000000
4.160000 197632.000000
4.170000 197640.000000
4.180000 197674.000000
4.190000 197644.000000
4.200000 197390.000000
4.210000 197134.000000
4.220000 197098.000000
4.230000 196646.000000
4.240000 196896.000000
4.250000 196908.000000
4.260000 197212.000000
4.270000 197294.000000
4.280000 197370.000000
4.290000 197754.000000
4.300000 197706.000000
4.310000 197512.000000
4.320000 197318.000000
4.330000 197696.000000
4.340000 197390.000000
4.350000 197428.000000
4.360000 197210.000000
4.370000 197198.000000
4.380000 197492.000000
4.390000 197486.000000
4.400000 197670.000000
4.410000 197300.000000
4.420000 197478.000000
4.430000 197568.000000
4.440000 197520.000000
4.450000 197550.000000
4.460000 197146.000000
4.470000 197170.000000
4.480000 197294.000000
4.490000 196968.000000
4.500000 196448.000000
4.510000 196488.000000
4.520000 196620.000000
4.530000 196824.000000
4.540000 196788.000000
4.550000 197106.000000
4.560000 197076.000000
4.570000 196732.000000
4.580000 197262.000000
4.590000 197064.000000
4.600000 196934.000000
4.610000 197234.000000
4.620000 197086.000000
4.630000 197038.000000
4.640000 197170.000000
4.650000 196916.000000
4.660000 197020.000000
4.670000 197426.000000
4.680000 197236.000000
4.690000 196828.000000
4.700000 196788.000000
4.710000 197014.000000
4.720000 196890.000000
4.730000 196950.000000
4.740000 196862.000000
4.750000 197134.000000
4.760000 196834.000000
4.770000 196706.000000
4.780000 197208.000000
4.790000 197012.000000
4.800000 197048.000000
4.810000 197328.000000
4.820000 197252.000000
4.830000 197204.000000
4.840000 197214.000000
4.850000 196876.000000
4.860000 196966.000000
4.870000 197146.000000
4.880000 196854.000000
4.890000 197200.000000
4.900000 197346.000000
4.910000 197078.000000
4.920000 196962.000000
4.930000 197070.000000
4.940000 196970.000000
4.950000 196974.000000
4.960000 197064.000000
4.970000 197158.000000
4.980000 197162.000000
4.990000 197196.000000
5.000000 197160.000000
5.010000 197086.000000
5.020000 197184.000000
5.030000 197216.000000
5.040000 197286.000000
5.050000 197206.000000
5.060000 197216.000000
5.070000 197376.000000
5.080000 197200.000000
5.090000 197432.000000
5.100000 197296.000000
5.110000 197060.000000
5.120000 197062.000000
5.130000 197184.000000
5.140000 197114.000000
5.150000 196898.000000
5.160000 197030.000000
5.170000 196642.000000
5.180000 197088.000000
5.190000 197208.000000
5.200000 196916.000000
5.210000 196918.000000
5.220000 196938.000000
5.230000 196740.000000
5.240000 196942.000000
5.250000 196724.000000
5.260000 197102.000000
5.270000 197254.000000
5.280000 197150.000000
5.290000 197214.000000
5.300000 197026.000000
5.310000 197178.000000
5.320000 197092.000000
5.330000 197038.000000
5.340000 197218.000000
5.350000 197076.000000
5.360000 197486.000000
5.370000 197410.000000
5.380000 197578.000000
5.390000 197412.000000
5.400000 197082.000000
5.410000 197162.000000
5.420000 197536.000000
5.430000 197654.000000
5.440000 197734.000000
5.450000 197674.000000
5.460000 197618.000000
5.470000 197440.000000
5.480000 197350.000000
5.490000 197326.000000
5.500000 197400.000000
5.510000 197420.000000
5.520000 197332.000000
5.530000 197592.000000
5.540000 197592.000000
5.550000 197344.000000
5.560000 197212.000000
5.570000 197440.000000
5.580000 197348.000000
5.590000 197374.000000
5.600000 197628.000000
5.610000 197468.000000
5.620000 197260.000000
5.630000 197418.000000
5.640000 197442.000000
5.650000 197596.000000
5.660000 197476.000000
5.670000 197532.000000
5.680000 197552.000000
5.690000 197320.000000
5.700000 197726.000000
5.710000 197812.000000
5.720000 197758.000000
5.730000 197744.000000
5.740000 197548.000000
5.750000 197734.000000
5.760000 197938.000000
5.770000 198106.000000
5.780000 197822.000000
5.790000 197998.000000
5.800000 198018.000000
5.810000 197830.000000
5.820000 197736.000000
5.830000 197790.000000
5.840000 197696.000000
5.850000 197758.000000
5.860000 197988.000000
5.870000 197952.000000
5.880000 197900.000000
5.890000 197794.000000
5.900000 198020.000000
5.910000 198018.000000
5.920000 198236.000000
5.930000 197962.000000
5.940000 197638.000000
5.950000 197766.000000
5.960000 198102.000000
5.970000 197824.000000
5.980000 197830.000000
5.990000 197828.000000
6.000000 197914.000000
6.010000 198294.000000
6.020000 197880.000000
6.030000 197874.000000
6.040000 197678.000000
6.050000 197490.000000
6.060000 197532.000000
6.070000 197476.000000
6.080000 197320.000000
6.090000 197510.000000
6.100000 197572.000000
6.110000 197466.000000
6.120000 198024.000000
6.130000 198186.000000
6.140000 198066.000000
6.150000 198414.000000
6.160000 198190.000000
6.170000 198072.000000
6.180000 197758.000000
6.190000 197808.000000
6.200000 197660.000000
6.210000 197710.000000
6.220000 197488.000000
6.230000 197364.000000
6.240000 197812.000000
6.250000 197622.000000
6.260000 197272.000000
6.270000 197534.000000
6.280000 197362.000000
6.290000 196982.000000
6.300000 197182.000000
6.310000 196928.000000
6.320000 197106.000000
6.330000 196970.000000
6.340000 197182.000000
6.350000 197378.000000
6.360000 197216.000000
6.370000 196804.000000
6.380000 196790.000000
6.390000 196896.000000
6.400000 196952.000000
6.410000 196770.000000
6.420000 196720.000000
6.430000 196988.000000
6.440000 196770.000000
6.450000 196698.000000
6.460000 196564.000000
6.470000 197050.000000
6.480000 197412.000000
6.490000 197952.000000
6.500000 197992.000000
6.510000 197880.000000
6.520000 198034.000000
6.530000 197754.000000
6.540000 197694.000000
6.550000 197702.000000
6.560000 197684.000000
6.570000 197668.000000
6.580000 197464.000000
6.590000 197438.000000
6.600000 197320.000000
6.610000 197142.000000
6.620000 196874.000000
6.630000 196936.000000
6.640000 197058.000000
6.650000 196790.000000
6.660000 196950.000000
6.670000 197124.000000
6.680000 197324.000000
6.690000 197162.000000
6.700000 197328.000000
6.710000 197276.000000
6.720000 197282.000000
6.730000 197266.000000
6.740000 197200.000000
6.750000 197378.000000
6.760000 197326.000000
6.770000 197180.000000
6.780000 197318.000000
6.790000 197324.000000
6.800000 197440.000000
6.810000 197142.000000
6.820000 197340.000000
6.830000 197492.000000
6.840000 197654.000000
6.850000 197444.000000
6.860000 197338.000000
6.870000 197264.000000
6.880000 197450.000000
6.890000 197340.000000
6.900000 197434.000000
6.910000 197186.000000
6.920000 197486.000000
6.930000 197528.000000
6.940000 197448.000000
6.950000 197486.000000
6.960000 197756.000000
6.970000 197368.000000
6.980000 197680.000000
6.990000 197940.000000
7.000000 197858.000000
7.010000 197906.000000
7.020000 197944.000000
7.030000 197654.000000
7.040000 197964.000000
7.050000 197884.000000
7.060000 197770.000000
7.070000 197774.000000
7.080000 197668.000000
7.090000 197534.000000
7.100000 197408.000000
7.110000 197500.000000
7.120000 197344.000000
7.130000 197436.000000
7.140000 197376.000000
7.150000 197644.000000
7.160000 197688.000000
7.170000 197520.000000
7.180000 197586.000000
7.190000 197294.000000
7.200000 197534.000000
7.210000 197304.000000
7.220000 197268.000000
7.230000 197366.000000
7.240000 197664.000000
7.250000 197642.000000
7.260000 197482.000000
7.270000 197462.000000
7.280000 197370.000000
7.290000 197562.000000
7.300000 197496.000000
7.310000 197590.000000
7.320000 197618.000000
7.330000 197938.000000
7.340000 197926.000000
7.350000 197936.000000
7.360000 197738.000000
7.370000 197688.000000
7.380000 197706.000000
7.390000 197384.000000
7.400000 197224.000000
7.410000 197460.000000
7.420000 197532.000000
7.430000 197254.000000
7.440000 197356.000000
7.450000 197524.000000
7.460000 197658.000000
7.470000 197754.000000
7.480000 197918.000000
7.490000 198016.000000
7.500000 197720.000000
7.510000 197672.000000
7.520000 197686.000000
7.530000 197174.000000
7.540000 197364.000000
7.550000 197340.000000
7.560000 197322.000000
7.570000 197102.000000
7.580000 197088.000000
7.590000 196728.000000
7.600000 197122.000000
7.610000 196904.000000
7.620000 196822.000000
7.630000 197174.000000
7.640000 197032.000000
7.650000 197294.000000
7.660000 197392.000000
7.670000 197442.000000
7.680000 197186.000000
7.690000 197242.000000
7.700000 197530.000000
7.710000 197264.000000
7.720000 197154.000000
7.730000 197056.000000
7.740000 196820.000000
7.750000 196720.000000
7.760000 196790.000000
7.770000 196786.000000
7.780000 196932.000000
7.790000 197016.000000
7.800000 196758.000000
7.810000 196716.000000
7.820000 196780.000000
7.830000 196860.000000
7.840000 196864.000000
7.850000 197438.000000
7.860000 197214.000000
7.870000 196908.000000
7.880000 197052.000000
7.890000 197310.000000
7.900000 197340.000000
7.910000 196894.000000
7.920000 197162.000000
7.930000 197634.000000
7.940000 197606.000000
7.950000 197692.000000
7.960000 197636.000000
7.970000 197654.000000
7.980000 197096.000000
7.990000 197180.000000
8.000000 197352.000000
8.010000 197222.000000
8.020000 197270.000000
8.030000 197306.000000
8.040000 197382.000000
8.050000 197300.000000
8.060000 197124.000000
8.070000 197280.000000
8.080000 197490.000000
8.090000 197614.000000
8.100000 197448.000000
8.110000 197394.000000
8.120000 197750.000000
8.130000 197508.000000
8.140000 197578.000000
8.150000 197868.000000
8.160000 198156.000000
8.170000 198086.000000
8.180000 197940.000000
8.190000 197974.000000
8.200000 197644.000000
8.210000 197740.000000
8.220000 197586.000000
8.230000 197422.000000
8.240000 197542.000000
8.250000 197398.000000
8.260000 197174.000000
8.270000 197106.000000
8.280000 197332.000000
8.290000 197242.000000
8.300000 197066.000000
8.310000 196964.000000
8.320000 197372.000000
8.330000 197526.000000
8.340000 197514.000000
8.350000 197650.000000
8.360000 197608.000000
8.370000 197874.000000
8.380000 198022.000000
8.390000 197718.000000
8.400000 197364.000000
8.410000 197670.000000
8.420000 197782.000000
8.430000 198018.000000
8.440000 197904.000000
8.450000 197796.000000
8.460000 197994.000000
8.470000 198146.000000
8.480000 197978.000000
8.490000 197884.000000
8.500000 197726.000000
8.510000 197660.000000
8.520000 198034.000000
8.530000 197686.000000
8.540000 197814.000000
8.550000 197724.000000
8.560000 197708.000000
8.570000 197630.000000
8.580000 197350.000000
8.590000 197172.000000
8.600000 197274.000000
8.610000 197446.000000
8.620000 197508.000000
8.630000 197292.000000
8.640000 196972.000000
8.650000 197398.000000
8.660000 197630.000000
8.670000 197428.000000
8.680000 197148.000000
8.690000 197098.000000
8.700000 197380.000000
8.710000 197506.000000
8.720000 197578.000000
8.730000 197762.000000
8.740000 197566.000000
8.750000 197690.000000
8.760000 197580.000000
8.770000 197414.000000
8.780000 197446.000000
8.790000 197670.000000
8.800000 197616.000000
8.810000 197790.000000
8.820000 197980.000000
8.830000 198150.000000
8.840000 198348.000000
8.850000 198066.000000
8.860000 197966.000000
8.870000 197760.000000
8.880000 197502.000000
8.890000 197286.000000
8.900000 197330.000000
8.910000 197262.000000
8.920000 197468.000000
8.930000 197380.000000
8.940000 197646.000000
8.950000 197558.000000
8.960000 197264.000000
8.970000 197214.000000
8.980000 197272.000000
8.990000 197542.000000
9.000000 197658.000000
9.010000 197616.000000
9.020000 197658.000000
9.030000 197258.000000
9.040000 197160.000000
9.050000 197384.000000
9.060000 197472.000000
9.070000 197608.000000
9.080000 197328.000000
9.090000 197468.000000
9.100000 197340.000000
9.110000 197210.000000
9.120000 197350.000000
9.130000 197620.000000
9.140000 197326.000000
9.150000 197606.000000
9.160000 197790.000000
9.170000 197956.000000
9.180000 197650.000000
9.190000 197364.000000
9.200000 197398.000000
9.210000 197490.000000
9.220000 196996.000000
9.230000 196894.000000
9.240000 196654.000000
9.250000 197022.000000
9.260000 197308.000000
9.270000 197314.000000
9.280000 197044.000000
9.290000 196958.000000
9.300000 197154.000000
9.310000 197200.000000
9.320000 197076.000000
9.330000 197022.000000
9.340000 197570.000000
9.350000 197574.000000
9.360000 197504.000000
9.370000 197362.000000
9.380000 197072.000000
9.390000 196968.000000
9.400000 196866.000000
9.410000 196846.000000
9.420000 197046.000000
9.430000 197180.000000
9.440000 196940.000000
9.450000 196766.000000
9.460000 197062.000000
9.470000 197196.000000
9.480000 197098.000000
9.490000 197342.000000
9.500000 197086.000000
9.510000 197048.000000
9.520000 197458.000000
9.530000 197220.000000
9.540000 197068.000000
9.550000 197084.000000
9.560000 196976.000000
9.570000 197310.000000
9.580000 197324.000000
9.590000 197552.000000
9.600000 197514.000000
9.610000 197636.000000
9.620000 197788.000000
9.630000 197964.000000
9.640000 197696.000000
9.650000 197724.000000
9.660000 197736.000000
9.670000 198124.000000
9.680000 197882.000000
9.690000 197758.000000
9.700000 197928.000000
9.710000 197390.000000
9.720000 197134.000000
9.730000 197254.000000
9.740000 197348.000000
9.750000 197252.000000
9.760000 197512.000000
9.770000 197300.000000
9.780000 197206.000000
9.790000 196780.000000
9.800000 196810.000000
9.810000 197378.000000
9.820000 197596.000000
9.830000 197608.000000
9.840000 197228.000000
9.850000 197264.000000
9.860000 197206.000000
9.870000 197514.000000
9.880000 197588.000000
9.890000 197752.000000
9.900000 197660.000000
9.910000 197846.000000
9.920000 197692.000000
9.930000 197666.000000
9.940000 197322.000000
9.950000 197244.000000
9.960000 197302.000000
9.970000 197224.000000
9.980000 197156.000000
9.990000 197472.000000
10.000000 197218.000000
