# i correlation
1 0.001834
2 0.001757
3 0.001692
4 0.001642
5 0.001587
6 0.001545
7 0.001516
8 0.001485
9 0.001463
10 0.001444
11 0.001433
12 0.001421
13 0.001405
14 0.001384
15 0.001372
16 0.001373
17 0.001365
18 0.001352
19 0.001337
20 0.001327
21 0.001319
22 0.001312
23 0.001303
24 0.001303
25 0.001291
26 0.001282
27 0.001269
28 0.001268
29 0.001265
30 0.001250
31 0.001236
32 0.001230
33 0.001210
34 0.001201
35 0.001194
36 0.001196
37 0.001190
38 0.001186
39 0.001183
40 0.001180
41 0.001180
42 0.001177
43 0.001170
44 0.001168
45 0.001166
46 0.001157
47 0.001140
48 0.001136
49 0.001133
50 0.001129
51 0.001116
52 0.001108
53 0.001107
54 0.001092
55 0.001080
56 0.001066
57 0.001061
58 0.001051
59 0.001032
60 0.001025
61 0.001024
62 0.001021
63 0.001018
64 0.001023
65 0.001022
66 0.001027
67 0.001027
68 0.001020
69 0.001007
70 0.000998
71 0.000985
72 0.000964
73 0.000956
74 0.000954
75 0.000942
76 0.000924
77 0.000915
78 0.000910
79 0.000902
80 0.000897
81 0.000896
82 0.000897
83 0.000894
84 0.000892
85 0.000889
86 0.000890
87 0.000889
88 0.000874
89 0.000859
90 0.000856
91 0.000845
92 0.000833
93 0.000831
94 0.000831
95 0.000838
96 0.000833
97 0.000822
98 0.000814
99 0.000809
100 0.000801
101 0.000795
102 0.000796
103 0.000795
104 0.000796
105 0.000802
106 0.000810
107 0.000816
108 0.000808
109 0.000794
110 0.000791
111 0.000786
112 0.000783
113 0.000767
114 0.000757
115 0.000760
116 0.000756
117 0.000750
118 0.000746
119 0.000743
120 0.000731
121 0.000715
122 0.000712
123 0.000708
124 0.000713
125 0.000713
126 0.000715
127 0.000726
128 0.000729
129 0.000725
130 0.000720
131 0.000719
132 0.000716
133 0.000708
134 0.000697
135 0.000686
136 0.000674
137 0.000656
138 0.000633
139 0.000624
140 0.000621
141 0.000618
142 0.000611
143 0.000608
144 0.000612
145 0.000603
146 0.000591
147 0.000584
148 0.000587
149 0.000579
150 0.000566
151 0.000570
152 0.000567
153 0.000567
154 0.000568
155 0.000577
156 0.000583
157 0.000585
158 0.000586
159 0.000590
160 0.000602
161 0.000602
162 0.000595
163 0.000582
164 0.000584
165 0.000580
166 0.000570
167 0.000558
168 0.000555
169 0.000557
170 0.000559
171 0.000567
172 0.000575
173 0.000586
174 0.000591
175 0.000595
176 0.000605
177 0.000620
178 0.000631
179 0.000640
180 0.000644
181 0.000650
182 0.000656
183 0.000654
184 0.000643
185 0.000632
186 0.000629
187 0.000617
188 0.000618
189 0.000620
190 0.000627
191 0.000617
192 0.000617
193 0.000617
194 0.000623
195 0.000622
196 0.000619
197 0.000620
198 0.000619
199 0.000618
200 0.000615
201 0.000609
202 0.000605
203 0.000598
204 0.000589
205 0.000590
206 0.000582
207 0.000576
208 0.000565
209 0.000559
210 0.000554
211 0.000560
212 0.000568
213 0.000570
214 0.000579
215 0.000580
216 0.000575
217 0.000566
218 0.000560
219 0.000556
220 0.000555
221 0.000559
222 0.000573
223 0.000589
224 0.000607
225 0.000609
226 0.000614
227 0.000622
228 0.000628
229 0.000635
230 0.000639
231 0.000643
232 0.000642
233 0.000640
234 0.000642
235 0.000639
236 0.000627
237 0.000615
238 0.000615
239 0.000628
240 0.000628
241 0.000628
242 0.000630
243 0.000636
244 0.000644
245 0.000649
246 0.000656
247 0.000658
248 0.000655
249 0.000650
250 0.000648
251 0.000651
252 0.000654
253 0.000647
254 0.000640
255 0.000641
256 0.000647
257 0.000646
258 0.000637
259 0.000636
260 0.000635
261 0.000628
262 0.000616
263 0.000614
264 0.000615
265 0.000607
266 0.000604
267 0.000607
268 0.000607
269 0.000600
270 0.000588
271 0.000575
272 0.000561
273 0.000549
274 0.000526
275 0.000513
276 0.000499
277 0.000479
278 0.000469
279 0.000461
280 0.000457
281 0.000452
282 0.000448
283 0.000452
284 0.000463
285 0.000475
286 0.000481
287 0.000479
288 0.000481
289 0.000484
290 0.000482
291 0.000482
292 0.000486
293 0.000489
294 0.000488
295 0.000494
296 0.000503
297 0.000508
298 0.000507
299 0.000501
300 0.000497
301 0.000494
302 0.000491
303 0.000483
304 0.000481
305 0.000477
306 0.000477
307 0.000482
308 0.000486
309 0.000493
310 0.000502
311 0.000498
312 0.000494
313 0.000481
314 0.000480
315 0.000473
316 0.000468
317 0.000469
318 0.000462
319 0.000461
320 0.000454
321 0.000452
322 0.000438
323 0.000424
324 0.000413
325 0.000404
326 0.000394
327 0.000387
328 0.000375
329 0.000364
330 0.000357
331 0.000351
332 0.000344
333 0.000352
334 0.000362
335 0.000362
336 0.000364
337 0.000360
338 0.000365
339 0.000370
340 0.000366
341 0.000368
342 0.000376
343 0.000377
344 0.000368
345 0.000362
346 0.000368
347 0.000369
348 0.000366
349 0.000370
350 0.000382
351 0.000396
352 0.000400
353 0.000408
354 0.000415
355 0.000420
356 0.000423
357 0.000426
358 0.000422
359 0.000423
360 0.000431
361 0.000427
362 0.000432
363 0.000437
364 0.000443
365 0.000444
366 0.000441
367 0.000439
368 0.000428
369 0.000418
370 0.000405
371 0.000401
372 0.000393
373 0.000388
374 0.000386
375 0.000392
376 0.000395
377 0.000388
378 0.000392
379 0.000393
380 0.000394
381 0.000386
382 0.000377
383 0.000371
384 0.000361
385 0.000358
386 0.000357
387 0.000353
388 0.000346
389 0.000342
390 0.000337
391 0.000340
392 0.000345
393 0.000344
394 0.000347
395 0.000351
396 0.000354
397 0.000350
398 0.000347
399 0.000350
400 0.000355
401 0.000354
402 0.000353
403 0.000354
404 0.000354
405 0.000347
406 0.000332
407 0.000322
408 0.000316
409 0.000307
410 0.000300
411 0.000294
412 0.000295
413 0.000285
414 0.000275
415 0.000272
416 0.000270
417 0.000270
418 0.000268
419 0.000272
420 0.000280
421 0.000290
422 0.000295
423 0.000297
424 0.000299
425 0.000299
426 0.000306
427 0.000314
428 0.000327
429 0.000339
430 0.000341
431 0.000345
432 0.000338
433 0.000331
434 0.000325
435 0.000320
436 0.000314
437 0.000316
438 0.000321
439 0.000327
440 0.000332
441 0.000342
442 0.000344
443 0.000346
444 0.000352
445 0.000348
446 0.000342
447 0.000335
448 0.000329
449 0.000328
450 0.000331
451 0.000331
452 0.000325
453 0.000322
454 0.000311
455 0.000303
456 0.000296
457 0.000301
458 0.000304
459 0.000301
460 0.000302
461 0.000307
462 0.000308
463 0.000316
464 0.000317
465 0.000322
466 0.000325
467 0.000329
468 0.000335
469 0.000340
470 0.000349
471 0.000351
472 0.000355
473 0.000362
474 0.000369
475 0.000367
476 0.000366
477 0.000361
478 0.000356
479 0.000358
480 0.000355
481 0.000357
482 0.000352
483 0.000354
484 0.000349
485 0.000344
486 0.000339
487 0.000340
488 0.000330
489 0.000320
490 0.000322
491 0.000321
492 0.000321
493 0.000323
494 0.000333
495 0.000341
496 0.000346
497 0.000354
498 0.000358
499 0.000360
500 0.000360
501 0.000351
502 0.000343
503 0.000333
504 0.000323
505 0.000312
506 0.000302
507 0.000305
508 0.000309
509 0.000306
510 0.000303
511 0.000308
512 0.000306
513 0.000306
514 0.000302
515 0.000309
516 0.000304
517 0.000299
518 0.000291
519 0.000291
520 0.000285
521 0.000278
522 0.000273
523 0.000270
524 0.000274
525 0.000273
526 0.000277
527 0.000280
528 0.000280
529 0.000273
530 0.000269
531 0.000272
532 0.000269
533 0.000263
534 0.000253
535 0.000246
536 0.000245
537 0.000236
538 0.000234
539 0.000234
540 0.000232
541 0.000229
542 0.000222
543 0.000224
544 0.000223
545 0.000229
546 0.000228
547 0.000229
548 0.000228
549 0.000226
550 0.000225
551 0.000226
552 0.000222
553 0.000219
554 0.000222
555 0.000224
556 0.000230
557 0.000236
558 0.000237
559 0.000235
560 0.000233
561 0.000234
562 0.000225
563 0.000218
564 0.000209
565 0.000200
566 0.000188
567 0.000175
568 0.000171
569 0.000162
570 0.000155
571 0.000147
572 0.000142
573 0.000136
574 0.000135
575 0.000138
576 0.000141
577 0.000142
578 0.000143
579 0.000139
580 0.000141
581 0.000142
582 0.000143
583 0.000139
584 0.000134
585 0.000136
586 0.000135
587 0.000129
588 0.000125
589 0.000119
590 0.000112
591 0.000106
592 0.000106
593 0.000106
594 0.000110
595 0.000106
596 0.000104
597 0.000099
598 0.000100
599 0.000104
600 0.000108
601 0.000109
602 0.000117
603 0.000123
604 0.000126
605 0.000134
606 0.000146
607 0.000152
608 0.000149
609 0.000154
610 0.000162
611 0.000163
612 0.000167
613 0.000167
614 0.000175
615 0.000174
616 0.000170
617 0.000170
618 0.000171
619 0.000169
620 0.000169
621 0.000174
622 0.000180
623 0.000187
624 0.000194
625 0.000206
626 0.000214
627 0.000219
628 0.000223
629 0.000225
630 0.000221
631 0.000220
632 0.000218
633 0.000214
634 0.000207
635 0.000202
636 0.000197
637 0.000190
638 0.000190
639 0.000187
640 0.000184
641 0.000182
642 0.000184
643 0.000185
644 0.000185
645 0.000186
646 0.000183
647 0.000180
648 0.000175
649 0.000172
650 0.000168
651 0.000173
652 0.000180
653 0.000190
654 0.000193
655 0.000200
656 0.000210
657 0.000210
658 0.000213
659 0.000214
660 0.000218
661 0.000215
662 0.000215
663 0.000215
664 0.000215
665 0.000210
666 0.000206
667 0.000210
668 0.000207
669 0.000201
670 0.000194
671 0.000188
672 0.000188
673 0.000191
674 0.000193
675 0.000197
676 0.000202
677 0.000201
678 0.000196
679 0.000192
680 0.000187
681 0.000187
682 0.000184
683 0.000183
684 0.000183
685 0.000183
686 0.000183
687 0.000187
688 0.000193
689 0.000199
690 0.000206
691 0.000208
692 0.000211
693 0.000214
694 0.000216
695 0.000218
696 0.000221
697 0.000220
698 0.000217
699 0.000217
700 0.000215
701 0.000210
702 0.000208
703 0.000209
704 0.000213
705 0.000217
706 0.000215
707 0.000217
708 0.000218
709 0.000220
710 0.000220
711 0.000222
712 0.000225
713 0.000227
714 0.000229
715 0.000226
716 0.000225
717 0.000222
718 0.000218
719 0.000217
720 0.000220
721 0.000221
722 0.000223
723 0.000223
724 0.000225
725 0.000225
726 0.000228
727 0.000233
728 0.000237
729 0.000243
730 0.000243
731 0.000244
732 0.000243
733 0.000243
734 0.000240
735 0.000238
736 0.000236
737 0.000228
738 0.000225
739 0.000225
740 0.000229
741 0.000231
742 0.000237
743 0.000239
744 0.000233
745 0.000228
746 0.000228
747 0.000229
748 0.000226
749 0.000224
750 0.000223
751 0.000222
752 0.000219
753 0.000217
754 0.000216
755 0.000215
756 0.000210
757 0.000208
758 0.000207
759 0.000204
760 0.000201
761 0.000197
762 0.000192
763 0.000188
764 0.000182
765 0.000176
766 0.000168
767 0.000161
768 0.000153
769 0.000148
770 0.000144
771 0.000144
772 0.000141
773 0.000138
774 0.000137
775 0.000134
776 0.000129
777 0.000128
778 0.000125
779 0.000122
780 0.000124
781 0.000122
782 0.000120
783 0.000118
784 0.000119
785 0.000119
786 0.000118
787 0.000115
788 0.000113
789 0.000110
790 0.000103
791 0.000101
792 0.000096
793 0.000094
794 0.000089
795 0.000087
796 0.000084
797 0.000080
798 0.000077
799 0.000075
800 0.000079
801 0.000079
802 0.000080
803 0.000079
804 0.000080
805 0.000076
806 0.000075
807 0.000079
808 0.000078
809 0.000081
