# i correlation
1 0.001947
2 0.001869
3 0.001805
4 0.001748
5 0.001701
6 0.001650
7 0.001618
8 0.001590
9 0.001563
10 0.001535
11 0.001509
12 0.001498
13 0.001490
14 0.001476
15 0.001463
16 0.001462
17 0.001453
18 0.001442
19 0.001432
20 0.001422
21 0.001407
22 0.001393
23 0.001378
24 0.001369
25 0.001355
26 0.001346
27 0.001342
28 0.001337
29 0.001324
30 0.001314
31 0.001301
32 0.001288
33 0.001283
34 0.001266
35 0.001243
36 0.001220
37 0.001205
38 0.001193
39 0.001188
40 0.001190
41 0.001184
42 0.001190
43 0.001197
44 0.001202
45 0.001211
46 0.001216
47 0.001228
48 0.001235
49 0.001233
50 0.001229
51 0.001219
52 0.001199
53 0.001182
54 0.001172
55 0.001169
56 0.001166
57 0.001156
58 0.001153
59 0.001157
60 0.001154
61 0.001157
62 0.001149
63 0.001143
64 0.001145
65 0.001139
66 0.001143
67 0.001143
68 0.001135
69 0.001120
70 0.001102
71 0.001081
72 0.001077
73 0.001078
74 0.001073
75 0.001065
76 0.001061
77 0.001063
78 0.001058
79 0.001046
80 0.001031
81 0.001014
82 0.001000
83 0.000985
84 0.000974
85 0.000973
86 0.000975
87 0.000979
88 0.000977
89 0.000981
90 0.000976
91 0.000971
92 0.000962
93 0.000946
94 0.000942
95 0.000929
96 0.000922
97 0.000916
98 0.000910
99 0.000903
100 0.000896
101 0.000887
102 0.000873
103 0.000863
104 0.000859
105 0.000845
106 0.000838
107 0.000832
108 0.000823
109 0.000813
110 0.000803
111 0.000801
112 0.000798
113 0.000801
114 0.000798
115 0.000795
116 0.000800
117 0.000800
118 0.000796
119 0.000790
120 0.000786
121 0.000775
122 0.000775
123 0.000771
124 0.000764
125 0.000756
126 0.000747
127 0.000746
128 0.000733
129 0.000723
130 0.000702
131 0.000688
132 0.000692
133 0.000698
134 0.000702
135 0.000707
136 0.000718
137 0.000726
138 0.000738
139 0.000741
140 0.000742
141 0.000752
142 0.000757
143 0.000752
144 0.000739
145 0.000735
146 0.000742
147 0.000749
148 0.000752
149 0.000754
150 0.000751
151 0.000752
152 0.000752
153 0.000758
154 0.000764
155 0.000778
156 0.000783
157 0.000777
158 0.000768
159 0.000759
160 0.000754
161 0.000747
162 0.000745
163 0.000745
164 0.000739
165 0.000736
166 0.000723
167 0.000713
168 0.000706
169 0.000689
170 0.000675
171 0.000661
172 0.000650
173 0.000641
174 0.000618
175 0.000608
176 0.000600
177 0.000592
178 0.000582
179 0.000565
180 0.000559
181 0.000559
182 0.000552
183 0.000551
184 0.000546
185 0.000541
186 0.000536
187 0.000522
188 0.000523
189 0.000516
190 0.000505
191 0.000498
192 0.000492
193 0.000484
194 0.000476
195 0.000476
196 0.000475
197 0.000474
198 0.000471
199 0.000470
200 0.000470
201 0.000469
202 0.000471
203 0.000467
204 0.000465
205 0.000469
206 0.000465
207 0.000466
208 0.000470
209 0.000476
210 0.000477
211 0.000480
212 0.000481
213 0.000487
214 0.000486
215 0.000488
216 0.000492
217 0.000485
218 0.000478
219 0.000465
220 0.000453
221 0.000443
222 0.000436
223 0.000440
224 0.000433
225 0.000425
226 0.000424
227 0.000413
228 0.000407
229 0.000406
230 0.000396
231 0.000393
232 0.000392
233 0.000402
234 0.000400
235 0.000395
236 0.000395
237 0.000394
238 0.000404
239 0.000414
240 0.000418
241 0.000420
242 0.000425
243 0.000430
244 0.000425
245 0.000429
246 0.000426
247 0.000420
248 0.000406
249 0.000401
250 0.000397
251 0.000389
252 0.000381
253 0.000372
254 0.000365
255 0.000374
256 0.000379
257 0.000381
258 0.000375
259 0.000372
260 0.000376
261 0.000382
262 0.000383
263 0.000373
264 0.000368
265 0.000373
266 0.000382
267 0.000388
268 0.000391
269 0.000402
270 0.000399
271 0.000396
272 0.000398
273 0.000400
274 0.000400
275 0.000401
276 0.000400
277 0.000399
278 0.000393
279 0.000387
280 0.000377
281 0.000370
282 0.000365
283 0.000357
284 0.000360
285 0.000363
286 0.000359
287 0.000355
288 0.000361
289 0.000374
290 0.000385
291 0.000390
292 0.000395
293 0.000405
294 0.000412
295 0.000414
296 0.000410
297 0.000408
298 0.000403
299 0.000397
300 0.000408
301 0.000417
302 0.000427
303 0.000434
304 0.000441
305 0.000454
306 0.000464
307 0.000460
308 0.000458
309 0.000464
310 0.000469
311 0.000467
312 0.000455
313 0.000445
314 0.000439
315 0.000434
316 0.000435
317 0.000442
318 0.000448
319 0.000450
320 0.000445
321 0.000434
322 0.000425
323 0.000414
324 0.000407
325 0.000391
326 0.000370
327 0.000353
328 0.000340
329 0.000328
330 0.000319
331 0.000306
332 0.000297
333 0.000298
334 0.000306
335 0.000314
336 0.000327
337 0.000336
338 0.000339
339 0.000343
340 0.000347
341 0.000350
342 0.000344
343 0.000347
344 0.000346
345 0.000348
346 0.000351
347 0.000347
348 0.000343
349 0.000341
350 0.000339
351 0.000343
352 0.000346
353 0.000348
354 0.000350
355 0.000354
356 0.000356
357 0.000364
358 0.000370
359 0.000372
360 0.000367
361 0.000368
362 0.000366
363 0.000361
364 0.000366
365 0.000375
366 0.000384
367 0.000391
368 0.000389
369 0.000386
370 0.000382
371 0.000375
372 0.000375
373 0.000375
374 0.000369
375 0.000363
376 0.000352
377 0.000347
378 0.000343
379 0.000345
380 0.000353
381 0.000360
382 0.000368
383 0.000372
384 0.000379
385 0.000382
386 0.000376
387 0.000363
388 0.000357
389 0.000351
390 0.000339
391 0.000337
392 0.000333
393 0.000326
394 0.000327
395 0.000325
396 0.000318
397 0.000315
398 0.000317
399 0.000317
400 0.000311
401 0.000304
402 0.000302
403 0.000298
404 0.000300
405 0.000294
406 0.000295
407 0.000301
408 0.000309
409 0.000312
410 0.000316
411 0.000325
412 0.000325
413 0.000322
414 0.000327
415 0.000324
416 0.000322
417 0.000322
418 0.000321
419 0.000318
420 0.000313
421 0.000307
422 0.000304
423 0.000301
424 0.000302
425 0.000303
426 0.000302
427 0.000309
428 0.000312
429 0.000310
430 0.000309
431 0.000313
432 0.000322
433 0.000326
434 0.000332
435 0.000327
436 0.000319
437 0.000307
438 0.000301
439 0.000295
440 0.000289
441 0.000283
442 0.000281
443 0.000276
444 0.000271
445 0.000264
446 0.000265
447 0.000271
448 0.000270
449 0.000274
450 0.000275
451 0.000278
452 0.000280
453 0.000279
454 0.000275
455 0.000272
456 0.000274
457 0.000278
458 0.000289
459 0.000296
460 0.000302
461 0.000306
462 0.000312
463 0.000312
464 0.000313
465 0.000314
466 0.000322
467 0.000321
468 0.000313
469 0.000303
470 0.000293
471 0.000285
472 0.000280
473 0.000276
474 0.000271
475 0.000260
476 0.000252
477 0.000242
478 0.000236
479 0.000231
480 0.000223
481 0.000223
482 0.000221
483 0.000221
484 0.000224
485 0.000223
486 0.000223
487 0.000215
488 0.000208
489 0.000200
490 0.000191
491 0.000179
492 0.000164
493 0.000162
494 0.000160
495 0.000161
496 0.000158
497 0.000154
498 0.000153
499 0.000148
500 0.000146
501 0.000143
502 0.000144
503 0.000135
504 0.000127
505 0.000126
506 0.000129
507 0.000131
508 0.000139
509 0.000138
510 0.000138
511 0.000141
512 0.000143
513 0.000148
514 0.000155
515 0.000162
516 0.000169
517 0.000176
518 0.000185
519 0.000190
520 0.000188
521 0.000195
522 0.000199
523 0.000199
524 0.000199
525 0.000189
526 0.000184
527 0.000180
528 0.000175
529 0.000168
530 0.000162
531 0.000153
532 0.000145
533 0.000137
534 0.000130
535 0.000129
536 0.000122
537 0.000112
538 0.000109
539 0.000104
540 0.000102
541 0.000099
542 0.000094
543 0.000096
544 0.000101
545 0.000113
546 0.000121
547 0.000126
548 0.000126
549 0.000130
550 0.000137
551 0.000140
552 0.000145
553 0.000150
554 0.000153
555 0.000153
556 0.000148
557 0.000140
558 0.000128
559 0.000114
560 0.000098
561 0.000096
562 0.000099
563 0.000105
564 0.000101
565 0.000097
566 0.000100
567 0.000107
568 0.000105
569 0.000105
570 0.000105
571 0.000102
572 0.000107
573 0.000107
574 0.000119
575 0.000132
576 0.000137
577 0.000136
578 0.000135
579 0.000135
580 0.000137
581 0.000134
582 0.000133
583 0.000138
584 0.000138
585 0.000142
586 0.000142
587 0.000144
588 0.000143
589 0.000137
590 0.000135
591 0.000133
592 0.000123
593 0.000109
594 0.000103
595 0.000102
596 0.000102
597 0.000102
598 0.000097
599 0.000096
600 0.000099
601 0.000098
602 0.000100
603 0.000104
604 0.000106
605 0.000106
606 0.000107
607 0.000109
608 0.000107
609 0.000103
610 0.000099
611 0.000097
612 0.000097
613 0.000099
614 0.000101
615 0.000104
616 0.000101
617 0.000097
618 0.000093
619 0.000089
620 0.000090
621 0.000090
622 0.000103
623 0.000110
624 0.000116
625 0.000114
626 0.000108
627 0.000106
628 0.000102
629 0.000098
630 0.000099
631 0.000106
632 0.000108
633 0.000104
634 0.000106
635 0.000104
636 0.000102
637 0.000098
638 0.000087
639 0.000084
640 0.000082
641 0.000087
642 0.000088
643 0.000088
644 0.000091
645 0.000085
646 0.000082
647 0.000077
648 0.000072
649 0.000070
650 0.000070
651 0.000075
652 0.000077
653 0.000078
654 0.000077
655 0.000076
656 0.000076
657 0.000079
658 0.000075
659 0.000069
660 0.000064
661 0.000063
662 0.000060
663 0.000057
664 0.000059
665 0.000063
666 0.000062
667 0.000057
668 0.000051
669 0.000048
670 0.000048
671 0.000045
672 0.000042
673 0.000045
674 0.000049
675 0.000052
676 0.000052
677 0.000052
678 0.000049
679 0.000052
680 0.000047
681 0.000047
682 0.000048
683 0.000048
684 0.000044
685 0.000037
686 0.000034
687 0.000027
688 0.000023
689 0.000021
690 0.000016
691 0.000012
692 0.000007
693 -0.000004
694 -0.000009
695 -0.000013
696 -0.000018
697 -0.000027
698 -0.000033
699 -0.000034
700 -0.000030
701 -0.000024
702 -0.000019
703 -0.000013
704 -0.000005
705 -0.000001
706 -0.000006
707 -0.000008
708 -0.000007
709 -0.000005
710 -0.000009
711 -0.000019
712 -0.000024
713 -0.000031
714 -0.000038
715 -0.000047
716 -0.000053
717 -0.000055
718 -0.000054
719 -0.000050
720 -0.000050
721 -0.000045
722 -0.000038
723 -0.000034
724 -0.000028
725 -0.000028
726 -0.000022
727 -0.000019
728 -0.000009
729 0.000001
730 0.000009
731 0.000017
732 0.000018
733 0.000016
734 0.000015
735 0.000016
736 0.000013
737 0.000009
738 0.000013
739 0.000018
740 0.000024
741 0.000026
742 0.000029
743 0.000032
744 0.000032
745 0.000030
746 0.000027
747 0.000027
748 0.000030
749 0.000030
750 0.000030
751 0.000034
752 0.000036
753 0.000034
754 0.000028
755 0.000025
756 0.000021
757 0.000017
758 0.000014
759 0.000012
760 0.000012
761 0.000013
762 0.000012
763 0.000012
764 0.000015
765 0.000010
766 0.000007
767 0.000004
768 0.000009
769 0.000013
770 0.000016
771 0.000014
772 0.000007
773 0.000004
774 -0.000003
775 -0.000008
776 -0.000011
777 -0.000011
778 -0.000014
779 -0.000018
780 -0.000022
781 -0.000027
782 -0.000030
783 -0.000031
784 -0.000036
785 -0.000039
786 -0.000039
787 -0.000036
788 -0.000031
789 -0.000027
790 -0.000016
791 -0.000009
792 -0.000000
793 0.000003
794 0.000004
795 0.000009
796 0.000013
797 0.000011
798 0.000011
799 0.000014
800 0.000012
801 0.000013
802 0.000012
803 0.000012
804 0.000015
805 0.000013
806 0.000013
807 0.000020
808 0.000028
809 0.000031
