# i correlation
1 0.002420
2 0.002328
3 0.002257
4 0.002203
5 0.002154
6 0.002119
7 0.002091
8 0.002062
9 0.002032
10 0.002004
11 0.001981
12 0.001962
13 0.001928
14 0.001890
15 0.001855
16 0.001834
17 0.001816
18 0.001796
19 0.001784
20 0.001770
21 0.001756
22 0.001733
23 0.001719
24 0.001708
25 0.001698
26 0.001684
27 0.001658
28 0.001637
29 0.001621
30 0.001593
31 0.001576
32 0.001562
33 0.001554
34 0.001541
35 0.001532
36 0.001517
37 0.001503
38 0.001481
39 0.001454
40 0.001435
41 0.001425
42 0.001417
43 0.001420
44 0.001420
45 0.001427
46 0.001425
47 0.001416
48 0.001406
49 0.001391
50 0.001378
51 0.001374
52 0.001364
53 0.001358
54 0.001361
55 0.001363
56 0.001357
57 0.001355
58 0.001353
59 0.001348
60 0.001345
61 0.001331
62 0.001315
63 0.001312
64 0.001304
65 0.001296
66 0.001292
67 0.001292
68 0.001292
69 0.001283
70 0.001276
71 0.001261
72 0.001251
73 0.001236
74 0.001228
75 0.001218
76 0.001209
77 0.001197
78 0.001182
79 0.001179
80 0.001182
81 0.001184
82 0.001178
83 0.001183
84 0.001189
85 0.001190
86 0.001196
87 0.001208
88 0.001215
89 0.001212
90 0.001202
91 0.001191
92 0.001189
93 0.001193
94 0.001197
95 0.001209
96 0.001211
97 0.001214
98 0.001213
99 0.001210
100 0.001207
101 0.001213
102 0.001213
103 0.001218
104 0.001222
105 0.001230
106 0.001227
107 0.001223
108 0.001220
109 0.001227
110 0.001226
111 0.001221
112 0.001228
113 0.001235
114 0.001240
115 0.001247
116 0.001246
117 0.001238
118 0.001239
119 0.001233
120 0.001231
121 0.001228
122 0.001226
123 0.001222
124 0.001220
125 0.001218
126 0.001215
127 0.001207
128 0.001206
129 0.001202
130 0.001196
131 0.001198
132 0.001207
133 0.001212
134 0.001206
135 0.001193
136 0.001168
137 0.001146
138 0.001131
139 0.001118
140 0.001105
141 0.001092
142 0.001071
143 0.001047
144 0.001038
145 0.001032
146 0.001027
147 0.001015
148 0.001004
149 0.001002
150 0.000999
151 0.000996
152 0.000996
153 0.000990
154 0.000993
155 0.001002
156 0.001009
157 0.001018
158 0.001027
159 0.001024
160 0.001028
161 0.001036
162 0.001031
163 0.001024
164 0.001016
165 0.001009
166 0.000998
167 0.000991
168 0.000974
169 0.000963
170 0.000965
171 0.000960
172 0.000954
173 0.000944
174 0.000936
175 0.000920
176 0.000906
177 0.000907
178 0.000910
179 0.000900
180 0.000888
181 0.000878
182 0.000880
183 0.000883
184 0.000880
185 0.000872
186 0.000871
187 0.000868
188 0.000862
189 0.000867
190 0.000871
191 0.000867
192 0.000868
193 0.000871
194 0.000867
195 0.000858
196 0.000853
197 0.000837
198 0.000826
199 0.000821
200 0.000829
201 0.000832
202 0.000840
203 0.000856
204 0.000865
205 0.000875
206 0.000874
207 0.000877
208 0.000881
209 0.000881
210 0.000881
211 0.000873
212 0.000865
213 0.000866
214 0.000867
215 0.000872
216 0.000873
217 0.000876
218 0.000873
219 0.000868
220 0.000869
221 0.000871
222 0.000870
223 0.000864
224 0.000863
225 0.000865
226 0.000868
227 0.000868
228 0.000864
229 0.000864
230 0.000859
231 0.000863
232 0.000857
233 0.000849
234 0.000847
235 0.000838
236 0.000832
237 0.000822
238 0.000820
239 0.000808
240 0.000802
241 0.000801
242 0.000797
243 0.000785
244 0.000779
245 0.000773
246 0.000771
247 0.000764
248 0.000758
249 0.000753
250 0.000760
251 0.000758
252 0.000750
253 0.000745
254 0.000740
255 0.000729
256 0.000720
257 0.000715
258 0.000705
259 0.000698
260 0.000687
261 0.000672
262 0.000657
263 0.000648
264 0.000635
265 0.000624
266 0.000612
267 0.000610
268 0.000601
269 0.000593
270 0.000601
271 0.000607
272 0.000603
273 0.000603
274 0.000593
275 0.000595
276 0.000597
277 0.000600
278 0.000594
279 0.000590
280 0.000592
281 0.000594
282 0.000601
283 0.000607
284 0.000615
285 0.000626
286 0.000627
287 0.000629
288 0.000626
289 0.000627
290 0.000628
291 0.000628
292 0.000636
293 0.000638
294 0.000645
295 0.000654
296 0.000661
297 0.000671
298 0.000678
299 0.000682
300 0.000686
301 0.000694
302 0.000696
303 0.000687
304 0.000686
305 0.000696
306 0.000705
307 0.000700
308 0.000695
309 0.000688
310 0.000684
311 0.000680
312 0.000680
313 0.000682
314 0.000680
315 0.000673
316 0.000670
317 0.000668
318 0.000674
319 0.000678
320 0.000676
321 0.000677
322 0.000679
323 0.000678
324 0.000676
325 0.000684
326 0.000683
327 0.000686
328 0.000683
329 0.000672
330 0.000659
331 0.000651
332 0.000642
333 0.000640
334 0.000639
335 0.000642
336 0.000639
337 0.000638
338 0.000641
339 0.000648
340 0.000650
341 0.000651
342 0.000650
343 0.000650
344 0.000653
345 0.000655
346 0.000654
347 0.000650
348 0.000646
349 0.000650
350 0.000648
351 0.000647
352 0.000646
353 0.000637
354 0.000637
355 0.000642
356 0.000645
357 0.000645
358 0.000637
359 0.000629
360 0.000630
361 0.000631
362 0.000630
363 0.000628
364 0.000624
365 0.000621
366 0.000621
367 0.000613
368 0.000613
369 0.000608
370 0.000605
371 0.000597
372 0.000591
373 0.000587
374 0.000581
375 0.000572
376 0.000569
377 0.000562
378 0.000556
379 0.000549
380 0.000549
381 0.000548
382 0.000557
383 0.000563
384 0.000558
385 0.000563
386 0.000562
387 0.000558
388 0.000552
389 0.000548
390 0.000545
391 0.000540
392 0.000542
393 0.000538
394 0.000530
395 0.000527
396 0.000524
397 0.000521
398 0.000514
399 0.000512
400 0.000507
401 0.000502
402 0.000499
403 0.000504
404 0.000507
405 0.000508
406 0.000504
407 0.000496
408 0.000497
409 0.000497
410 0.000500
411 0.000503
412 0.000508
413 0.000517
414 0.000532
415 0.000541
416 0.000546
417 0.000549
418 0.000546
419 0.000539
420 0.000541
421 0.000539
422 0.000539
423 0.000536
424 0.000532
425 0.000531
426 0.000523
427 0.000524
428 0.000537
429 0.000545
430 0.000550
431 0.000555
432 0.000557
433 0.000558
434 0.000569
435 0.000569
436 0.000564
437 0.000566
438 0.000563
439 0.000557
440 0.000564
441 0.000575
442 0.000580
443 0.000578
444 0.000575
445 0.000568
446 0.000568
447 0.000575
448 0.000575
449 0.000577
450 0.000576
451 0.000579
452 0.000578
453 0.000575
454 0.000570
455 0.000565
456 0.000557
457 0.000549
458 0.000550
459 0.000559
460 0.000573
461 0.000578
462 0.000579
463 0.000584
464 0.000574
465 0.000575
466 0.000574
467 0.000574
468 0.000564
469 0.000559
470 0.000553
471 0.000549
472 0.000551
473 0.000561
474 0.000564
475 0.000568
476 0.000574
477 0.000588
478 0.000603
479 0.000616
480 0.000627
481 0.000625
482 0.000617
483 0.000606
484 0.000602
485 0.000603
486 0.000605
487 0.000606
488 0.000609
489 0.000603
490 0.000590
491 0.000573
492 0.000559
493 0.000540
494 0.000528
495 0.000521
496 0.000516
497 0.000515
498 0.000513
499 0.000504
500 0.000502
501 0.000503
502 0.000500
503 0.000492
504 0.000486
505 0.000483
506 0.000483
507 0.000485
508 0.000483
509 0.000476
510 0.000467
511 0.000461
512 0.000453
513 0.000446
514 0.000439
515 0.000436
516 0.000431
517 0.000432
518 0.000431
519 0.000425
520 0.000415
521 0.000420
522 0.000419
523 0.000424
524 0.000424
525 0.000418
526 0.000420
527 0.000422
528 0.000429
529 0.000437
530 0.000450
531 0.000454
532 0.000465
533 0.000478
534 0.000485
535 0.000494
536 0.000496
537 0.000496
538 0.000495
539 0.000496
540 0.000499
541 0.000506
542 0.000513
543 0.000519
544 0.000516
545 0.000515
546 0.000521
547 0.000524
548 0.000529
549 0.000529
550 0.000524
551 0.000512
552 0.000503
553 0.000498
554 0.000497
555 0.000500
556 0.000499
557 0.000493
558 0.000485
559 0.000482
560 0.000480
561 0.000479
562 0.000485
563 0.000485
564 0.000480
565 0.000478
566 0.000483
567 0.000489
568 0.000489
569 0.000492
570 0.000492
571 0.000485
572 0.000478
573 0.000464
574 0.000457
575 0.000456
576 0.000456
577 0.000451
578 0.000443
579 0.000437
580 0.000428
581 0.000425
582 0.000419
583 0.000418
584 0.000413
585 0.000408
586 0.000407
587 0.000407
588 0.000408
589 0.000412
590 0.000410
591 0.000411
592 0.000416
593 0.000421
594 0.000421
595 0.000425
596 0.000428
597 0.000424
598 0.000424
599 0.000419
600 0.000411
601 0.000403
602 0.000402
603 0.000396
604 0.000388
605 0.000382
606 0.000376
607 0.000373
608 0.000365
609 0.000362
610 0.000357
611 0.000357
612 0.000361
613 0.000362
614 0.000360
615 0.000349
616 0.000341
617 0.000338
618 0.000332
619 0.000329
620 0.000327
621 0.000327
622 0.000327
623 0.000327
624 0.000326
625 0.000317
626 0.000304
627 0.000297
628 0.000292
629 0.000284
630 0.000285
631 0.000279
632 0.000275
633 0.000277
634 0.000281
635 0.000281
636 0.000284
637 0.000289
638 0.000289
639 0.000291
640 0.000293
641 0.000295
642 0.000299
643 0.000303
644 0.000304
645 0.000307
646 0.000312
647 0.000317
648 0.000313
649 0.000310
650 0.000309
651 0.000312
652 0.000316
653 0.000312
654 0.000312
655 0.000316
656 0.000321
657 0.000322
658 0.000329
659 0.000335
660 0.000332
661 0.000324
662 0.000325
663 0.000337
664 0.000340
665 0.000340
666 0.000341
667 0.000346
668 0.000354
669 0.000353
670 0.000352
671 0.000347
672 0.000342
673 0.000329
674 0.000319
675 0.000310
676 0.000297
677 0.000288
678 0.000285
679 0.000281
680 0.000282
681 0.000285
682 0.000289
683 0.000289
684 0.000285
685 0.000277
686 0.000267
687 0.000266
688 0.000264
689 0.000259
690 0.000260
691 0.000265
692 0.000268
693 0.000266
694 0.000269
695 0.000270
696 0.000267
697 0.000261
698 0.000255
699 0.000251
700 0.000252
701 0.000257
702 0.000251
703 0.000246
704 0.000242
705 0.000237
706 0.000228
707 0.000221
708 0.000208
709 0.000190
710 0.000178
711 0.000170
712 0.000162
713 0.000154
714 0.000145
715 0.000141
716 0.000136
717 0.000135
718 0.000133
719 0.000134
720 0.000133
721 0.000124
722 0.000116
723 0.000114
724 0.000112
725 0.000107
726 0.000104
727 0.000102
728 0.000100
729 0.000096
730 0.000091
731 0.000088
732 0.000086
733 0.000088
734 0.000085
735 0.000084
736 0.000079
737 0.000075
738 0.000073
739 0.000073
740 0.000073
741 0.000074
742 0.000068
743 0.000065
744 0.000059
745 0.000050
746 0.000044
747 0.000044
748 0.000045
749 0.000044
750 0.000045
751 0.000045
752 0.000048
753 0.000056
754 0.000060
755 0.000064
756 0.000069
757 0.000071
758 0.000068
759 0.000072
760 0.000073
761 0.000079
762 0.000081
763 0.000084
764 0.000089
765 0.000097
766 0.000103
767 0.000107
768 0.000111
769 0.000112
770 0.000112
771 0.000117
772 0.000129
773 0.000140
774 0.000152
775 0.000160
776 0.000167
777 0.000176
778 0.000182
779 0.000186
780 0.000195
781 0.000198
782 0.000206
783 0.000212
784 0.000226
785 0.000238
786 0.000251
787 0.000263
788 0.000271
789 0.000275
790 0.000278
791 0.000284
792 0.000287
793 0.000288
794 0.000288
795 0.000287
796 0.000286
797 0.000287
798 0.000294
799 0.000297
800 0.000306
801 0.000312
802 0.000312
803 0.000315
804 0.000318
805 0.000316
806 0.000314
807 0.000317
808 0.000317
809 0.000311
