# i correlation
1 0.001659
2 0.001576
3 0.001508
4 0.001457
5 0.001419
6 0.001381
7 0.001355
8 0.001329
9 0.001301
10 0.001271
11 0.001241
12 0.001216
13 0.001189
14 0.001169
15 0.001152
16 0.001149
17 0.001145
18 0.001142
19 0.001136
20 0.001127
21 0.001121
22 0.001117
23 0.001111
24 0.001118
25 0.001115
26 0.001119
27 0.001117
28 0.001105
29 0.001092
30 0.001086
31 0.001071
32 0.001062
33 0.001050
34 0.001034
35 0.001012
36 0.000998
37 0.000992
38 0.000996
39 0.000995
40 0.000984
41 0.000976
42 0.000973
43 0.000974
44 0.000980
45 0.000982
46 0.000974
47 0.000973
48 0.000985
49 0.000996
50 0.001001
51 0.001005
52 0.000993
53 0.000982
54 0.000969
55 0.000968
56 0.000969
57 0.000963
58 0.000955
59 0.000942
60 0.000929
61 0.000917
62 0.000910
63 0.000907
64 0.000914
65 0.000918
66 0.000911
67 0.000902
68 0.000892
69 0.000885
70 0.000879
71 0.000886
72 0.000896
73 0.000898
74 0.000890
75 0.000880
76 0.000871
77 0.000873
78 0.000875
79 0.000878
80 0.000871
81 0.000875
82 0.000874
83 0.000875
84 0.000870
85 0.000864
86 0.000855
87 0.000842
88 0.000838
89 0.000833
90 0.000825
91 0.000820
92 0.000809
93 0.000808
94 0.000811
95 0.000817
96 0.000819
97 0.000825
98 0.000829
99 0.000843
100 0.000852
101 0.000865
102 0.000874
103 0.000877
104 0.000878
105 0.000874
106 0.000864
107 0.000863
108 0.000869
109 0.000873
110 0.000882
111 0.000891
112 0.000889
113 0.000882
114 0.000864
115 0.000858
116 0.000846
117 0.000833
118 0.000826
119 0.000807
120 0.000795
121 0.000796
122 0.000793
123 0.000792
124 0.000791
125 0.000786
126 0.000779
127 0.000776
128 0.000782
129 0.000791
130 0.000792
131 0.000792
132 0.000785
133 0.000786
134 0.000790
135 0.000784
136 0.000784
137 0.000790
138 0.000796
139 0.000797
140 0.000794
141 0.000783
142 0.000779
143 0.000774
144 0.000785
145 0.000780
146 0.000767
147 0.000749
148 0.000738
149 0.000725
150 0.000713
151 0.000711
152 0.000713
153 0.000720
154 0.000717
155 0.000709
156 0.000712
157 0.000715
158 0.000722
159 0.000721
160 0.000722
161 0.000726
162 0.000730
163 0.000728
164 0.000717
165 0.000710
166 0.000716
167 0.000719
168 0.000714
169 0.000700
170 0.000692
171 0.000683
172 0.000685
173 0.000683
174 0.000683
175 0.000686
176 0.000688
177 0.000689
178 0.000692
179 0.000689
180 0.000683
181 0.000678
182 0.000671
183 0.000662
184 0.000654
185 0.000654
186 0.000648
187 0.000635
188 0.000621
189 0.000616
190 0.000611
191 0.000595
192 0.000591
193 0.000591
194 0.000580
195 0.000576
196 0.000572
197 0.000565
198 0.000555
199 0.000544
200 0.000536
201 0.000535
202 0.000539
203 0.000541
204 0.000551
205 0.000550
206 0.000548
207 0.000547
208 0.000553
209 0.000569
210 0.000583
211 0.000593
212 0.000600
213 0.000600
214 0.000590
215 0.000579
216 0.000578
217 0.000585
218 0.000579
219 0.000580
220 0.000575
221 0.000569
222 0.000573
223 0.000590
224 0.000599
225 0.000598
226 0.000597
227 0.000596
228 0.000595
229 0.000596
230 0.000593
231 0.000588
232 0.000581
233 0.000582
234 0.000586
235 0.000591
236 0.000589
237 0.000590
238 0.000596
239 0.000597
240 0.000598
241 0.000612
242 0.000623
243 0.000634
244 0.000632
245 0.000625
246 0.000620
247 0.000610
248 0.000604
249 0.000601
250 0.000590
251 0.000583
252 0.000577
253 0.000572
254 0.000568
255 0.000564
256 0.000548
257 0.000541
258 0.000531
259 0.000528
260 0.000526
261 0.000529
262 0.000531
263 0.000522
264 0.000507
265 0.000489
266 0.000483
267 0.000486
268 0.000494
269 0.000498
270 0.000498
271 0.000498
272 0.000495
273 0.000497
274 0.000501
275 0.000506
276 0.000511
277 0.000521
278 0.000535
279 0.000539
280 0.000536
281 0.000533
282 0.000532
283 0.000529
284 0.000520
285 0.000516
286 0.000520
287 0.000527
288 0.000527
289 0.000524
290 0.000529
291 0.000530
292 0.000526
293 0.000520
294 0.000515
295 0.000515
296 0.000518
297 0.000521
298 0.000517
299 0.000506
300 0.000493
301 0.000476
302 0.000460
303 0.000446
304 0.000439
305 0.000440
306 0.000447
307 0.000453
308 0.000456
309 0.000452
310 0.000458
311 0.000460
312 0.000460
313 0.000457
314 0.000452
315 0.000452
316 0.000452
317 0.000452
318 0.000454
319 0.000461
320 0.000467
321 0.000470
322 0.000464
323 0.000457
324 0.000457
325 0.000461
326 0.000469
327 0.000474
328 0.000468
329 0.000461
330 0.000451
331 0.000446
332 0.000439
333 0.000426
334 0.000429
335 0.000427
336 0.000427
337 0.000433
338 0.000436
339 0.000437
340 0.000444
341 0.000444
342 0.000444
343 0.000448
344 0.000444
345 0.000442
346 0.000442
347 0.000437
348 0.000436
349 0.000423
350 0.000414
351 0.000417
352 0.000414
353 0.000413
354 0.000411
355 0.000413
356 0.000418
357 0.000419
358 0.000417
359 0.000417
360 0.000411
361 0.000410
362 0.000412
363 0.000413
364 0.000419
365 0.000417
366 0.000412
367 0.000416
368 0.000418
369 0.000421
370 0.000424
371 0.000422
372 0.000415
373 0.000400
374 0.000384
375 0.000373
376 0.000364
377 0.000360
378 0.000356
379 0.000355
380 0.000344
381 0.000343
382 0.000342
383 0.000338
384 0.000342
385 0.000356
386 0.000367
387 0.000375
388 0.000374
389 0.000376
390 0.000385
391 0.000399
392 0.000404
393 0.000407
394 0.000419
395 0.000427
396 0.000434
397 0.000434
398 0.000429
399 0.000425
400 0.000416
401 0.000415
402 0.000413
403 0.000410
404 0.000399
405 0.000396
406 0.000394
407 0.000389
408 0.000389
409 0.000392
410 0.000397
411 0.000400
412 0.000403
413 0.000400
414 0.000394
415 0.000396
416 0.000393
417 0.000394
418 0.000388
419 0.000389
420 0.000397
421 0.000399
422 0.000400
423 0.000396
424 0.000386
425 0.000378
426 0.000369
427 0.000362
428 0.000355
429 0.000354
430 0.000353
431 0.000347
432 0.000335
433 0.000325
434 0.000322
435 0.000324
436 0.000330
437 0.000325
438 0.000314
439 0.000307
440 0.000301
441 0.000296
442 0.000292
443 0.000290
444 0.000290
445 0.000286
446 0.000288
447 0.000299
448 0.000307
449 0.000317
450 0.000331
451 0.000339
452 0.000348
453 0.000358
454 0.000364
455 0.000366
456 0.000361
457 0.000360
458 0.000365
459 0.000372
460 0.000372
461 0.000366
462 0.000355
463 0.000350
464 0.000347
465 0.000342
466 0.000338
467 0.000329
468 0.000322
469 0.000315
470 0.000309
471 0.000306
472 0.000307
473 0.000308
474 0.000306
475 0.000305
476 0.000303
477 0.000301
478 0.000296
479 0.000294
480 0.000294
481 0.000289
482 0.000280
483 0.000274
484 0.000275
485 0.000272
486 0.000270
487 0.000272
488 0.000269
489 0.000266
490 0.000259
491 0.000255
492 0.000258
493 0.000258
494 0.000253
495 0.000253
496 0.000264
497 0.000277
498 0.000287
499 0.000296
500 0.000305
501 0.000310
502 0.000321
503 0.000334
504 0.000342
505 0.000342
506 0.000340
507 0.000341
508 0.000340
509 0.000336
510 0.000328
511 0.000312
512 0.000301
513 0.000292
514 0.000283
515 0.000273
516 0.000269
517 0.000264
518 0.000257
519 0.000258
520 0.000265
521 0.000274
522 0.000279
523 0.000288
524 0.000298
525 0.000308
526 0.000309
527 0.000302
528 0.000298
529 0.000302
530 0.000315
531 0.000331
532 0.000341
533 0.000346
534 0.000344
535 0.000340
536 0.000341
537 0.000334
538 0.000336
539 0.000335
540 0.000336
541 0.000342
542 0.000337
543 0.000328
544 0.000319
545 0.000307
546 0.000296
547 0.000293
548 0.000301
549 0.000311
550 0.000321
551 0.000329
552 0.000337
553 0.000340
554 0.000349
555 0.000350
556 0.000347
557 0.000355
558 0.000359
559 0.000368
560 0.000377
561 0.000380
562 0.000381
563 0.000381
564 0.000380
565 0.000380
566 0.000378
567 0.000369
568 0.000366
569 0.000363
570 0.000359
571 0.000356
572 0.000352
573 0.000345
574 0.000341
575 0.000347
576 0.000345
577 0.000338
578 0.000332
579 0.000323
580 0.000324
581 0.000325
582 0.000321
583 0.000317
584 0.000311
585 0.000302
586 0.000297
587 0.000297
588 0.000302
589 0.000306
590 0.000306
591 0.000300
592 0.000295
593 0.000289
594 0.000279
595 0.000277
596 0.000275
597 0.000282
598 0.000287
599 0.000284
600 0.000277
601 0.000266
602 0.000265
603 0.000262
604 0.000263
605 0.000273
606 0.000277
607 0.000287
608 0.000298
609 0.000295
610 0.000300
611 0.000299
612 0.000301
613 0.000301
614 0.000312
615 0.000325
616 0.000330
617 0.000333
618 0.000331
619 0.000333
620 0.000330
621 0.000326
622 0.000325
623 0.000321
624 0.000320
625 0.000323
626 0.000323
627 0.000322
628 0.000317
629 0.000316
630 0.000310
631 0.000304
632 0.000301
633 0.000303
634 0.000307
635 0.000307
636 0.000313
637 0.000315
638 0.000319
639 0.000321
640 0.000325
641 0.000328
642 0.000328
643 0.000327
644 0.000324
645 0.000322
646 0.000323
647 0.000322
648 0.000317
649 0.000310
650 0.000303
651 0.000296
652 0.000292
653 0.000292
654 0.000294
655 0.000289
656 0.000284
657 0.000279
658 0.000272
659 0.000267
660 0.000269
661 0.000275
662 0.000280
663 0.000286
664 0.000292
665 0.000292
666 0.000296
667 0.000293
668 0.000288
669 0.000287
670 0.000291
671 0.000284
672 0.000281
673 0.000277
674 0.000277
675 0.000278
676 0.000278
677 0.000279
678 0.000285
679 0.000288
680 0.000287
681 0.000282
682 0.000283
683 0.000288
684 0.000291
685 0.000294
686 0.000299
687 0.000301
688 0.000304
689 0.000303
690 0.000300
691 0.000294
692 0.000294
693 0.000294
694 0.000298
695 0.000299
696 0.000302
697 0.000307
698 0.000309
699 0.000309
700 0.000306
701 0.000303
702 0.000303
703 0.000297
704 0.000291
705 0.000285
706 0.000282
707 0.000277
708 0.000278
709 0.000278
710 0.000278
711 0.000280
712 0.000275
713 0.000273
714 0.000263
715 0.000258
716 0.000255
717 0.000252
718 0.000250
719 0.000249
720 0.000248
721 0.000249
722 0.000246
723 0.000237
724 0.000225
725 0.000219
726 0.000221
727 0.000221
728 0.000219
729 0.000212
730 0.000207
731 0.000198
732 0.000191
733 0.000189
734 0.000187
735 0.000188
736 0.000188
737 0.000191
738 0.000193
739 0.000192
740 0.000188
741 0.000189
742 0.000193
743 0.000198
744 0.000199
745 0.000200
746 0.000199
747 0.000200
748 0.000198
749 0.000195
750 0.000193
751 0.000193
752 0.000190
753 0.000184
754 0.000180
755 0.000176
756 0.000175
757 0.000172
758 0.000171
759 0.000169
760 0.000165
761 0.000162
762 0.000156
763 0.000156
764 0.000154
765 0.000157
766 0.000160
767 0.000162
768 0.000161
769 0.000159
770 0.000160
771 0.000159
772 0.000155
773 0.000155
774 0.000160
775 0.000163
776 0.000163
777 0.000163
778 0.000164
779 0.000164
780 0.000160
781 0.000160
782 0.000166
783 0.000172
784 0.000174
785 0.000178
786 0.000181
787 0.000189
788 0.000189
789 0.000184
790 0.000182
791 0.000183
792 0.000187
793 0.000189
794 0.000193
795 0.000196
796 0.000197
797 0.000198
798 0.000202
799 0.000208
800 0.000217
801 0.000222
802 0.000222
803 0.000225
804 0.000228
805 0.000226
806 0.000226
807 0.000229
808 0.000231
809 0.000231
