# i correlation
1 0.001951
2 0.001857
3 0.001779
4 0.001705
5 0.001640
6 0.001594
7 0.001555
8 0.001502
9 0.001455
10 0.001421
11 0.001384
12 0.001358
13 0.001346
14 0.001333
15 0.001324
16 0.001319
17 0.001316
18 0.001304
19 0.001290
20 0.001279
21 0.001267
22 0.001249
23 0.001233
24 0.001223
25 0.001203
26 0.001184
27 0.001174
28 0.001174
29 0.001170
30 0.001162
31 0.001158
32 0.001152
33 0.001149
34 0.001147
35 0.001143
36 0.001147
37 0.001130
38 0.001110
39 0.001093
40 0.001076
41 0.001056
42 0.001037
43 0.001020
44 0.001001
45 0.000985
46 0.000972
47 0.000961
48 0.000959
49 0.000964
50 0.000959
51 0.000954
52 0.000952
53 0.000953
54 0.000944
55 0.000933
56 0.000932
57 0.000926
58 0.000922
59 0.000926
60 0.000926
61 0.000924
62 0.000915
63 0.000902
64 0.000886
65 0.000874
66 0.000863
67 0.000848
68 0.000835
69 0.000833
70 0.000829
71 0.000833
72 0.000835
73 0.000840
74 0.000839
75 0.000835
76 0.000833
77 0.000829
78 0.000828
79 0.000824
80 0.000820
81 0.000814
82 0.000809
83 0.000801
84 0.000807
85 0.000816
86 0.000825
87 0.000836
88 0.000837
89 0.000835
90 0.000840
91 0.000839
92 0.000846
93 0.000855
94 0.000862
95 0.000865
96 0.000852
97 0.000852
98 0.000843
99 0.000839
100 0.000837
101 0.000836
102 0.000830
103 0.000822
104 0.000814
105 0.000810
106 0.000802
107 0.000805
108 0.000814
109 0.000821
110 0.000825
111 0.000824
112 0.000818
113 0.000807
114 0.000805
115 0.000812
116 0.000813
117 0.000807
118 0.000801
119 0.000796
120 0.000790
121 0.000793
122 0.000796
123 0.000803
124 0.000811
125 0.000821
126 0.000836
127 0.000838
128 0.000843
129 0.000844
130 0.000844
131 0.000852
132 0.000863
133 0.000878
134 0.000887
135 0.000897
136 0.000896
137 0.000894
138 0.000895
139 0.000885
140 0.000872
141 0.000863
142 0.000861
143 0.000858
144 0.000842
145 0.000835
146 0.000824
147 0.000819
148 0.000813
149 0.000808
150 0.000808
151 0.000810
152 0.000802
153 0.000784
154 0.000774
155 0.000771
156 0.000765
157 0.000763
158 0.000763
159 0.000768
160 0.000776
161 0.000789
162 0.000807
163 0.000814
164 0.000827
165 0.000829
166 0.000831
167 0.000830
168 0.000826
169 0.000822
170 0.000824
171 0.000829
172 0.000826
173 0.000818
174 0.000813
175 0.000813
176 0.000813
177 0.000810
178 0.000800
179 0.000801
180 0.000796
181 0.000796
182 0.000791
183 0.000787
184 0.000784
185 0.000780
186 0.000785
187 0.000789
188 0.000791
189 0.000783
190 0.000773
191 0.000768
192 0.000759
193 0.000754
194 0.000766
195 0.000774
196 0.000782
197 0.000798
198 0.000815
199 0.000821
200 0.000825
201 0.000826
202 0.000819
203 0.000809
204 0.000808
205 0.000798
206 0.000781
207 0.000767
208 0.000754
209 0.000740
210 0.000723
211 0.000705
212 0.000691
213 0.000678
214 0.000663
215 0.000658
216 0.000660
217 0.000652
218 0.000654
219 0.000654
220 0.000656
221 0.000651
222 0.000653
223 0.000656
224 0.000655
225 0.000660
226 0.000663
227 0.000666
228 0.000653
229 0.000645
230 0.000641
231 0.000635
232 0.000630
233 0.000628
234 0.000628
235 0.000635
236 0.000642
237 0.000660
238 0.000661
239 0.000654
240 0.000653
241 0.000642
242 0.000640
243 0.000637
244 0.000637
245 0.000633
246 0.000628
247 0.000625
248 0.000625
249 0.000626
250 0.000625
251 0.000626
252 0.000627
253 0.000620
254 0.000612
255 0.000605
256 0.000595
257 0.000603
258 0.000607
259 0.000611
260 0.000605
261 0.000600
262 0.000601
263 0.000603
264 0.000603
265 0.000608
266 0.000610
267 0.000613
268 0.000615
269 0.000618
270 0.000619
271 0.000627
272 0.000634
273 0.000640
274 0.000646
275 0.000659
276 0.000669
277 0.000675
278 0.000681
279 0.000687
280 0.000686
281 0.000680
282 0.000672
283 0.000669
284 0.000662
285 0.000670
286 0.000683
287 0.000697
288 0.000705
289 0.000708
290 0.000707
291 0.000703
292 0.000701
293 0.000702
294 0.000696
295 0.000689
296 0.000692
297 0.000694
298 0.000689
299 0.000685
300 0.000672
301 0.000655
302 0.000645
303 0.000647
304 0.000645
305 0.000639
306 0.000635
307 0.000631
308 0.000625
309 0.000622
310 0.000630
311 0.000638
312 0.000644
313 0.000656
314 0.000660
315 0.000665
316 0.000670
317 0.000674
318 0.000668
319 0.000671
320 0.000672
321 0.000672
322 0.000670
323 0.000664
324 0.000661
325 0.000646
326 0.000638
327 0.000636
328 0.000631
329 0.000625
330 0.000618
331 0.000608
332 0.000609
333 0.000612
334 0.000615
335 0.000617
336 0.000620
337 0.000626
338 0.000629
339 0.000633
340 0.000633
341 0.000632
342 0.000634
343 0.000625
344 0.000622
345 0.000617
346 0.000614
347 0.000604
348 0.000597
349 0.000591
350 0.000585
351 0.000574
352 0.000569
353 0.000564
354 0.000551
355 0.000534
356 0.000526
357 0.000516
358 0.000516
359 0.000516
360 0.000520
361 0.000516
362 0.000514
363 0.000518
364 0.000520
365 0.000517
366 0.000514
367 0.000499
368 0.000486
369 0.000478
370 0.000473
371 0.000462
372 0.000460
373 0.000453
374 0.000445
375 0.000438
376 0.000428
377 0.000425
378 0.000431
379 0.000433
380 0.000432
381 0.000436
382 0.000441
383 0.000437
384 0.000430
385 0.000422
386 0.000413
387 0.000400
388 0.000387
389 0.000375
390 0.000366
391 0.000359
392 0.000349
393 0.000339
394 0.000335
395 0.000336
396 0.000338
397 0.000347
398 0.000363
399 0.000376
400 0.000386
401 0.000393
402 0.000398
403 0.000397
404 0.000394
405 0.000390
406 0.000390
407 0.000389
408 0.000388
409 0.000384
410 0.000377
411 0.000372
412 0.000373
413 0.000383
414 0.000401
415 0.000411
416 0.000411
417 0.000409
418 0.000411
419 0.000413
420 0.000412
421 0.000417
422 0.000423
423 0.000431
424 0.000437
425 0.000439
426 0.000429
427 0.000416
428 0.000408
429 0.000404
430 0.000402
431 0.000401
432 0.000400
433 0.000389
434 0.000383
435 0.000381
436 0.000379
437 0.000379
438 0.000385
439 0.000389
440 0.000385
441 0.000383
442 0.000384
443 0.000392
444 0.000396
445 0.000395
446 0.000390
447 0.000390
448 0.000388
449 0.000391
450 0.000395
451 0.000396
452 0.000395
453 0.000392
454 0.000387
455 0.000377
456 0.000368
457 0.000361
458 0.000358
459 0.000359
460 0.000354
461 0.000344
462 0.000336
463 0.000321
464 0.000310
465 0.000302
466 0.000299
467 0.000299
468 0.000292
469 0.000286
470 0.000278
471 0.000280
472 0.000286
473 0.000294
474 0.000314
475 0.000333
476 0.000347
477 0.000361
478 0.000370
479 0.000386
480 0.000394
481 0.000402
482 0.000400
483 0.000400
484 0.000403
485 0.000402
486 0.000398
487 0.000396
488 0.000390
489 0.000382
490 0.000374
491 0.000366
492 0.000359
493 0.000354
494 0.000349
495 0.000346
496 0.000346
497 0.000339
498 0.000333
499 0.000328
500 0.000319
501 0.000314
502 0.000304
503 0.000297
504 0.000287
505 0.000284
506 0.000281
507 0.000277
508 0.000279
509 0.000279
510 0.000275
511 0.000265
512 0.000265
513 0.000262
514 0.000262
515 0.000269
516 0.000276
517 0.000282
518 0.000274
519 0.000266
520 0.000260
521 0.000251
522 0.000239
523 0.000238
524 0.000243
525 0.000246
526 0.000240
527 0.000232
528 0.000228
529 0.000226
530 0.000228
531 0.000227
532 0.000230
533 0.000242
534 0.000253
535 0.000261
536 0.000272
537 0.000284
538 0.000285
539 0.000281
540 0.000282
541 0.000281
542 0.000280
543 0.000276
544 0.000275
545 0.000273
546 0.000267
547 0.000263
548 0.000260
549 0.000258
550 0.000252
551 0.000242
552 0.000238
553 0.000239
554 0.000240
555 0.000238
556 0.000234
557 0.000228
558 0.000225
559 0.000226
560 0.000226
561 0.000230
562 0.000238
563 0.000235
564 0.000238
565 0.000246
566 0.000257
567 0.000265
568 0.000268
569 0.000281
570 0.000285
571 0.000289
572 0.000288
573 0.000286
574 0.000283
575 0.000282
576 0.000291
577 0.000290
578 0.000293
579 0.000299
580 0.000298
581 0.000301
582 0.000309
583 0.000316
584 0.000320
585 0.000328
586 0.000337
587 0.000333
588 0.000328
589 0.000321
590 0.000313
591 0.000302
592 0.000288
593 0.000276
594 0.000269
595 0.000262
596 0.000263
597 0.000265
598 0.000262
599 0.000257
600 0.000253
601 0.000252
602 0.000255
603 0.000262
604 0.000264
605 0.000266
606 0.000263
607 0.000263
608 0.000262
609 0.000269
610 0.000275
611 0.000281
612 0.000295
613 0.000307
614 0.000316
615 0.000327
616 0.000335
617 0.000347
618 0.000358
619 0.000369
620 0.000370
621 0.000366
622 0.000364
623 0.000363
624 0.000356
625 0.000349
626 0.000340
627 0.000335
628 0.000328
629 0.000324
630 0.000326
631 0.000327
632 0.000332
633 0.000338
634 0.000341
635 0.000339
636 0.000339
637 0.000338
638 0.000338
639 0.000335
640 0.000333
641 0.000335
642 0.000327
643 0.000323
644 0.000312
645 0.000310
646 0.000303
647 0.000301
648 0.000306
649 0.000306
650 0.000307
651 0.000306
652 0.000300
653 0.000303
654 0.000299
655 0.000293
656 0.000290
657 0.000288
658 0.000282
659 0.000273
660 0.000262
661 0.000250
662 0.000237
663 0.000227
664 0.000212
665 0.000191
666 0.000177
667 0.000163
668 0.000151
669 0.000143
670 0.000139
671 0.000137
672 0.000137
673 0.000129
674 0.000127
675 0.000128
676 0.000132
677 0.000133
678 0.000137
679 0.000136
680 0.000127
681 0.000123
682 0.000116
683 0.000107
684 0.000097
685 0.000090
686 0.000081
687 0.000074
688 0.000069
689 0.000060
690 0.000050
691 0.000041
692 0.000037
693 0.000031
694 0.000028
695 0.000025
696 0.000026
697 0.000019
698 0.000008
699 0.000002
700 -0.000000
701 -0.000001
702 0.000004
703 0.000006
704 0.000011
705 0.000012
706 0.000020
707 0.000021
708 0.000015
709 0.000015
710 0.000018
711 0.000022
712 0.000030
713 0.000030
714 0.000036
715 0.000034
716 0.000036
717 0.000041
718 0.000043
719 0.000051
720 0.000055
721 0.000060
722 0.000060
723 0.000057
724 0.000059
725 0.000057
726 0.000053
727 0.000052
728 0.000057
729 0.000061
730 0.000064
731 0.000065
732 0.000066
733 0.000069
734 0.000071
735 0.000082
736 0.000093
737 0.000101
738 0.000112
739 0.000119
740 0.000122
741 0.000126
742 0.000132
743 0.000134
744 0.000130
745 0.000133
746 0.000139
747 0.000141
748 0.000149
749 0.000151
750 0.000154
751 0.000156
752 0.000161
753 0.000164
754 0.000163
755 0.000163
756 0.000164
757 0.000161
758 0.000162
759 0.000161
760 0.000161
761 0.000166
762 0.000170
763 0.000176
764 0.000182
765 0.000189
766 0.000191
767 0.000190
768 0.000186
769 0.000189
770 0.000185
771 0.000184
772 0.000185
773 0.000187
774 0.000188
775 0.000184
776 0.000182
777 0.000180
778 0.000178
779 0.000176
780 0.000178
781 0.000179
782 0.000184
783 0.000186
784 0.000187
785 0.000186
786 0.000182
787 0.000171
788 0.000161
789 0.000151
790 0.000136
791 0.000125
792 0.000117
793 0.000110
794 0.000102
795 0.000096
796 0.000094
797 0.000084
798 0.000079
799 0.000073
800 0.000070
801 0.000070
802 0.000072
803 0.000071
804 0.000074
805 0.000070
806 0.000068
807 0.000069
808 0.000065
809 0.000067
