# i correlation
1 0.001649
2 0.001571
3 0.001499
4 0.001430
5 0.001378
6 0.001336
7 0.001304
8 0.001282
9 0.001264
10 0.001247
11 0.001227
12 0.001204
13 0.001178
14 0.001155
15 0.001142
16 0.001135
17 0.001137
18 0.001134
19 0.001131
20 0.001137
21 0.001139
22 0.001132
23 0.001123
24 0.001115
25 0.001110
26 0.001105
27 0.001112
28 0.001127
29 0.001142
30 0.001155
31 0.001152
32 0.001151
33 0.001143
34 0.001132
35 0.001123
36 0.001120
37 0.001127
38 0.001132
39 0.001134
40 0.001126
41 0.001118
42 0.001110
43 0.001111
44 0.001108
45 0.001113
46 0.001110
47 0.001104
48 0.001102
49 0.001093
50 0.001080
51 0.001074
52 0.001066
53 0.001055
54 0.001052
55 0.001051
56 0.001050
57 0.001053
58 0.001056
59 0.001054
60 0.001060
61 0.001066
62 0.001067
63 0.001067
64 0.001069
65 0.001075
66 0.001078
67 0.001074
68 0.001071
69 0.001061
70 0.001050
71 0.001045
72 0.001041
73 0.001042
74 0.001036
75 0.001040
76 0.001043
77 0.001051
78 0.001048
79 0.001045
80 0.001047
81 0.001052
82 0.001056
83 0.001063
84 0.001065
85 0.001061
86 0.001052
87 0.001039
88 0.001028
89 0.001018
90 0.001017
91 0.001021
92 0.001016
93 0.001017
94 0.001018
95 0.001008
96 0.000999
97 0.000999
98 0.000999
99 0.001010
100 0.001016
101 0.001022
102 0.001029
103 0.001031
104 0.001037
105 0.001042
106 0.001028
107 0.001013
108 0.001005
109 0.001002
110 0.000999
111 0.001001
112 0.001001
113 0.000997
114 0.000997
115 0.000997
116 0.000992
117 0.000986
118 0.000974
119 0.000962
120 0.000961
121 0.000957
122 0.000945
123 0.000944
124 0.000947
125 0.000949
126 0.000942
127 0.000936
128 0.000929
129 0.000925
130 0.000924
131 0.000922
132 0.000929
133 0.000929
134 0.000928
135 0.000916
136 0.000902
137 0.000895
138 0.000889
139 0.000892
140 0.000902
141 0.000917
142 0.000929
143 0.000931
144 0.000921
145 0.000914
146 0.000909
147 0.000905
148 0.000908
149 0.000923
150 0.000932
151 0.000941
152 0.000950
153 0.000953
154 0.000952
155 0.000947
156 0.000938
157 0.000929
158 0.000916
159 0.000904
160 0.000895
161 0.000888
162 0.000888
163 0.000888
164 0.000888
165 0.000885
166 0.000869
167 0.000851
168 0.000835
169 0.000827
170 0.000837
171 0.000846
172 0.000857
173 0.000866
174 0.000872
175 0.000874
176 0.000876
177 0.000869
178 0.000866
179 0.000858
180 0.000856
181 0.000850
182 0.000850
183 0.000847
184 0.000845
185 0.000851
186 0.000852
187 0.000851
188 0.000858
189 0.000857
190 0.000860
191 0.000864
192 0.000869
193 0.000875
194 0.000871
195 0.000861
196 0.000850
197 0.000836
198 0.000825
199 0.000812
200 0.000805
201 0.000797
202 0.000798
203 0.000797
204 0.000791
205 0.000782
206 0.000772
207 0.000770
208 0.000772
209 0.000779
210 0.000784
211 0.000787
212 0.000777
213 0.000775
214 0.000774
215 0.000776
216 0.000777
217 0.000773
218 0.000773
219 0.000778
220 0.000781
221 0.000781
222 0.000788
223 0.000788
224 0.000779
225 0.000778
226 0.000775
227 0.000763
228 0.000751
229 0.000740
230 0.000732
231 0.000728
232 0.000725
233 0.000724
234 0.000710
235 0.000697
236 0.000694
237 0.000692
238 0.000688
239 0.000691
240 0.000698
241 0.000705
242 0.000703
243 0.000702
244 0.000691
245 0.000681
246 0.000675
247 0.000673
248 0.000670
249 0.000671
250 0.000675
251 0.000678
252 0.000676
253 0.000681
254 0.000688
255 0.000690
256 0.000695
257 0.000696
258 0.000701
259 0.000702
260 0.000695
261 0.000695
262 0.000690
263 0.000682
264 0.000676
265 0.000665
266 0.000657
267 0.000651
268 0.000643
269 0.000637
270 0.000638
271 0.000640
272 0.000633
273 0.000624
274 0.000623
275 0.000628
276 0.000639
277 0.000646
278 0.000646
279 0.000650
280 0.000656
281 0.000656
282 0.000655
283 0.000645
284 0.000640
285 0.000634
286 0.000624
287 0.000612
288 0.000608
289 0.000600
290 0.000594
291 0.000591
292 0.000587
293 0.000584
294 0.000580
295 0.000576
296 0.000570
297 0.000562
298 0.000556
299 0.000554
300 0.000550
301 0.000543
302 0.000535
303 0.000532
304 0.000538
305 0.000551
306 0.000555
307 0.000559
308 0.000560
309 0.000559
310 0.000557
311 0.000551
312 0.000551
313 0.000555
314 0.000560
315 0.000563
316 0.000562
317 0.000561
318 0.000553
319 0.000545
320 0.000537
321 0.000528
322 0.000524
323 0.000518
324 0.000520
325 0.000521
326 0.000524
327 0.000536
328 0.000546
329 0.000544
330 0.000544
331 0.000546
332 0.000543
333 0.000545
334 0.000551
335 0.000550
336 0.000551
337 0.000553
338 0.000552
339 0.000542
340 0.000533
341 0.000525
342 0.000524
343 0.000526
344 0.000526
345 0.000531
346 0.000533
347 0.000530
348 0.000520
349 0.000517
350 0.000515
351 0.000510
352 0.000510
353 0.000508
354 0.000508
355 0.000505
356 0.000505
357 0.000505
358 0.000507
359 0.000504
360 0.000503
361 0.000506
362 0.000505
363 0.000505
364 0.000506
365 0.000511
366 0.000515
367 0.000514
368 0.000506
369 0.000492
370 0.000479
371 0.000473
372 0.000466
373 0.000463
374 0.000461
375 0.000458
376 0.000465
377 0.000460
378 0.000452
379 0.000454
380 0.000451
381 0.000448
382 0.000446
383 0.000446
384 0.000446
385 0.000444
386 0.000435
387 0.000423
388 0.000417
389 0.000412
390 0.000410
391 0.000409
392 0.000406
393 0.000400
394 0.000399
395 0.000401
396 0.000400
397 0.000400
398 0.000395
399 0.000383
400 0.000367
401 0.000359
402 0.000345
403 0.000334
404 0.000329
405 0.000325
406 0.000323
407 0.000320
408 0.000321
409 0.000324
410 0.000329
411 0.000336
412 0.000338
413 0.000344
414 0.000345
415 0.000339
416 0.000332
417 0.000323
418 0.000321
419 0.000329
420 0.000331
421 0.000336
422 0.000340
423 0.000339
424 0.000333
425 0.000332
426 0.000327
427 0.000320
428 0.000313
429 0.000312
430 0.000308
431 0.000305
432 0.000301
433 0.000301
434 0.000298
435 0.000294
436 0.000288
437 0.000285
438 0.000281
439 0.000282
440 0.000281
441 0.000282
442 0.000288
443 0.000289
444 0.000290
445 0.000290
446 0.000289
447 0.000296
448 0.000303
449 0.000314
450 0.000320
451 0.000326
452 0.000328
453 0.000328
454 0.000325
455 0.000325
456 0.000326
457 0.000322
458 0.000324
459 0.000322
460 0.000321
461 0.000317
462 0.000317
463 0.000315
464 0.000318
465 0.000323
466 0.000332
467 0.000337
468 0.000346
469 0.000353
470 0.000369
471 0.000374
472 0.000374
473 0.000371
474 0.000368
475 0.000357
476 0.000346
477 0.000338
478 0.000328
479 0.000323
480 0.000314
481 0.000307
482 0.000304
483 0.000298
484 0.000294
485 0.000294
486 0.000295
487 0.000302
488 0.000307
489 0.000309
490 0.000313
491 0.000317
492 0.000318
493 0.000319
494 0.000317
495 0.000316
496 0.000314
497 0.000309
498 0.000305
499 0.000299
500 0.000294
501 0.000284
502 0.000278
503 0.000273
504 0.000270
505 0.000268
506 0.000263
507 0.000265
508 0.000265
509 0.000264
510 0.000260
511 0.000252
512 0.000243
513 0.000242
514 0.000238
515 0.000237
516 0.000240
517 0.000242
518 0.000243
519 0.000250
520 0.000254
521 0.000256
522 0.000266
523 0.000277
524 0.000283
525 0.000294
526 0.000303
527 0.000303
528 0.000307
529 0.000307
530 0.000313
531 0.000316
532 0.000312
533 0.000305
534 0.000300
535 0.000297
536 0.000294
537 0.000292
538 0.000291
539 0.000287
540 0.000283
541 0.000275
542 0.000267
543 0.000262
544 0.000252
545 0.000238
546 0.000230
547 0.000225
548 0.000219
549 0.000216
550 0.000217
551 0.000219
552 0.000223
553 0.000237
554 0.000250
555 0.000262
556 0.000263
557 0.000261
558 0.000253
559 0.000250
560 0.000251
561 0.000258
562 0.000257
563 0.000260
564 0.000264
565 0.000265
566 0.000261
567 0.000259
568 0.000260
569 0.000260
570 0.000263
571 0.000268
572 0.000268
573 0.000272
574 0.000278
575 0.000278
576 0.000278
577 0.000267
578 0.000249
579 0.000229
580 0.000206
581 0.000193
582 0.000181
583 0.000172
584 0.000168
585 0.000165
586 0.000168
587 0.000172
588 0.000168
589 0.000164
590 0.000165
591 0.000164
592 0.000165
593 0.000165
594 0.000168
595 0.000168
596 0.000166
597 0.000164
598 0.000168
599 0.000173
600 0.000179
601 0.000183
602 0.000186
603 0.000190
604 0.000195
605 0.000196
606 0.000196
607 0.000203
608 0.000206
609 0.000204
610 0.000198
611 0.000191
612 0.000186
613 0.000181
614 0.000174
615 0.000172
616 0.000172
617 0.000170
618 0.000167
619 0.000169
620 0.000171
621 0.000173
622 0.000179
623 0.000183
624 0.000184
625 0.000181
626 0.000173
627 0.000167
628 0.000165
629 0.000160
630 0.000159
631 0.000155
632 0.000153
633 0.000153
634 0.000155
635 0.000153
636 0.000153
637 0.000152
638 0.000151
639 0.000150
640 0.000150
641 0.000153
642 0.000154
643 0.000156
644 0.000158
645 0.000160
646 0.000165
647 0.000166
648 0.000171
649 0.000170
650 0.000164
651 0.000162
652 0.000161
653 0.000157
654 0.000154
655 0.000155
656 0.000154
657 0.000146
658 0.000142
659 0.000137
660 0.000134
661 0.000128
662 0.000126
663 0.000117
664 0.000114
665 0.000112
666 0.000107
667 0.000101
668 0.000095
669 0.000089
670 0.000085
671 0.000085
672 0.000089
673 0.000094
674 0.000095
675 0.000103
676 0.000107
677 0.000110
678 0.000113
679 0.000111
680 0.000112
681 0.000115
682 0.000112
683 0.000110
684 0.000112
685 0.000117
686 0.000122
687 0.000129
688 0.000134
689 0.000137
690 0.000138
691 0.000137
692 0.000136
693 0.000135
694 0.000130
695 0.000126
696 0.000124
697 0.000117
698 0.000112
699 0.000109
700 0.000103
701 0.000104
702 0.000103
703 0.000099
704 0.000098
705 0.000097
706 0.000096
707 0.000100
708 0.000097
709 0.000094
710 0.000094
711 0.000096
712 0.000094
713 0.000096
714 0.000096
715 0.000095
716 0.000096
717 0.000095
718 0.000103
719 0.000107
720 0.000111
721 0.000115
722 0.000114
723 0.000114
724 0.000113
725 0.000111
726 0.000115
727 0.000117
728 0.000119
729 0.000118
730 0.000114
731 0.000111
732 0.000107
733 0.000105
734 0.000097
735 0.000095
736 0.000085
737 0.000081
738 0.000075
739 0.000074
740 0.000071
741 0.000069
742 0.000066
743 0.000061
744 0.000057
745 0.000056
746 0.000059
747 0.000063
748 0.000068
749 0.000072
750 0.000078
751 0.000080
752 0.000081
753 0.000082
754 0.000076
755 0.000071
756 0.000071
757 0.000072
758 0.000070
759 0.000069
760 0.000063
761 0.000056
762 0.000049
763 0.000046
764 0.000044
765 0.000041
766 0.000038
767 0.000036
768 0.000034
769 0.000036
770 0.000038
771 0.000038
772 0.000039
773 0.000038
774 0.000038
775 0.000040
776 0.000042
777 0.000046
778 0.000052
779 0.000059
780 0.000066
781 0.000072
782 0.000076
783 0.000081
784 0.000083
785 0.000084
786 0.000086
787 0.000089
788 0.000087
789 0.000087
790 0.000083
791 0.000075
792 0.000070
793 0.000068
794 0.000066
795 0.000063
796 0.000061
797 0.000055
798 0.000053
799 0.000048
800 0.000045
801 0.000044
802 0.000042
803 0.000040
804 0.000041
805 0.000041
806 0.000039
807 0.000038
808 0.000037
809 0.000034
