# i correlation
1 0.001933
2 0.001854
3 0.001781
4 0.001721
5 0.001674
6 0.001634
7 0.001607
8 0.001578
9 0.001550
10 0.001527
11 0.001509
12 0.001490
13 0.001469
14 0.001444
15 0.001420
16 0.001392
17 0.001363
18 0.001341
19 0.001330
20 0.001321
21 0.001306
22 0.001287
23 0.001269
24 0.001250
25 0.001236
26 0.001218
27 0.001203
28 0.001184
29 0.001170
30 0.001166
31 0.001174
32 0.001182
33 0.001184
34 0.001186
35 0.001181
36 0.001175
37 0.001164
38 0.001161
39 0.001164
40 0.001158
41 0.001152
42 0.001144
43 0.001140
44 0.001135
45 0.001129
46 0.001124
47 0.001122
48 0.001120
49 0.001121
50 0.001124
51 0.001124
52 0.001123
53 0.001122
54 0.001126
55 0.001124
56 0.001127
57 0.001120
58 0.001117
59 0.001114
60 0.001108
61 0.001106
62 0.001101
63 0.001103
64 0.001105
65 0.001099
66 0.001086
67 0.001072
68 0.001053
69 0.001036
70 0.001027
71 0.001025
72 0.001023
73 0.001016
74 0.001013
75 0.001006
76 0.001002
77 0.000993
78 0.000983
79 0.000969
80 0.000960
81 0.000949
82 0.000939
83 0.000935
84 0.000936
85 0.000932
86 0.000934
87 0.000932
88 0.000932
89 0.000927
90 0.000915
91 0.000904
92 0.000891
93 0.000874
94 0.000860
95 0.000856
96 0.000860
97 0.000863
98 0.000866
99 0.000858
100 0.000840
101 0.000824
102 0.000810
103 0.000807
104 0.000799
105 0.000798
106 0.000798
107 0.000803
108 0.000813
109 0.000827
110 0.000842
111 0.000854
112 0.000861
113 0.000863
114 0.000860
115 0.000855
116 0.000842
117 0.000838
118 0.000841
119 0.000844
120 0.000846
121 0.000844
122 0.000855
123 0.000872
124 0.000891
125 0.000897
126 0.000893
127 0.000888
128 0.000885
129 0.000879
130 0.000883
131 0.000881
132 0.000879
133 0.000875
134 0.000868
135 0.000865
136 0.000857
137 0.000855
138 0.000854
139 0.000860
140 0.000860
141 0.000855
142 0.000856
143 0.000855
144 0.000851
145 0.000848
146 0.000848
147 0.000846
148 0.000847
149 0.000847
150 0.000847
151 0.000844
152 0.000843
153 0.000849
154 0.000853
155 0.000856
156 0.000860
157 0.000856
158 0.000848
159 0.000847
160 0.000840
161 0.000834
162 0.000834
163 0.000831
164 0.000821
165 0.000817
166 0.000807
167 0.000796
168 0.000784
169 0.000773
170 0.000764
171 0.000755
172 0.000750
173 0.000760
174 0.000775
175 0.000786
176 0.000783
177 0.000773
178 0.000763
179 0.000754
180 0.000739
181 0.000735
182 0.000727
183 0.000713
184 0.000700
185 0.000693
186 0.000688
187 0.000687
188 0.000693
189 0.000711
190 0.000707
191 0.000701
192 0.000696
193 0.000697
194 0.000700
195 0.000707
196 0.000715
197 0.000715
198 0.000716
199 0.000708
200 0.000698
201 0.000693
202 0.000687
203 0.000681
204 0.000681
205 0.000685
206 0.000695
207 0.000699
208 0.000712
209 0.000723
210 0.000729
211 0.000732
212 0.000738
213 0.000745
214 0.000749
215 0.000749
216 0.000748
217 0.000755
218 0.000753
219 0.000749
220 0.000751
221 0.000743
222 0.000734
223 0.000731
224 0.000724
225 0.000713
226 0.000700
227 0.000685
228 0.000676
229 0.000671
230 0.000673
231 0.000667
232 0.000660
233 0.000653
234 0.000641
235 0.000629
236 0.000619
237 0.000619
238 0.000617
239 0.000620
240 0.000618
241 0.000615
242 0.000613
243 0.000609
244 0.000594
245 0.000589
246 0.000576
247 0.000562
248 0.000550
249 0.000540
250 0.000534
251 0.000531
252 0.000534
253 0.000544
254 0.000549
255 0.000554
256 0.000556
257 0.000558
258 0.000556
259 0.000549
260 0.000542
261 0.000541
262 0.000542
263 0.000547
264 0.000547
265 0.000548
266 0.000546
267 0.000543
268 0.000544
269 0.000551
270 0.000557
271 0.000560
272 0.000564
273 0.000575
274 0.000587
275 0.000589
276 0.000593
277 0.000596
278 0.000596
279 0.000590
280 0.000593
281 0.000594
282 0.000590
283 0.000587
284 0.000595
285 0.000602
286 0.000604
287 0.000612
288 0.000613
289 0.000613
290 0.000609
291 0.000600
292 0.000598
293 0.000594
294 0.000591
295 0.000596
296 0.000603
297 0.000609
298 0.000604
299 0.000595
300 0.000591
301 0.000592
302 0.000588
303 0.000586
304 0.000584
305 0.000583
306 0.000584
307 0.000589
308 0.000596
309 0.000600
310 0.000594
311 0.000586
312 0.000586
313 0.000587
314 0.000581
315 0.000579
316 0.000580
317 0.000581
318 0.000583
319 0.000588
320 0.000592
321 0.000593
322 0.000589
323 0.000581
324 0.000571
325 0.000559
326 0.000552
327 0.000550
328 0.000564
329 0.000572
330 0.000579
331 0.000578
332 0.000577
333 0.000571
334 0.000564
335 0.000563
336 0.000554
337 0.000546
338 0.000541
339 0.000533
340 0.000536
341 0.000547
342 0.000555
343 0.000556
344 0.000558
345 0.000557
346 0.000552
347 0.000549
348 0.000557
349 0.000567
350 0.000578
351 0.000593
352 0.000613
353 0.000627
354 0.000641
355 0.000654
356 0.000662
357 0.000662
358 0.000654
359 0.000641
360 0.000627
361 0.000621
362 0.000624
363 0.000628
364 0.000631
365 0.000630
366 0.000622
367 0.000619
368 0.000617
369 0.000617
370 0.000616
371 0.000611
372 0.000603
373 0.000596
374 0.000584
375 0.000571
376 0.000557
377 0.000545
378 0.000531
379 0.000518
380 0.000510
381 0.000503
382 0.000495
383 0.000488
384 0.000478
385 0.000471
386 0.000462
387 0.000456
388 0.000455
389 0.000456
390 0.000455
391 0.000453
392 0.000453
393 0.000462
394 0.000475
395 0.000483
396 0.000489
397 0.000487
398 0.000492
399 0.000497
400 0.000501
401 0.000508
402 0.000521
403 0.000529
404 0.000537
405 0.000544
406 0.000556
407 0.000565
408 0.000571
409 0.000577
410 0.000579
411 0.000582
412 0.000588
413 0.000596
414 0.000602
415 0.000610
416 0.000619
417 0.000626
418 0.000633
419 0.000644
420 0.000656
421 0.000663
422 0.000664
423 0.000658
424 0.000651
425 0.000641
426 0.000641
427 0.000639
428 0.000644
429 0.000649
430 0.000646
431 0.000646
432 0.000646
433 0.000647
434 0.000646
435 0.000635
436 0.000628
437 0.000619
438 0.000615
439 0.000616
440 0.000618
441 0.000619
442 0.000620
443 0.000627
444 0.000625
445 0.000618
446 0.000609
447 0.000602
448 0.000596
449 0.000591
450 0.000587
451 0.000588
452 0.000596
453 0.000598
454 0.000600
455 0.000600
456 0.000589
457 0.000573
458 0.000560
459 0.000551
460 0.000541
461 0.000530
462 0.000523
463 0.000516
464 0.000505
465 0.000501
466 0.000502
467 0.000503
468 0.000500
469 0.000493
470 0.000486
471 0.000478
472 0.000470
473 0.000463
474 0.000458
475 0.000460
476 0.000463
477 0.000465
478 0.000468
479 0.000471
480 0.000477
481 0.000476
482 0.000482
483 0.000487
484 0.000495
485 0.000497
486 0.000498
487 0.000497
488 0.000497
489 0.000491
490 0.000486
491 0.000480
492 0.000471
493 0.000466
494 0.000462
495 0.000456
496 0.000447
497 0.000443
498 0.000439
499 0.000427
500 0.000415
501 0.000403
502 0.000397
503 0.000392
504 0.000395
505 0.000401
506 0.000406
507 0.000409
508 0.000411
509 0.000413
510 0.000415
511 0.000411
512 0.000401
513 0.000394
514 0.000390
515 0.000387
516 0.000385
517 0.000387
518 0.000389
519 0.000385
520 0.000379
521 0.000371
522 0.000357
523 0.000351
524 0.000345
525 0.000343
526 0.000347
527 0.000353
528 0.000350
529 0.000355
530 0.000359
531 0.000363
532 0.000360
533 0.000347
534 0.000335
535 0.000319
536 0.000308
537 0.000300
538 0.000300
539 0.000300
540 0.000302
541 0.000307
542 0.000312
543 0.000320
544 0.000327
545 0.000332
546 0.000336
547 0.000335
548 0.000329
549 0.000326
550 0.000325
551 0.000323
552 0.000328
553 0.000325
554 0.000322
555 0.000317
556 0.000312
557 0.000307
558 0.000306
559 0.000306
560 0.000304
561 0.000307
562 0.000308
563 0.000312
564 0.000314
565 0.000318
566 0.000321
567 0.000322
568 0.000325
569 0.000330
570 0.000337
571 0.000344
572 0.000353
573 0.000357
574 0.000360
575 0.000359
576 0.000361
577 0.000367
578 0.000369
579 0.000369
580 0.000363
581 0.000364
582 0.000370
583 0.000373
584 0.000369
585 0.000367
586 0.000363
587 0.000359
588 0.000353
589 0.000346
590 0.000337
591 0.000331
592 0.000326
593 0.000322
594 0.000324
595 0.000324
596 0.000321
597 0.000320
598 0.000313
599 0.000303
600 0.000293
601 0.000286
602 0.000280
603 0.000278
604 0.000275
605 0.000272
606 0.000268
607 0.000267
608 0.000270
609 0.000268
610 0.000269
611 0.000267
612 0.000267
613 0.000267
614 0.000262
615 0.000270
616 0.000272
617 0.000279
618 0.000283
619 0.000283
620 0.000279
621 0.000273
622 0.000271
623 0.000268
624 0.000264
625 0.000264
626 0.000267
627 0.000270
628 0.000276
629 0.000277
630 0.000278
631 0.000280
632 0.000288
633 0.000296
634 0.000303
635 0.000306
636 0.000311
637 0.000317
638 0.000322
639 0.000323
640 0.000321
641 0.000323
642 0.000322
643 0.000321
644 0.000317
645 0.000308
646 0.000296
647 0.000283
648 0.000271
649 0.000268
650 0.000268
651 0.000270
652 0.000267
653 0.000267
654 0.000265
655 0.000258
656 0.000252
657 0.000248
658 0.000242
659 0.000242
660 0.000239
661 0.000233
662 0.000224
663 0.000218
664 0.000210
665 0.000203
666 0.000197
667 0.000191
668 0.000189
669 0.000189
670 0.000187
671 0.000188
672 0.000187
673 0.000183
674 0.000178
675 0.000174
676 0.000170
677 0.000165
678 0.000158
679 0.000150
680 0.000144
681 0.000135
682 0.000127
683 0.000122
684 0.000116
685 0.000113
686 0.000112
687 0.000109
688 0.000104
689 0.000099
690 0.000096
691 0.000099
692 0.000100
693 0.000103
694 0.000102
695 0.000103
696 0.000105
697 0.000109
698 0.000107
699 0.000109
700 0.000113
701 0.000114
702 0.000116
703 0.000115
704 0.000113
705 0.000113
706 0.000117
707 0.000120
708 0.000119
709 0.000119
710 0.000115
711 0.000112
712 0.000110
713 0.000109
714 0.000108
715 0.000106
716 0.000104
717 0.000099
718 0.000096
719 0.000090
720 0.000088
721 0.000089
722 0.000088
723 0.000092
724 0.000097
725 0.000104
726 0.000107
727 0.000110
728 0.000110
729 0.000107
730 0.000106
731 0.000104
732 0.000101
733 0.000095
734 0.000090
735 0.000088
736 0.000089
737 0.000088
738 0.000084
739 0.000082
740 0.000079
741 0.000079
742 0.000076
743 0.000072
744 0.000065
745 0.000061
746 0.000062
747 0.000066
748 0.000070
749 0.000072
750 0.000077
751 0.000082
752 0.000085
753 0.000083
754 0.000076
755 0.000072
756 0.000070
757 0.000071
758 0.000072
759 0.000072
760 0.000072
761 0.000075
762 0.000083
763 0.000091
764 0.000103
765 0.000105
766 0.000108
767 0.000113
768 0.000115
769 0.000117
770 0.000117
771 0.000121
772 0.000128
773 0.000130
774 0.000134
775 0.000136
776 0.000138
777 0.000141
778 0.000147
779 0.000155
780 0.000159
781 0.000163
782 0.000168
783 0.000175
784 0.000184
785 0.000191
786 0.000196
787 0.000201
788 0.000201
789 0.000201
790 0.000202
791 0.000202
792 0.000203
793 0.000204
794 0.000208
795 0.000209
796 0.000208
797 0.000207
798 0.000204
799 0.000199
800 0.000196
801 0.000195
802 0.000194
803 0.000189
804 0.000184
805 0.000181
806 0.000180
807 0.000178
808 0.000173
809 0.000166
