# i correlation
1 0.001985
2 0.001905
3 0.001840
4 0.001787
5 0.001746
6 0.001703
7 0.001662
8 0.001638
9 0.001616
10 0.001590
11 0.001570
12 0.001549
13 0.001532
14 0.001516
15 0.001500
16 0.001481
17 0.001467
18 0.001449
19 0.001432
20 0.001410
21 0.001390
22 0.001376
23 0.001361
24 0.001362
25 0.001355
26 0.001350
27 0.001349
28 0.001346
29 0.001353
30 0.001355
31 0.001352
32 0.001351
33 0.001343
34 0.001336
35 0.001320
36 0.001310
37 0.001298
38 0.001287
39 0.001273
40 0.001264
41 0.001256
42 0.001246
43 0.001231
44 0.001214
45 0.001201
46 0.001200
47 0.001199
48 0.001190
49 0.001175
50 0.001164
51 0.001164
52 0.001158
53 0.001146
54 0.001132
55 0.001126
56 0.001112
57 0.001100
58 0.001089
59 0.001081
60 0.001082
61 0.001084
62 0.001088
63 0.001090
64 0.001086
65 0.001086
66 0.001085
67 0.001088
68 0.001090
69 0.001092
70 0.001097
71 0.001105
72 0.001109
73 0.001107
74 0.001097
75 0.001095
76 0.001098
77 0.001097
78 0.001089
79 0.001081
80 0.001079
81 0.001072
82 0.001057
83 0.001043
84 0.001034
85 0.001033
86 0.001025
87 0.001023
88 0.001020
89 0.001021
90 0.001020
91 0.001016
92 0.001024
93 0.001019
94 0.001016
95 0.001001
96 0.000984
97 0.000971
98 0.000964
99 0.000957
100 0.000958
101 0.000965
102 0.000971
103 0.000976
104 0.000970
105 0.000961
106 0.000947
107 0.000941
108 0.000937
109 0.000933
110 0.000925
111 0.000924
112 0.000921
113 0.000926
114 0.000924
115 0.000913
116 0.000915
117 0.000917
118 0.000919
119 0.000920
120 0.000916
121 0.000914
122 0.000918
123 0.000924
124 0.000924
125 0.000920
126 0.000909
127 0.000899
128 0.000892
129 0.000884
130 0.000880
131 0.000877
132 0.000869
133 0.000865
134 0.000860
135 0.000859
136 0.000857
137 0.000851
138 0.000847
139 0.000847
140 0.000850
141 0.000853
142 0.000856
143 0.000858
144 0.000862
145 0.000865
146 0.000871
147 0.000871
148 0.000869
149 0.000866
150 0.000868
151 0.000875
152 0.000891
153 0.000903
154 0.000911
155 0.000918
156 0.000923
157 0.000927
158 0.000926
159 0.000921
160 0.000920
161 0.000919
162 0.000916
163 0.000914
164 0.000913
165 0.000913
166 0.000903
167 0.000889
168 0.000872
169 0.000863
170 0.000854
171 0.000848
172 0.000846
173 0.000841
174 0.000831
175 0.000821
176 0.000808
177 0.000799
178 0.000797
179 0.000792
180 0.000796
181 0.000799
182 0.000808
183 0.000806
184 0.000806
185 0.000804
186 0.000801
187 0.000792
188 0.000784
189 0.000778
190 0.000771
191 0.000764
192 0.000755
193 0.000750
194 0.000750
195 0.000747
196 0.000738
197 0.000734
198 0.000723
199 0.000714
200 0.000696
201 0.000684
202 0.000672
203 0.000664
204 0.000656
205 0.000652
206 0.000652
207 0.000645
208 0.000638
209 0.000640
210 0.000640
211 0.000641
212 0.000641
213 0.000641
214 0.000641
215 0.000648
216 0.000648
217 0.000646
218 0.000642
219 0.000640
220 0.000639
221 0.000636
222 0.000635
223 0.000629
224 0.000630
225 0.000632
226 0.000630
227 0.000627
228 0.000628
229 0.000625
230 0.000622
231 0.000618
232 0.000609
233 0.000610
234 0.000604
235 0.000594
236 0.000592
237 0.000592
238 0.000590
239 0.000585
240 0.000576
241 0.000572
242 0.000571
243 0.000565
244 0.000569
245 0.000567
246 0.000565
247 0.000570
248 0.000571
249 0.000578
250 0.000581
251 0.000583
252 0.000583
253 0.000581
254 0.000581
255 0.000583
256 0.000585
257 0.000584
258 0.000583
259 0.000580
260 0.000573
261 0.000575
262 0.000579
263 0.000579
264 0.000576
265 0.000573
266 0.000576
267 0.000572
268 0.000567
269 0.000558
270 0.000548
271 0.000539
272 0.000532
273 0.000523
274 0.000521
275 0.000516
276 0.000518
277 0.000518
278 0.000518
279 0.000519
280 0.000523
281 0.000527
282 0.000532
283 0.000529
284 0.000532
285 0.000537
286 0.000545
287 0.000547
288 0.000537
289 0.000531
290 0.000527
291 0.000533
292 0.000534
293 0.000537
294 0.000535
295 0.000534
296 0.000536
297 0.000537
298 0.000546
299 0.000556
300 0.000557
301 0.000546
302 0.000536
303 0.000527
304 0.000527
305 0.000519
306 0.000511
307 0.000499
308 0.000489
309 0.000483
310 0.000477
311 0.000469
312 0.000457
313 0.000444
314 0.000430
315 0.000416
316 0.000412
317 0.000412
318 0.000419
319 0.000427
320 0.000432
321 0.000434
322 0.000431
323 0.000432
324 0.000429
325 0.000423
326 0.000417
327 0.000415
328 0.000414
329 0.000417
330 0.000413
331 0.000402
332 0.000410
333 0.000425
334 0.000438
335 0.000440
336 0.000439
337 0.000439
338 0.000442
339 0.000443
340 0.000435
341 0.000430
342 0.000423
343 0.000419
344 0.000416
345 0.000414
346 0.000411
347 0.000414
348 0.000411
349 0.000406
350 0.000399
351 0.000395
352 0.000387
353 0.000377
354 0.000361
355 0.000346
356 0.000339
357 0.000336
358 0.000329
359 0.000323
360 0.000316
361 0.000318
362 0.000321
363 0.000325
364 0.000327
365 0.000329
366 0.000333
367 0.000345
368 0.000355
369 0.000357
370 0.000356
371 0.000368
372 0.000379
373 0.000389
374 0.000401
375 0.000416
376 0.000429
377 0.000436
378 0.000436
379 0.000442
380 0.000451
381 0.000455
382 0.000445
383 0.000437
384 0.000432
385 0.000439
386 0.000436
387 0.000431
388 0.000425
389 0.000417
390 0.000409
391 0.000403
392 0.000393
393 0.000392
394 0.000395
395 0.000397
396 0.000404
397 0.000406
398 0.000409
399 0.000415
400 0.000422
401 0.000422
402 0.000420
403 0.000419
404 0.000420
405 0.000424
406 0.000419
407 0.000411
408 0.000409
409 0.000410
410 0.000418
411 0.000418
412 0.000410
413 0.000409
414 0.000410
415 0.000407
416 0.000397
417 0.000391
418 0.000384
419 0.000380
420 0.000373
421 0.000366
422 0.000366
423 0.000361
424 0.000353
425 0.000343
426 0.000339
427 0.000339
428 0.000341
429 0.000338
430 0.000335
431 0.000338
432 0.000338
433 0.000333
434 0.000334
435 0.000332
436 0.000330
437 0.000331
438 0.000328
439 0.000327
440 0.000326
441 0.000328
442 0.000326
443 0.000323
444 0.000320
445 0.000319
446 0.000323
447 0.000321
448 0.000322
449 0.000324
450 0.000331
451 0.000343
452 0.000353
453 0.000357
454 0.000353
455 0.000344
456 0.000343
457 0.000344
458 0.000341
459 0.000337
460 0.000334
461 0.000331
462 0.000327
463 0.000326
464 0.000329
465 0.000338
466 0.000345
467 0.000342
468 0.000340
469 0.000342
470 0.000344
471 0.000343
472 0.000341
473 0.000338
474 0.000334
475 0.000337
476 0.000337
477 0.000334
478 0.000327
479 0.000321
480 0.000315
481 0.000316
482 0.000317
483 0.000318
484 0.000313
485 0.000310
486 0.000307
487 0.000304
488 0.000308
489 0.000307
490 0.000315
491 0.000318
492 0.000324
493 0.000328
494 0.000333
495 0.000330
496 0.000327
497 0.000322
498 0.000319
499 0.000316
500 0.000311
501 0.000302
502 0.000299
503 0.000296
504 0.000297
505 0.000300
506 0.000302
507 0.000304
508 0.000307
509 0.000306
510 0.000298
511 0.000293
512 0.000287
513 0.000280
514 0.000273
515 0.000266
516 0.000261
517 0.000254
518 0.000246
519 0.000243
520 0.000242
521 0.000247
522 0.000249
523 0.000252
524 0.000259
525 0.000257
526 0.000261
527 0.000263
528 0.000266
529 0.000268
530 0.000274
531 0.000278
532 0.000283
533 0.000284
534 0.000278
535 0.000278
536 0.000278
537 0.000280
538 0.000291
539 0.000295
540 0.000307
541 0.000313
542 0.000318
543 0.000321
544 0.000319
545 0.000323
546 0.000322
547 0.000315
548 0.000309
549 0.000300
550 0.000296
551 0.000288
552 0.000280
553 0.000277
554 0.000280
555 0.000284
556 0.000286
557 0.000295
558 0.000302
559 0.000307
560 0.000314
561 0.000318
562 0.000326
563 0.000332
564 0.000329
565 0.000324
566 0.000323
567 0.000324
568 0.000325
569 0.000322
570 0.000322
571 0.000321
572 0.000318
573 0.000315
574 0.000314
575 0.000310
576 0.000306
577 0.000304
578 0.000299
579 0.000295
580 0.000291
581 0.000283
582 0.000282
583 0.000274
584 0.000270
585 0.000271
586 0.000273
587 0.000267
588 0.000262
589 0.000254
590 0.000250
591 0.000250
592 0.000250
593 0.000252
594 0.000250
595 0.000249
596 0.000242
597 0.000240
598 0.000237
599 0.000233
600 0.000230
601 0.000229
602 0.000226
603 0.000224
604 0.000221
605 0.000221
606 0.000220
607 0.000216
608 0.000218
609 0.000216
610 0.000216
611 0.000218
612 0.000221
613 0.000224
614 0.000225
615 0.000225
616 0.000230
617 0.000232
618 0.000237
619 0.000241
620 0.000239
621 0.000239
622 0.000238
623 0.000242
624 0.000243
625 0.000245
626 0.000243
627 0.000244
628 0.000244
629 0.000246
630 0.000253
631 0.000256
632 0.000264
633 0.000272
634 0.000274
635 0.000274
636 0.000270
637 0.000268
638 0.000271
639 0.000270
640 0.000268
641 0.000259
642 0.000245
643 0.000237
644 0.000232
645 0.000224
646 0.000220
647 0.000219
648 0.000221
649 0.000220
650 0.000217
651 0.000214
652 0.000209
653 0.000208
654 0.000201
655 0.000194
656 0.000193
657 0.000192
658 0.000187
659 0.000187
660 0.000188
661 0.000191
662 0.000199
663 0.000202
664 0.000203
665 0.000211
666 0.000221
667 0.000225
668 0.000225
669 0.000215
670 0.000208
671 0.000204
672 0.000199
673 0.000196
674 0.000190
675 0.000183
676 0.000178
677 0.000170
678 0.000168
679 0.000163
680 0.000162
681 0.000160
682 0.000155
683 0.000152
684 0.000154
685 0.000156
686 0.000157
687 0.000157
688 0.000149
689 0.000137
690 0.000128
691 0.000118
692 0.000108
693 0.000107
694 0.000105
695 0.000110
696 0.000111
697 0.000114
698 0.000110
699 0.000111
700 0.000112
701 0.000112
702 0.000111
703 0.000110
704 0.000110
705 0.000107
706 0.000104
707 0.000097
708 0.000093
709 0.000093
710 0.000091
711 0.000088
712 0.000088
713 0.000088
714 0.000090
715 0.000094
716 0.000090
717 0.000088
718 0.000086
719 0.000088
720 0.000089
721 0.000092
722 0.000097
723 0.000099
724 0.000107
725 0.000111
726 0.000114
727 0.000118
728 0.000122
729 0.000123
730 0.000128
731 0.000127
732 0.000129
733 0.000136
734 0.000137
735 0.000140
736 0.000138
737 0.000137
738 0.000142
739 0.000147
740 0.000143
741 0.000144
742 0.000144
743 0.000144
744 0.000146
745 0.000144
746 0.000141
747 0.000138
748 0.000137
749 0.000135
750 0.000131
751 0.000129
752 0.000133
753 0.000137
754 0.000138
755 0.000141
756 0.000145
757 0.000147
758 0.000145
759 0.000139
760 0.000136
761 0.000130
762 0.000125
763 0.000124
764 0.000124
765 0.000122
766 0.000120
767 0.000118
768 0.000118
769 0.000118
770 0.000120
771 0.000120
772 0.000126
773 0.000134
774 0.000140
775 0.000145
776 0.000150
777 0.000154
778 0.000158
779 0.000164
780 0.000167
781 0.000171
782 0.000176
783 0.000175
784 0.000172
785 0.000174
786 0.000176
787 0.000181
788 0.000184
789 0.000188
790 0.000193
791 0.000199
792 0.000202
793 0.000203
794 0.000204
795 0.000203
796 0.000207
797 0.000209
798 0.000211
799 0.000214
800 0.000214
801 0.000213
802 0.000211
803 0.000209
804 0.000212
805 0.000211
806 0.000212
807 0.000214
808 0.000214
809 0.000212
