# time covered_sites
0.010000 13374.000000
0.020000 25578.000000
0.030000 36120.000000
0.040000 45198.000000
0.050000 52908.000000
0.060000 60058.000000
0.070000 66038.000000
0.080000 71152.000000
0.090000 75648.000000
0.100000 79624.000000
0.110000 82832.000000
0.120000 85950.000000
0.130000 88294.000000
0.140000 90626.000000
0.150000 92268.000000
0.160000 93684.000000
0.170000 95074.000000
0.180000 96792.000000
0.190000 98028.000000
0.200000 98844.000000
0.210000 99596.000000
0.220000 100014.000000
0.230000 101012.000000
0.240000 101738.000000
0.250000 102050.000000
0.260000 102368.000000
0.270000 103050.000000
0.280000 103410.000000
0.290000 103664.000000
0.300000 104108.000000
0.310000 104164.000000
0.320000 104706.000000
0.330000 104750.000000
0.340000 105268.000000
0.350000 105514.000000
0.360000 105470.000000
0.370000 105678.000000
0.380000 105814.000000
0.390000 105954.000000
0.400000 106352.000000
0.410000 106736.000000
0.420000 106708.000000
0.430000 106726.000000
0.440000 106858.000000
0.450000 107178.000000
0.460000 107176.000000
0.470000 107044.000000
0.480000 107392.000000
0.490000 107246.000000
0.500000 107196.000000
0.510000 107352.000000
0.520000 107500.000000
0.530000 107586.000000
0.540000 107634.000000
0.550000 107594.000000
0.560000 107732.000000
0.570000 107736.000000
0.580000 107616.000000
0.590000 107576.000000
0.600000 107624.000000
0.610000 107830.000000
0.620000 108104.000000
0.630000 108186.000000
0.640000 108260.000000
0.650000 108306.000000
0.660000 108548.000000
0.670000 108618.000000
0.680000 108434.000000
0.690000 108730.000000
0.700000 108694.000000
0.710000 108538.000000
0.720000 108784.000000
0.730000 108960.000000
0.740000 109352.000000
0.750000 109298.000000
0.760000 108966.000000
0.770000 109184.000000
0.780000 109346.000000
0.790000 109618.000000
0.800000 109756.000000
0.810000 109762.000000
0.820000 109634.000000
0.830000 109756.000000
0.840000 109956.000000
0.850000 109872.000000
0.860000 109914.000000
0.870000 109706.000000
0.880000 109562.000000
0.890000 109540.000000
0.900000 109614.000000
0.910000 109566.000000
0.920000 109422.000000
0.930000 109468.000000
0.940000 109356.000000
0.950000 109518.000000
0.960000 109424.000000
0.970000 109418.000000
0.980000 109606.000000
0.990000 109962.000000
1.000000 109838.000000
1.010000 109744.000000
1.020000 109614.000000
1.030000 109726.000000
1.040000 110026.000000
1.050000 109830.000000
1.060000 109898.000000
1.070000 109830.000000
1.080000 110080.000000
1.090000 109918.000000
1.100000 110096.000000
1.110000 110054.000000
1.120000 110346.000000
1.130000 110306.000000
1.140000 110200.000000
1.150000 110122.000000
1.160000 110252.000000
1.170000 110184.000000
1.180000 110184.000000
1.190000 110534.000000
1.200000 110600.000000
1.210000 110854.000000
1.220000 110792.000000
1.230000 110556.000000
1.240000 110642.000000
1.250000 110748.000000
1.260000 110646.000000
1.270000 110646.000000
1.280000 110592.000000
1.290000 110490.000000
1.300000 110380.000000
1.310000 110434.000000
1.320000 110230.000000
1.330000 110516.000000
1.340000 110414.000000
1.350000 110170.000000
1.360000 110218.000000
1.370000 110308.000000
1.380000 110234.000000
1.390000 110470.000000
1.400000 110388.000000
1.410000 110264.000000
1.420000 110236.000000
1.430000 110150.000000
1.440000 110216.000000
1.450000 110178.000000
1.460000 110292.000000
1.470000 110424.000000
1.480000 110310.000000
1.490000 110330.000000
1.500000 110500.000000
1.510000 110570.000000
1.520000 110892.000000
1.530000 110804.000000
1.540000 110952.000000
1.550000 110560.000000
1.560000 110816.000000
1.570000 110608.000000
1.580000 110526.000000
1.590000 110410.000000
1.600000 110328.000000
1.610000 110118.000000
1.620000 110336.000000
1.630000 110160.000000
1.640000 110368.000000
1.650000 110226.000000
1.660000 110018.000000
1.670000 110090.000000
1.680000 110082.000000
1.690000 109932.000000
1.700000 110010.000000
1.710000 110234.000000
1.720000 110206.000000
1.730000 110454.000000
1.740000 110274.000000
1.750000 110112.000000
1.760000 110368.000000
1.770000 110380.000000
1.780000 110084.000000
1.790000 110166.000000
1.800000 110076.000000
1.810000 110334.000000
1.820000 110308.000000
1.830000 110310.000000
1.840000 110282.000000
1.850000 110112.000000
1.860000 110020.000000
1.870000 109684.000000
1.880000 109448.000000
1.890000 109518.000000
1.900000 109788.000000
1.910000 109926.000000
1.920000 110140.000000
1.930000 110152.000000
1.940000 110048.000000
1.950000 110064.000000
1.960000 110180.000000
1.970000 110290.000000
1.980000 110122.000000
1.990000 110160.000000
2.000000 110342.000000
2.010000 110316.000000
2.020000 110284.000000
2.030000 110166.000000
2.040000 110368.000000
2.050000 110414.000000
2.060000 110226.000000
2.070000 110376.000000
2.080000 110344.000000
2.090000 110380.000000
2.100000 110436.000000
2.110000 109896.000000
2.120000 109828.000000
2.130000 109738.000000
2.140000 109984.000000
2.150000 109990.000000
2.160000 109850.000000
2.170000 109850.000000
2.180000 110056.000000
2.190000 110316.000000
2.200000 110324.000000
2.210000 110066.000000
2.220000 109988.000000
2.230000 110054.000000
2.240000 110310.000000
2.250000 110390.000000
2.260000 110404.000000
2.270000 110366.000000
2.280000 110762.000000
2.290000 110748.000000
2.300000 110526.000000
2.310000 110632.000000
2.320000 110652.000000
2.330000 110576.000000
2.340000 110470.000000
2.350000 110210.000000
2.360000 110118.000000
2.370000 109986.000000
2.380000 110130.000000
2.390000 110204.000000
2.400000 110182.000000
2.410000 110114.000000
2.420000 110084.000000
2.430000 110224.000000
2.440000 110344.000000
2.450000 110244.000000
2.460000 109992.000000
2.470000 110314.000000
2.480000 110528.000000
2.490000 110464.000000
2.500000 110630.000000
2.510000 110578.000000
2.520000 110378.000000
2.530000 110330.000000
2.540000 110422.000000
2.550000 110514.000000
2.560000 110790.000000
2.570000 110540.000000
2.580000 110508.000000
2.590000 110706.000000
2.600000 110626.000000
2.610000 110648.000000
2.620000 111078.000000
2.630000 111356.000000
2.640000 110640.000000
2.650000 110620.000000
2.660000 111090.000000
2.670000 111024.000000
2.680000 110786.000000
2.690000 110764.000000
2.700000 110836.000000
2.710000 110876.000000
2.720000 110894.000000
2.730000 110922.000000
2.740000 110746.000000
2.750000 110680.000000
2.760000 110618.000000
2.770000 110836.000000
2.780000 110674.000000
2.790000 110932.000000
2.800000 110776.000000
2.810000 110648.000000
2.820000 110838.000000
2.830000 110728.000000
2.840000 110692.000000
2.850000 110856.000000
2.860000 110956.000000
2.870000 110952.000000
2.880000 110846.000000
2.890000 110804.000000
2.900000 110784.000000
2.910000 110928.000000
2.920000 110766.000000
2.930000 110802.000000
2.940000 110860.000000
2.950000 110978.000000
2.960000 110976.000000
2.970000 110874.000000
2.980000 111050.000000
2.990000 110946.000000
3.000000 110886.000000
3.010000 110786.000000
3.020000 110772.000000
3.030000 110734.000000
3.040000 110794.000000
3.050000 110720.000000
3.060000 110744.000000
3.070000 110862.000000
3.080000 110996.000000
3.090000 111132.000000
3.100000 110862.000000
3.110000 110812.000000
3.120000 110632.000000
3.130000 110428.000000
3.140000 110326.000000
3.150000 110324.000000
3.160000 110498.000000
3.170000 110500.000000
3.180000 110470.000000
3.190000 110718.000000
3.200000 110790.000000
3.210000 110448.000000
3.220000 110414.000000
3.230000 110486.000000
3.240000 110424.000000
3.250000 110430.000000
3.260000 110314.000000
3.270000 110350.000000
3.280000 110698.000000
3.290000 110602.000000
3.300000 110668.000000
3.310000 110700.000000
3.320000 110878.000000
3.330000 110772.000000
3.340000 110814.000000
3.350000 110804.000000
3.360000 110612.000000
3.370000 110784.000000
3.380000 111012.000000
3.390000 111174.000000
3.400000 111140.000000
3.410000 111114.000000
3.420000 110954.000000
3.430000 110988.000000
3.440000 110880.000000
3.450000 110728.000000
3.460000 110722.000000
3.470000 110990.000000
3.480000 111132.000000
3.490000 111262.000000
3.500000 111430.000000
3.510000 111174.000000
3.520000 111010.000000
3.530000 110820.000000
3.540000 110920.000000
3.550000 110900.000000
3.560000 110782.000000
3.570000 110544.000000
3.580000 110614.000000
3.590000 110696.000000
3.600000 111008.000000
3.610000 111066.000000
3.620000 111324.000000
3.630000 111220.000000
3.640000 111036.000000
3.650000 111018.000000
3.660000 111172.000000
3.670000 111082.000000
3.680000 111018.000000
3.690000 110930.000000
3.700000 110822.000000
3.710000 110858.000000
3.720000 110876.000000
3.730000 110682.000000
3.740000 110640.000000
3.750000 110444.000000
3.760000 110422.000000
3.770000 110592.000000
3.780000 110672.000000
3.790000 110688.000000
3.800000 110742.000000
3.810000 110856.000000
3.820000 111042.000000
3.830000 110904.000000
3.840000 110866.000000
3.850000 111228.000000
3.860000 111242.000000
3.870000 111004.000000
3.880000 110784.000000
3.890000 110886.000000
3.900000 111146.000000
3.910000 111222.000000
3.920000 111170.000000
3.930000 110970.000000
3.940000 110766.000000
3.950000 110716.000000
3.960000 110856.000000
3.970000 110992.000000
3.980000 111032.000000
3.990000 111136.000000
4.000000 111090.000000
4.010000 110904.000000
4.020000 110934.000000
4.030000 110904.000000
4.040000 110778.000000
4.050000 111052.000000
4.060000 110712.000000
4.070000 110820.000000
4.080000 110930.000000
4.090000 111024.000000
4.100000 111024.000000
4.110000 110922.000000
4.120000 110778.000000
4.130000 110920.000000
4.140000 110914.000000
4.150000 111062.000000
4.160000 110718.000000
4.170000 111100.000000
4.180000 110976.000000
4.190000 111054.000000
4.200000 111012.000000
4.210000 111228.000000
4.220000 111376.000000
4.230000 111544.000000
4.240000 111330.000000
4.250000 111230.000000
4.260000 111266.000000
4.270000 111144.000000
4.280000 110942.000000
4.290000 110962.000000
4.300000 111032.000000
4.310000 111024.000000
4.320000 110990.000000
4.330000 111286.000000
4.340000 111392.000000
4.350000 111242.000000
4.360000 111008.000000
4.370000 111148.000000
4.380000 111186.000000
4.390000 111374.000000
4.400000 111362.000000
4.410000 111360.000000
4.420000 111382.000000
4.430000 111506.000000
4.440000 111450.000000
4.450000 111378.000000
4.460000 111092.000000
4.470000 111130.000000
4.480000 111250.000000
4.490000 111110.000000
4.500000 110900.000000
4.510000 110880.000000
4.520000 110618.000000
4.530000 110550.000000
4.540000 110362.000000
4.550000 110508.000000
4.560000 110568.000000
4.570000 110428.000000
4.580000 110616.000000
4.590000 110750.000000
4.600000 110742.000000
4.610000 110798.000000
4.620000 110800.000000
4.630000 110556.000000
4.640000 110930.000000
4.650000 110914.000000
4.660000 110850.000000
4.670000 110652.000000
4.680000 110534.000000
4.690000 110596.000000
4.700000 110706.000000
4.710000 110918.000000
4.720000 110782.000000
4.730000 110818.000000
4.740000 110796.000000
4.750000 110626.000000
4.760000 110504.000000
4.770000 110422.000000
4.780000 110506.000000
4.790000 110466.000000
4.800000 110406.000000
4.810000 110636.000000
4.820000 110738.000000
4.830000 110786.000000
4.840000 110852.000000
4.850000 111092.000000
4.860000 111212.000000
4.870000 111214.000000
4.880000 111136.000000
4.890000 111258.000000
4.900000 111220.000000
4.910000 111322.000000
4.920000 111414.000000
4.930000 111164.000000
4.940000 111140.000000
4.950000 111204.000000
4.960000 110666.000000
4.970000 110686.000000
4.980000 110838.000000
4.990000 110756.000000
5.000000 110712.000000
5.010000 110748.000000
5.020000 110726.000000
5.030000 110854.000000
5.040000 110726.000000
5.050000 110796.000000
5.060000 110942.000000
5.070000 111040.000000
5.080000 110912.000000
5.090000 110532.000000
5.100000 110748.000000
5.110000 110678.000000
5.120000 110622.000000
5.130000 110652.000000
5.140000 110868.000000
5.150000 110792.000000
5.160000 110934.000000
5.170000 110742.000000
5.180000 110974.000000
5.190000 110774.000000
5.200000 110926.000000
5.210000 110832.000000
5.220000 110732.000000
5.230000 110750.000000
5.240000 110642.000000
5.250000 110718.000000
5.260000 110942.000000
5.270000 110720.000000
5.280000 110912.000000
5.290000 110804.000000
5.300000 110654.000000
5.310000 110670.000000
5.320000 110710.000000
5.330000 110774.000000
5.340000 110928.000000
5.350000 111008.000000
5.360000 110866.000000
5.370000 110940.000000
5.380000 110724.000000
5.390000 110758.000000
5.400000 110626.000000
5.410000 110542.000000
5.420000 110536.000000
5.430000 110218.000000
5.440000 110612.000000
5.450000 110518.000000
5.460000 110562.000000
5.470000 110776.000000
5.480000 110658.000000
5.490000 110722.000000
5.500000 110786.000000
5.510000 110970.000000
5.520000 110972.000000
5.530000 111072.000000
5.540000 110822.000000
5.550000 110950.000000
5.560000 110804.000000
5.570000 110904.000000
5.580000 110740.000000
5.590000 110838.000000
5.600000 110602.000000
5.610000 110546.000000
5.620000 110660.000000
5.630000 110796.000000
5.640000 111074.000000
5.650000 111034.000000
5.660000 111070.000000
5.670000 110996.000000
5.680000 111012.000000
5.690000 111056.000000
5.700000 111106.000000
5.710000 111174.000000
5.720000 110916.000000
5.730000 111038.000000
5.740000 110810.000000
5.750000 110996.000000
5.760000 110962.000000
5.770000 110978.000000
5.780000 111022.000000
5.790000 110958.000000
5.800000 110818.000000
5.810000 110770.000000
5.820000 110658.000000
5.830000 110806.000000
5.840000 110840.000000
5.850000 110860.000000
5.860000 110878.000000
5.870000 111008.000000
5.880000 110866.000000
5.890000 110852.000000
5.900000 110886.000000
5.910000 111068.000000
5.920000 110902.000000
5.930000 110898.000000
5.940000 110986.000000
5.950000 110766.000000
5.960000 110688.000000
5.970000 110678.000000
5.980000 110416.000000
5.990000 110498.000000
6.000000 110486.000000
6.010000 110656.000000
6.020000 110742.000000
6.030000 110950.000000
6.040000 111044.000000
6.050000 111360.000000
6.060000 111212.000000
6.070000 111162.000000
6.080000 111398.000000
6.090000 111320.000000
6.100000 111162.000000
6.110000 111468.000000
6.120000 111672.000000
6.130000 111492.000000
6.140000 111484.000000
6.150000 111532.000000
6.160000 111476.000000
6.170000 111630.000000
6.180000 111696.000000
6.190000 111592.000000
6.200000 111570.000000
6.210000 111514.000000
6.220000 111560.000000
6.230000 111508.000000
6.240000 111428.000000
6.250000 111330.000000
6.260000 111250.000000
6.270000 110950.000000
6.280000 110890.000000
6.290000 110962.000000
6.300000 111016.000000
6.310000 110982.000000
6.320000 111434.000000
6.330000 111190.000000
6.340000 111160.000000
6.350000 111316.000000
6.360000 111294.000000
6.370000 111474.000000
6.380000 111328.000000
6.390000 111252.000000
6.400000 111042.000000
6.410000 111082.000000
6.420000 111108.000000
6.430000 110998.000000
6.440000 111358.000000
6.450000 111508.000000
6.460000 111302.000000
6.470000 111276.000000
6.480000 111216.000000
6.490000 110940.000000
6.500000 110696.000000
6.510000 110638.000000
6.520000 110840.000000
6.530000 110946.000000
6.540000 111048.000000
6.550000 111210.000000
6.560000 111066.000000
6.570000 111124.000000
6.580000 110766.000000
6.590000 110684.000000
6.600000 110720.000000
6.610000 110604.000000
6.620000 110446.000000
6.630000 110444.000000
6.640000 110422.000000
6.650000 110412.000000
6.660000 110462.000000
6.670000 110302.000000
6.680000 110144.000000
6.690000 110234.000000
6.700000 110088.000000
6.710000 110338.000000
6.720000 110362.000000
6.730000 110472.000000
6.740000 110330.000000
6.750000 110482.000000
6.760000 110502.000000
6.770000 110478.000000
6.780000 110678.000000
6.790000 110600.000000
6.800000 110720.000000
6.810000 110816.000000
6.820000 110850.000000
6.830000 110956.000000
6.840000 111260.000000
6.850000 111146.000000
6.860000 111218.000000
6.870000 111188.000000
6.880000 110992.000000
6.890000 110930.000000
6.900000 111146.000000
6.910000 111228.000000
6.920000 111248.000000
6.930000 111272.000000
6.940000 111464.000000
6.950000 111454.000000
6.960000 110964.000000
6.970000 110764.000000
6.980000 110690.000000
6.990000 110592.000000
7.000000 110734.000000
7.010000 110848.000000
7.020000 110970.000000
7.030000 110888.000000
7.040000 110654.000000
7.050000 110798.000000
7.060000 110900.000000
7.070000 110778.000000
7.080000 111018.000000
7.090000 111132.000000
7.100000 111180.000000
7.110000 110874.000000
7.120000 111034.000000
7.130000 111134.000000
7.140000 111126.000000
7.150000 111068.000000
7.160000 111050.000000
7.170000 111142.000000
7.180000 111130.000000
7.190000 111230.000000
7.200000 111262.000000
7.210000 111008.000000
7.220000 111012.000000
7.230000 111186.000000
7.240000 111178.000000
7.250000 111028.000000
7.260000 111104.000000
7.270000 110998.000000
7.280000 110956.000000
7.290000 111190.000000
7.300000 111388.000000
7.310000 111334.000000
7.320000 111474.000000
7.330000 111772.000000
7.340000 111906.000000
7.350000 111706.000000
7.360000 111328.000000
7.370000 111476.000000
7.380000 111540.000000
7.390000 111286.000000
7.400000 111178.000000
7.410000 111174.000000
7.420000 111290.000000
7.430000 111106.000000
7.440000 111016.000000
7.450000 110890.000000
7.460000 111074.000000
7.470000 111246.000000
7.480000 111128.000000
7.490000 111232.000000
7.500000 111210.000000
7.510000 111164.000000
7.520000 111314.000000
7.530000 111202.000000
7.540000 111324.000000
7.550000 111222.000000
7.560000 111374.000000
7.570000 111070.000000
7.580000 111126.000000
7.590000 111086.000000
7.600000 110896.000000
7.610000 110872.000000
7.620000 110926.000000
7.630000 110748.000000
7.640000 110600.000000
7.650000 110642.000000
7.660000 110924.000000
7.670000 110838.000000
7.680000 111008.000000
7.690000 110934.000000
7.700000 111116.000000
7.710000 111266.000000
7.720000 111354.000000
7.730000 111412.000000
7.740000 111212.000000
7.750000 111120.000000
7.760000 111310.000000
7.770000 111264.000000
7.780000 111202.000000
7.790000 111112.000000
7.800000 111236.000000
7.810000 110998.000000
7.820000 110972.000000
7.830000 110928.000000
7.840000 110950.000000
7.850000 111132.000000
7.860000 111384.000000
7.870000 111528.000000
7.880000 111436.000000
7.890000 111270.000000
7.900000 111208.000000
7.910000 111436.000000
7.920000 111118.000000
7.930000 110978.000000
7.940000 111234.000000
7.950000 111138.000000
7.960000 111282.000000
7.970000 111086.000000
7.980000 111040.000000
7.990000 110930.000000
8.000000 110980.000000
8.010000 110952.000000
8.020000 111000.000000
8.030000 110824.000000
8.040000 110960.000000
8.050000 110948.000000
8.060000 110942.000000
8.070000 111046.000000
8.080000 111006.000000
8.090000 110658.000000
8.100000 110592.000000
8.110000 110536.000000
8.120000 110354.000000
8.130000 110530.000000
8.140000 110554.000000
8.150000 110502.000000
8.160000 110844.000000
8.170000 111016.000000
8.180000 110952.000000
8.190000 110942.000000
8.200000 110834.000000
8.210000 110492.000000
8.220000 110768.000000
8.230000 110940.000000
8.240000 111134.000000
8.250000 110910.000000
8.260000 110876.000000
8.270000 110944.000000
8.280000 110694.000000
8.290000 110824.000000
8.300000 111152.000000
8.310000 110982.000000
8.320000 110948.000000
8.330000 111068.000000
8.340000 111354.000000
8.350000 111154.000000
8.360000 111166.000000
8.370000 111226.000000
8.380000 111214.000000
8.390000 110854.000000
8.400000 110950.000000
8.410000 111144.000000
8.420000 111110.000000
8.430000 111056.000000
8.440000 110928.000000
8.450000 111000.000000
8.460000 110772.000000
8.470000 110696.000000
8.480000 110962.000000
8.490000 110730.000000
8.500000 110592.000000
8.510000 110732.000000
8.520000 110718.000000
8.530000 110620.000000
8.540000 110584.000000
8.550000 110742.000000
8.560000 111028.000000
8.570000 110896.000000
8.580000 110972.000000
8.590000 110724.000000
8.600000 110658.000000
8.610000 110682.000000
8.620000 110610.000000
8.630000 110814.000000
8.640000 110960.000000
8.650000 111044.000000
8.660000 111182.000000
8.670000 111182.000000
8.680000 111180.000000
8.690000 111352.000000
8.700000 111340.000000
8.710000 111472.000000
8.720000 111326.000000
8.730000 111106.000000
8.740000 111090.000000
8.750000 111010.000000
8.760000 110972.000000
8.770000 110868.000000
8.780000 110950.000000
8.790000 110928.000000
8.800000 111048.000000
8.810000 111056.000000
8.820000 111042.000000
8.830000 111330.000000
8.840000 111232.000000
8.850000 111212.000000
8.860000 111138.000000
8.870000 111112.000000
8.880000 110872.000000
8.890000 110910.000000
8.900000 110798.000000
8.910000 110766.000000
8.920000 110788.000000
8.930000 110806.000000
8.940000 110894.000000
8.950000 111050.000000
8.960000 111088.000000
8.970000 111108.000000
8.980000 111174.000000
8.990000 111224.000000
9.000000 111348.000000
9.010000 111378.000000
9.020000 111326.000000
9.030000 111394.000000
9.040000 111262.000000
9.050000 111288.000000
9.060000 111154.000000
9.070000 110916.000000
9.080000 110916.000000
9.090000 111208.000000
9.100000 111366.000000
9.110000 111408.000000
9.120000 111364.000000
9.130000 111452.000000
9.140000 111474.000000
9.150000 111390.000000
9.160000 111206.000000
9.170000 111404.000000
9.180000 111102.000000
9.190000 111266.000000
9.200000 111400.000000
9.210000 111660.000000
9.220000 111786.000000
9.230000 111870.000000
9.240000 111816.000000
9.250000 111382.000000
9.260000 111260.000000
9.270000 111292.000000
9.280000 111008.000000
9.290000 110970.000000
9.300000 110986.000000
9.310000 110740.000000
9.320000 110672.000000
9.330000 110758.000000
9.340000 110674.000000
9.350000 110978.000000
9.360000 110982.000000
9.370000 111322.000000
9.380000 111310.000000
9.390000 111134.000000
9.400000 111048.000000
9.410000 111120.000000
9.420000 110924.000000
9.430000 110802.000000
9.440000 110692.000000
9.450000 110710.000000
9.460000 110720.000000
9.470000 110636.000000
9.480000 110936.000000
9.490000 110916.000000
9.500000 110934.000000
9.510000 110960.000000
9.520000 111362.000000
9.530000 111490.000000
9.540000 111542.000000
9.550000 111408.000000
9.560000 111406.000000
9.570000 111588.000000
9.580000 111510.000000
9.590000 111652.000000
9.600000 111836.000000
9.610000 111936.000000
9.620000 111828.000000
9.630000 111688.000000
9.640000 111680.000000
9.650000 111702.000000
9.660000 111814.000000
9.670000 111458.000000
9.680000 111352.000000
9.690000 111378.000000
9.700000 111188.000000
9.710000 110910.000000
9.720000 110914.000000
9.730000 111106.000000
9.740000 111350.000000
9.750000 111180.000000
9.760000 110960.000000
9.770000 111140.000000
9.780000 111092.000000
9.790000 110856.000000
9.800000 110946.000000
9.810000 111084.000000
9.820000 111038.000000
9.830000 111074.000000
9.840000 111114.000000
9.850000 111070.000000
9.860000 110930.000000
9.870000 111240.000000
9.880000 111370.000000
9.890000 111346.000000
9.900000 111248.000000
9.910000 111568.000000
9.920000 111542.000000
9.930000 111466.000000
9.940000 111292.000000
9.950000 111290.000000
9.960000 111290.000000
9.970000 111300.000000
9.980000 111506.000000
9.990000 111392.000000
10.000000 111190.000000
