# i correlation
1 0.002803
2 0.002620
3 0.002461
4 0.002323
5 0.002200
6 0.002097
7 0.002023
8 0.001949
9 0.001872
10 0.001798
11 0.001738
12 0.001697
13 0.001668
14 0.001637
15 0.001601
16 0.001552
17 0.001555
18 0.001564
19 0.001580
20 0.001593
21 0.001595
22 0.001580
23 0.001556
24 0.001534
25 0.001536
26 0.001552
27 0.001565
28 0.001570
29 0.001582
30 0.001572
31 0.001571
32 0.001567
33 0.001554
34 0.001552
35 0.001539
36 0.001530
37 0.001521
38 0.001520
39 0.001512
40 0.001517
41 0.001509
42 0.001494
43 0.001472
44 0.001457
45 0.001441
46 0.001444
47 0.001449
48 0.001429
49 0.001417
50 0.001409
51 0.001403
52 0.001384
53 0.001378
54 0.001374
55 0.001382
56 0.001363
57 0.001348
58 0.001321
59 0.001288
60 0.001263
61 0.001233
62 0.001223
63 0.001217
64 0.001226
65 0.001228
66 0.001246
67 0.001268
68 0.001281
69 0.001273
70 0.001270
71 0.001271
72 0.001254
73 0.001240
74 0.001242
75 0.001239
76 0.001232
77 0.001220
78 0.001210
79 0.001210
80 0.001206
81 0.001201
82 0.001208
83 0.001227
84 0.001234
85 0.001240
86 0.001233
87 0.001207
88 0.001183
89 0.001156
90 0.001104
91 0.001066
92 0.001047
93 0.001055
94 0.001062
95 0.001083
96 0.001091
97 0.001098
98 0.001100
99 0.001092
100 0.001077
101 0.001074
102 0.001079
103 0.001086
104 0.001074
105 0.001074
106 0.001066
107 0.001055
108 0.001027
109 0.000996
110 0.000966
111 0.000925
112 0.000926
113 0.000934
114 0.000954
115 0.000985
116 0.001004
117 0.001004
118 0.001003
119 0.000992
120 0.000997
121 0.000992
122 0.000998
123 0.000995
124 0.000998
125 0.001000
126 0.001001
127 0.001003
128 0.000993
129 0.000998
130 0.000996
131 0.000986
132 0.000965
133 0.000966
134 0.000976
135 0.000999
136 0.001001
137 0.000995
138 0.000975
139 0.000966
140 0.000950
141 0.000929
142 0.000924
143 0.000921
144 0.000927
145 0.000923
146 0.000909
147 0.000897
148 0.000882
149 0.000892
150 0.000917
151 0.000932
152 0.000945
153 0.000964
154 0.000970
155 0.000947
156 0.000956
157 0.000979
158 0.000981
159 0.000983
160 0.001002
161 0.001030
162 0.001052
163 0.001070
164 0.001077
165 0.001087
166 0.001071
167 0.001061
168 0.001051
169 0.001036
170 0.001009
171 0.000995
172 0.000983
173 0.000975
174 0.000976
175 0.000972
176 0.000973
177 0.000978
178 0.000991
179 0.001000
180 0.001005
181 0.001004
182 0.001034
183 0.001057
184 0.001072
185 0.001062
186 0.001059
187 0.001073
188 0.001063
189 0.001049
190 0.001031
191 0.001022
192 0.001022
193 0.001022
194 0.001008
195 0.000998
196 0.000981
197 0.000985
198 0.000979
199 0.000963
200 0.000955
201 0.000952
202 0.000937
203 0.000922
204 0.000919
205 0.000909
206 0.000895
207 0.000888
208 0.000891
209 0.000905
210 0.000926
211 0.000952
212 0.000954
213 0.000954
214 0.000950
215 0.000947
216 0.000960
217 0.000976
218 0.001010
219 0.001049
220 0.001060
221 0.001053
222 0.001028
223 0.001019
224 0.001000
225 0.000982
226 0.000959
227 0.000951
228 0.000949
229 0.000945
230 0.000947
231 0.000967
232 0.000974
233 0.000974
234 0.000972
235 0.000943
236 0.000933
237 0.000912
238 0.000903
239 0.000896
240 0.000899
241 0.000892
242 0.000886
243 0.000857
244 0.000848
245 0.000836
246 0.000827
247 0.000824
248 0.000831
249 0.000841
