# i correlation
1 0.002227
2 0.002039
3 0.001876
4 0.001749
5 0.001636
6 0.001526
7 0.001420
8 0.001350
9 0.001292
10 0.001207
11 0.001123
12 0.001048
13 0.001004
14 0.000968
15 0.000930
16 0.000910
17 0.000895
18 0.000889
19 0.000870
20 0.000854
21 0.000841
22 0.000846
23 0.000838
24 0.000851
25 0.000872
26 0.000886
27 0.000895
28 0.000894
29 0.000879
30 0.000858
31 0.000850
32 0.000837
33 0.000830
34 0.000812
35 0.000776
36 0.000761
37 0.000768
38 0.000756
39 0.000749
40 0.000746
41 0.000746
42 0.000761
43 0.000783
44 0.000787
45 0.000813
46 0.000837
47 0.000866
48 0.000895
49 0.000933
50 0.000969
51 0.001000
52 0.000998
53 0.000994
54 0.000988
55 0.001006
56 0.001027
57 0.001047
58 0.001055
59 0.001027
60 0.000997
61 0.000963
62 0.000935
63 0.000915
64 0.000906
65 0.000911
66 0.000908
67 0.000916
68 0.000910
69 0.000895
70 0.000888
71 0.000886
72 0.000878
73 0.000861
74 0.000865
75 0.000886
76 0.000896
77 0.000887
78 0.000881
79 0.000894
80 0.000904
81 0.000878
82 0.000867
83 0.000851
84 0.000842
85 0.000822
86 0.000793
87 0.000757
88 0.000734
89 0.000718
90 0.000711
91 0.000713
92 0.000709
93 0.000724
94 0.000732
95 0.000741
96 0.000757
97 0.000760
98 0.000751
99 0.000742
100 0.000743
101 0.000747
102 0.000754
103 0.000744
104 0.000738
105 0.000734
106 0.000739
107 0.000738
108 0.000741
109 0.000761
110 0.000776
111 0.000787
112 0.000794
113 0.000803
114 0.000819
115 0.000812
116 0.000806
117 0.000793
118 0.000771
119 0.000758
120 0.000734
121 0.000714
122 0.000724
123 0.000725
124 0.000694
125 0.000677
126 0.000662
127 0.000657
128 0.000636
129 0.000606
130 0.000576
131 0.000564
132 0.000543
133 0.000528
134 0.000513
135 0.000514
136 0.000526
137 0.000541
138 0.000552
139 0.000559
140 0.000566
141 0.000551
142 0.000537
143 0.000533
144 0.000539
145 0.000539
146 0.000551
147 0.000572
148 0.000584
149 0.000607
150 0.000631
151 0.000663
152 0.000679
153 0.000693
154 0.000717
155 0.000716
156 0.000734
157 0.000733
158 0.000731
159 0.000755
160 0.000784
161 0.000799
162 0.000799
163 0.000775
164 0.000773
165 0.000789
166 0.000776
167 0.000752
168 0.000713
169 0.000675
170 0.000665
171 0.000655
172 0.000656
173 0.000654
174 0.000651
175 0.000637
176 0.000631
177 0.000598
178 0.000572
179 0.000559
180 0.000546
181 0.000536
182 0.000527
183 0.000523
184 0.000513
185 0.000506
186 0.000519
187 0.000532
188 0.000549
189 0.000564
190 0.000587
191 0.000595
192 0.000594
193 0.000586
194 0.000573
195 0.000555
196 0.000538
197 0.000522
198 0.000515
199 0.000489
200 0.000452
201 0.000420
202 0.000407
203 0.000398
204 0.000375
205 0.000345
206 0.000323
207 0.000321
208 0.000312
209 0.000326
210 0.000320
211 0.000320
212 0.000317
213 0.000317
214 0.000312
215 0.000320
216 0.000351
217 0.000389
218 0.000440
219 0.000484
220 0.000512
221 0.000515
222 0.000556
223 0.000600
224 0.000628
225 0.000657
226 0.000674
227 0.000687
228 0.000691
229 0.000703
230 0.000692
231 0.000706
232 0.000723
233 0.000729
234 0.000705
235 0.000669
236 0.000636
237 0.000621
238 0.000601
239 0.000574
240 0.000545
241 0.000512
242 0.000487
243 0.000459
244 0.000435
245 0.000431
246 0.000439
247 0.000446
248 0.000445
249 0.000439
