# i correlation
1 0.001664
2 0.001628
3 0.001594
4 0.001570
5 0.001547
6 0.001527
7 0.001507
8 0.001490
9 0.001475
10 0.001463
11 0.001451
12 0.001442
13 0.001432
14 0.001423
15 0.001419
16 0.001415
17 0.001407
18 0.001398
19 0.001391
20 0.001387
21 0.001382
22 0.001375
23 0.001368
24 0.001361
25 0.001353
26 0.001346
27 0.001340
28 0.001334
29 0.001329
30 0.001326
31 0.001325
32 0.001322
33 0.001317
34 0.001306
35 0.001296
36 0.001288
37 0.001280
38 0.001273
39 0.001263
40 0.001254
41 0.001244
42 0.001233
43 0.001223
44 0.001213
45 0.001203
46 0.001196
47 0.001188
48 0.001181
49 0.001176
50 0.001169
51 0.001164
52 0.001159
53 0.001153
54 0.001151
55 0.001147
56 0.001143
57 0.001140
58 0.001136
59 0.001131
60 0.001125
61 0.001119
62 0.001114
63 0.001108
64 0.001101
65 0.001091
66 0.001081
67 0.001071
68 0.001062
69 0.001060
70 0.001054
71 0.001048
72 0.001040
73 0.001036
74 0.001031
75 0.001029
76 0.001024
77 0.001021
78 0.001017
79 0.001019
80 0.001020
81 0.001022
82 0.001021
83 0.001018
84 0.001017
85 0.001018
86 0.001015
87 0.001009
88 0.000999
89 0.000992
90 0.000985
91 0.000974
92 0.000965
93 0.000956
94 0.000951
95 0.000946
96 0.000943
97 0.000939
98 0.000935
99 0.000929
100 0.000923
101 0.000921
102 0.000917
103 0.000915
104 0.000913
105 0.000914
106 0.000915
107 0.000912
108 0.000909
109 0.000908
110 0.000909
111 0.000912
112 0.000912
113 0.000913
114 0.000910
115 0.000907
116 0.000905
117 0.000902
118 0.000902
119 0.000904
120 0.000903
121 0.000902
122 0.000897
123 0.000891
124 0.000882
125 0.000878
126 0.000874
127 0.000873
128 0.000869
129 0.000864
130 0.000860
131 0.000858
132 0.000858
133 0.000859
134 0.000860
135 0.000861
136 0.000858
137 0.000852
138 0.000848
139 0.000847
140 0.000847
141 0.000849
142 0.000850
143 0.000857
144 0.000860
145 0.000861
146 0.000859
147 0.000859
148 0.000859
149 0.000856
150 0.000853
151 0.000853
152 0.000852
153 0.000848
154 0.000846
155 0.000838
156 0.000833
157 0.000830
158 0.000832
159 0.000835
160 0.000837
161 0.000836
162 0.000835
163 0.000838
164 0.000842
165 0.000844
166 0.000845
167 0.000848
168 0.000850
169 0.000850
170 0.000849
171 0.000849
172 0.000850
173 0.000850
174 0.000854
175 0.000855
176 0.000856
177 0.000852
178 0.000845
179 0.000838
180 0.000835
181 0.000835
182 0.000832
183 0.000827
184 0.000824
185 0.000819
186 0.000813
187 0.000809
188 0.000806
189 0.000804
190 0.000806
191 0.000808
192 0.000812
193 0.000812
194 0.000811
195 0.000809
196 0.000809
197 0.000808
198 0.000808
199 0.000805
200 0.000804
201 0.000804
202 0.000803
203 0.000804
204 0.000805
205 0.000807
206 0.000807
207 0.000806
208 0.000803
209 0.000800
210 0.000798
211 0.000794
212 0.000792
213 0.000789
214 0.000785
215 0.000780
216 0.000770
217 0.000764
218 0.000760
219 0.000757
220 0.000750
221 0.000740
222 0.000733
223 0.000729
224 0.000726
225 0.000724
226 0.000722
227 0.000717
228 0.000715
229 0.000716
230 0.000718
231 0.000717
232 0.000716
233 0.000716
234 0.000717
235 0.000717
236 0.000715
237 0.000713
238 0.000710
239 0.000708
240 0.000707
241 0.000703
242 0.000694
243 0.000686
244 0.000681
245 0.000679
246 0.000678
247 0.000677
248 0.000677
249 0.000676
250 0.000677
251 0.000678
252 0.000675
253 0.000675
254 0.000674
255 0.000675
256 0.000675
257 0.000674
258 0.000671
259 0.000666
260 0.000661
261 0.000658
262 0.000657
263 0.000657
264 0.000654
265 0.000651
266 0.000648
267 0.000646
268 0.000641
269 0.000640
270 0.000638
271 0.000635
272 0.000632
273 0.000631
274 0.000629
275 0.000625
276 0.000619
277 0.000616
278 0.000614
279 0.000613
280 0.000608
281 0.000605
282 0.000601
283 0.000599
284 0.000596
285 0.000598
286 0.000602
287 0.000606
288 0.000608
289 0.000609
290 0.000607
291 0.000603
292 0.000600
293 0.000599
294 0.000600
295 0.000602
296 0.000601
297 0.000600
298 0.000599
299 0.000597
300 0.000593
301 0.000585
302 0.000580
303 0.000576
304 0.000572
305 0.000567
306 0.000561
307 0.000555
308 0.000548
309 0.000547
310 0.000547
311 0.000547
312 0.000544
313 0.000540
314 0.000536
315 0.000534
316 0.000533
317 0.000532
318 0.000529
319 0.000528
320 0.000527
321 0.000524
322 0.000522
323 0.000518
324 0.000517
325 0.000520
326 0.000523
327 0.000522
328 0.000520
329 0.000519
330 0.000515
331 0.000514
332 0.000512
333 0.000508
334 0.000501
335 0.000498
336 0.000495
337 0.000495
338 0.000495
339 0.000492
340 0.000489
341 0.000484
342 0.000483
343 0.000480
344 0.000480
345 0.000479
346 0.000480
347 0.000477
348 0.000475
349 0.000472
350 0.000467
351 0.000465
352 0.000464
353 0.000464
354 0.000467
355 0.000465
356 0.000466
357 0.000461
358 0.000459
359 0.000457
360 0.000455
361 0.000453
362 0.000452
363 0.000448
364 0.000446
365 0.000444
366 0.000441
367 0.000438
368 0.000440
369 0.000440
370 0.000442
371 0.000441
372 0.000441
373 0.000442
374 0.000443
375 0.000443
376 0.000442
377 0.000441
378 0.000440
379 0.000439
380 0.000440
381 0.000438
382 0.000436
383 0.000433
384 0.000432
385 0.000432
386 0.000430
387 0.000428
388 0.000427
389 0.000425
390 0.000420
391 0.000419
392 0.000418
393 0.000416
394 0.000416
395 0.000418
396 0.000421
397 0.000422
398 0.000425
399 0.000428
400 0.000432
401 0.000436
402 0.000438
403 0.000435
404 0.000434
405 0.000433
406 0.000435
407 0.000438
408 0.000442
409 0.000445
410 0.000449
411 0.000452
412 0.000453
413 0.000452
414 0.000451
415 0.000449
416 0.000448
417 0.000448
418 0.000447
419 0.000442
420 0.000437
421 0.000433
422 0.000432
423 0.000430
424 0.000425
425 0.000422
426 0.000418
427 0.000415
428 0.000410
429 0.000409
430 0.000410
431 0.000413
432 0.000417
433 0.000418
434 0.000418
435 0.000418
436 0.000416
437 0.000419
438 0.000422
439 0.000424
440 0.000426
441 0.000428
442 0.000428
443 0.000428
444 0.000426
445 0.000426
446 0.000426
447 0.000429
448 0.000431
449 0.000433
450 0.000435
451 0.000437
452 0.000437
453 0.000435
454 0.000436
455 0.000436
456 0.000435
457 0.000433
458 0.000434
459 0.000436
460 0.000436
461 0.000435
462 0.000433
463 0.000432
464 0.000429
465 0.000427
466 0.000425
467 0.000423
468 0.000421
469 0.000422
470 0.000425
471 0.000427
472 0.000427
473 0.000427
474 0.000428
475 0.000428
476 0.000425
477 0.000421
478 0.000419
479 0.000419
480 0.000421
481 0.000425
482 0.000424
483 0.000425
484 0.000425
485 0.000424
486 0.000425
487 0.000425
488 0.000424
489 0.000426
490 0.000428
491 0.000428
492 0.000427
493 0.000427
494 0.000426
495 0.000425
496 0.000425
497 0.000424
498 0.000423
499 0.000422
500 0.000420
501 0.000418
502 0.000416
503 0.000416
504 0.000416
505 0.000415
506 0.000416
507 0.000419
508 0.000419
509 0.000416
510 0.000412
511 0.000409
512 0.000406
513 0.000404
514 0.000404
515 0.000403
516 0.000401
517 0.000400
518 0.000398
519 0.000400
520 0.000401
521 0.000400
522 0.000399
523 0.000398
524 0.000396
525 0.000392
526 0.000386
527 0.000383
528 0.000382
529 0.000381
530 0.000382
531 0.000383
532 0.000384
533 0.000381
534 0.000380
535 0.000381
536 0.000384
537 0.000385
538 0.000385
539 0.000385
540 0.000384
541 0.000382
542 0.000377
543 0.000373
544 0.000374
545 0.000377
546 0.000376
547 0.000371
548 0.000366
549 0.000360
550 0.000358
551 0.000355
552 0.000354
553 0.000352
554 0.000349
555 0.000346
556 0.000346
557 0.000346
558 0.000345
559 0.000345
560 0.000345
561 0.000346
562 0.000347
563 0.000348
564 0.000347
565 0.000347
566 0.000349
567 0.000350
568 0.000350
569 0.000350
570 0.000350
571 0.000349
572 0.000351
573 0.000351
574 0.000351
575 0.000352
576 0.000354
577 0.000354
578 0.000355
579 0.000354
580 0.000352
581 0.000350
582 0.000349
583 0.000348
584 0.000349
585 0.000349
586 0.000348
587 0.000346
588 0.000343
589 0.000341
590 0.000341
591 0.000340
592 0.000338
593 0.000334
594 0.000334
595 0.000332
596 0.000329
597 0.000325
598 0.000319
599 0.000318
600 0.000317
601 0.000318
602 0.000317
603 0.000317
604 0.000316
605 0.000317
606 0.000317
607 0.000317
608 0.000315
609 0.000315
610 0.000313
611 0.000313
612 0.000311
613 0.000310
614 0.000311
615 0.000311
616 0.000312
617 0.000312
618 0.000311
619 0.000310
620 0.000308
621 0.000308
622 0.000308
623 0.000307
624 0.000306
625 0.000307
626 0.000308
627 0.000308
628 0.000305
629 0.000300
630 0.000297
631 0.000294
632 0.000290
633 0.000285
634 0.000281
635 0.000277
636 0.000273
637 0.000270
638 0.000265
639 0.000262
640 0.000258
641 0.000256
642 0.000256
643 0.000254
644 0.000251
645 0.000246
646 0.000243
647 0.000240
648 0.000238
649 0.000235
650 0.000233
651 0.000236
652 0.000239
653 0.000239
654 0.000238
655 0.000240
656 0.000239
657 0.000238
658 0.000236
659 0.000232
660 0.000225
661 0.000221
662 0.000217
663 0.000217
664 0.000218
665 0.000220
666 0.000222
667 0.000223
668 0.000223
669 0.000221
670 0.000219
671 0.000223
672 0.000224
673 0.000223
674 0.000221
675 0.000221
676 0.000217
677 0.000214
678 0.000212
679 0.000210
680 0.000210
681 0.000207
682 0.000207
683 0.000207
684 0.000212
685 0.000215
686 0.000216
687 0.000217
688 0.000217
689 0.000217
690 0.000217
691 0.000216
692 0.000213
693 0.000210
694 0.000204
695 0.000200
696 0.000198
697 0.000195
698 0.000195
699 0.000196
700 0.000196
701 0.000195
702 0.000193
703 0.000192
704 0.000193
705 0.000195
706 0.000197
707 0.000197
708 0.000197
709 0.000196
710 0.000197
711 0.000198
712 0.000199
713 0.000196
714 0.000194
715 0.000192
716 0.000191
717 0.000191
718 0.000191
719 0.000189
720 0.000188
721 0.000189
722 0.000190
723 0.000189
724 0.000188
725 0.000187
726 0.000190
727 0.000193
728 0.000193
729 0.000193
730 0.000191
731 0.000187
732 0.000183
733 0.000181
734 0.000180
735 0.000180
736 0.000182
737 0.000187
738 0.000192
739 0.000194
740 0.000194
741 0.000195
742 0.000196
743 0.000196
744 0.000198
745 0.000197
746 0.000197
747 0.000196
748 0.000197
749 0.000198
750 0.000200
751 0.000199
752 0.000197
753 0.000196
754 0.000197
755 0.000195
756 0.000192
757 0.000191
758 0.000190
759 0.000190
760 0.000189
761 0.000187
762 0.000183
763 0.000178
764 0.000173
765 0.000168
766 0.000163
767 0.000159
768 0.000157
769 0.000158
770 0.000160
771 0.000160
772 0.000161
773 0.000160
774 0.000160
775 0.000159
776 0.000160
777 0.000158
778 0.000158
779 0.000158
780 0.000159
781 0.000158
782 0.000156
783 0.000154
784 0.000153
785 0.000155
786 0.000158
787 0.000161
788 0.000161
789 0.000160
790 0.000161
791 0.000162
792 0.000164
793 0.000164
794 0.000163
795 0.000161
796 0.000161
797 0.000159
798 0.000158
799 0.000156
800 0.000155
801 0.000153
802 0.000150
803 0.000149
804 0.000147
805 0.000145
806 0.000144
807 0.000142
808 0.000139
809 0.000137
