# i correlation
1 0.001601
2 0.001565
3 0.001535
4 0.001511
5 0.001490
6 0.001470
7 0.001454
8 0.001442
9 0.001431
10 0.001421
11 0.001416
12 0.001409
13 0.001400
14 0.001393
15 0.001386
16 0.001380
17 0.001373
18 0.001364
19 0.001356
20 0.001350
21 0.001348
22 0.001346
23 0.001341
24 0.001333
25 0.001327
26 0.001320
27 0.001315
28 0.001308
29 0.001298
30 0.001291
31 0.001286
32 0.001280
33 0.001275
34 0.001267
35 0.001258
36 0.001252
37 0.001246
38 0.001243
39 0.001240
40 0.001240
41 0.001234
42 0.001232
43 0.001228
44 0.001227
45 0.001223
46 0.001218
47 0.001211
48 0.001201
49 0.001194
50 0.001186
51 0.001181
52 0.001175
53 0.001168
54 0.001162
55 0.001156
56 0.001150
57 0.001143
58 0.001137
59 0.001132
60 0.001124
61 0.001120
62 0.001114
63 0.001104
64 0.001098
65 0.001091
66 0.001081
67 0.001075
68 0.001071
69 0.001063
70 0.001055
71 0.001045
72 0.001038
73 0.001032
74 0.001026
75 0.001019
76 0.001011
77 0.001004
78 0.000997
79 0.000992
80 0.000985
81 0.000976
82 0.000972
83 0.000972
84 0.000969
85 0.000968
86 0.000965
87 0.000962
88 0.000961
89 0.000962
90 0.000962
91 0.000962
92 0.000959
93 0.000959
94 0.000957
95 0.000952
96 0.000947
97 0.000941
98 0.000935
99 0.000930
100 0.000920
101 0.000914
102 0.000906
103 0.000897
104 0.000889
105 0.000886
106 0.000881
107 0.000878
108 0.000876
109 0.000871
110 0.000870
111 0.000868
112 0.000864
113 0.000860
114 0.000855
115 0.000853
116 0.000851
117 0.000849
118 0.000844
119 0.000836
120 0.000827
121 0.000820
122 0.000814
123 0.000809
124 0.000805
125 0.000801
126 0.000797
127 0.000791
128 0.000785
129 0.000782
130 0.000779
131 0.000775
132 0.000770
133 0.000764
134 0.000761
135 0.000760
136 0.000760
137 0.000758
138 0.000755
139 0.000753
140 0.000752
141 0.000750
142 0.000748
143 0.000747
144 0.000745
145 0.000743
146 0.000741
147 0.000738
148 0.000740
149 0.000740
150 0.000742
151 0.000743
152 0.000742
153 0.000740
154 0.000739
155 0.000739
156 0.000738
157 0.000738
158 0.000735
159 0.000732
160 0.000724
161 0.000719
162 0.000721
163 0.000722
164 0.000720
165 0.000710
166 0.000705
167 0.000702
168 0.000696
169 0.000693
170 0.000691
171 0.000690
172 0.000688
173 0.000684
174 0.000680
175 0.000676
176 0.000672
177 0.000669
178 0.000664
179 0.000658
180 0.000654
181 0.000654
182 0.000653
183 0.000651
184 0.000651
185 0.000652
186 0.000651
187 0.000651
188 0.000648
189 0.000647
190 0.000645
191 0.000636
192 0.000630
193 0.000625
194 0.000621
195 0.000617
196 0.000619
197 0.000621
198 0.000620
199 0.000618
200 0.000619
201 0.000622
202 0.000623
203 0.000623
204 0.000621
205 0.000616
206 0.000612
207 0.000609
208 0.000607
209 0.000607
210 0.000609
211 0.000610
212 0.000614
213 0.000616
214 0.000618
215 0.000618
216 0.000617
217 0.000616
218 0.000615
219 0.000613
220 0.000609
221 0.000605
222 0.000598
223 0.000597
224 0.000602
225 0.000607
226 0.000608
227 0.000607
228 0.000603
229 0.000600
230 0.000594
231 0.000590
232 0.000586
233 0.000584
234 0.000583
235 0.000579
236 0.000576
237 0.000574
238 0.000570
239 0.000569
240 0.000569
241 0.000572
242 0.000577
243 0.000576
244 0.000574
245 0.000577
246 0.000579
247 0.000579
248 0.000577
249 0.000576
250 0.000575
251 0.000570
252 0.000567
253 0.000563
254 0.000563
255 0.000563
256 0.000558
257 0.000555
258 0.000552
259 0.000548
260 0.000550
261 0.000551
262 0.000551
263 0.000552
264 0.000554
265 0.000556
266 0.000556
267 0.000555
268 0.000552
269 0.000550
270 0.000549
271 0.000546
272 0.000544
273 0.000540
274 0.000537
275 0.000536
276 0.000535
277 0.000532
278 0.000525
279 0.000520
280 0.000517
281 0.000512
282 0.000508
283 0.000505
284 0.000503
285 0.000504
286 0.000507
287 0.000506
288 0.000507
289 0.000504
290 0.000499
291 0.000495
292 0.000494
293 0.000493
294 0.000493
295 0.000492
296 0.000490
297 0.000488
298 0.000486
299 0.000483
300 0.000479
301 0.000474
302 0.000468
303 0.000462
304 0.000462
305 0.000458
306 0.000457
307 0.000458
308 0.000462
309 0.000466
310 0.000468
311 0.000468
312 0.000464
313 0.000464
314 0.000463
315 0.000462
316 0.000461
317 0.000460
318 0.000461
319 0.000465
320 0.000468
321 0.000469
322 0.000471
323 0.000469
324 0.000467
325 0.000465
326 0.000465
327 0.000463
328 0.000462
329 0.000460
330 0.000458
331 0.000457
332 0.000456
333 0.000455
334 0.000456
335 0.000461
336 0.000465
337 0.000467
338 0.000470
339 0.000474
340 0.000478
341 0.000479
342 0.000477
343 0.000473
344 0.000474
345 0.000472
346 0.000470
347 0.000470
348 0.000469
349 0.000467
350 0.000465
351 0.000468
352 0.000468
353 0.000470
354 0.000471
355 0.000470
356 0.000472
357 0.000472
358 0.000469
359 0.000467
360 0.000468
361 0.000466
362 0.000464
363 0.000462
364 0.000462
365 0.000464
366 0.000465
367 0.000465
368 0.000463
369 0.000464
370 0.000462
371 0.000464
372 0.000462
373 0.000464
374 0.000468
375 0.000470
376 0.000469
377 0.000465
378 0.000461
379 0.000459
380 0.000457
381 0.000457
382 0.000458
383 0.000461
384 0.000461
385 0.000463
386 0.000465
387 0.000470
388 0.000471
389 0.000471
390 0.000471
391 0.000470
392 0.000466
393 0.000465
394 0.000464
395 0.000461
396 0.000460
397 0.000460
398 0.000460
399 0.000460
400 0.000461
401 0.000463
402 0.000465
403 0.000463
404 0.000461
405 0.000461
406 0.000460
407 0.000457
408 0.000453
409 0.000449
410 0.000440
411 0.000435
412 0.000431
413 0.000429
414 0.000429
415 0.000428
416 0.000428
417 0.000429
418 0.000431
419 0.000430
420 0.000429
421 0.000429
422 0.000430
423 0.000431
424 0.000431
425 0.000429
426 0.000428
427 0.000428
428 0.000426
429 0.000423
430 0.000421
431 0.000418
432 0.000413
433 0.000407
434 0.000404
435 0.000402
436 0.000399
437 0.000397
438 0.000395
439 0.000398
440 0.000398
441 0.000396
442 0.000393
443 0.000391
444 0.000390
445 0.000389
446 0.000388
447 0.000388
448 0.000388
449 0.000389
450 0.000392
451 0.000396
452 0.000399
453 0.000399
454 0.000393
455 0.000389
456 0.000385
457 0.000379
458 0.000377
459 0.000376
460 0.000373
461 0.000370
462 0.000370
463 0.000370
464 0.000368
465 0.000364
466 0.000364
467 0.000365
468 0.000364
469 0.000359
470 0.000360
471 0.000359
472 0.000361
473 0.000364
474 0.000368
475 0.000368
476 0.000368
477 0.000366
478 0.000364
479 0.000363
480 0.000362
481 0.000362
482 0.000363
483 0.000363
484 0.000366
485 0.000367
486 0.000368
487 0.000368
488 0.000368
489 0.000367
490 0.000368
491 0.000371
492 0.000373
493 0.000372
494 0.000370
495 0.000371
496 0.000373
497 0.000375
498 0.000373
499 0.000371
500 0.000367
501 0.000365
502 0.000362
503 0.000359
504 0.000355
505 0.000350
506 0.000347
507 0.000348
508 0.000348
509 0.000348
510 0.000351
511 0.000356
512 0.000363
513 0.000368
514 0.000369
515 0.000369
516 0.000369
517 0.000369
518 0.000369
519 0.000370
520 0.000370
521 0.000366
522 0.000363
523 0.000361
524 0.000361
525 0.000360
526 0.000357
527 0.000352
528 0.000348
529 0.000345
530 0.000344
531 0.000343
532 0.000341
533 0.000339
534 0.000338
535 0.000339
536 0.000339
537 0.000342
538 0.000343
539 0.000341
540 0.000339
541 0.000338
542 0.000337
543 0.000336
544 0.000335
545 0.000334
546 0.000334
547 0.000336
548 0.000335
549 0.000333
550 0.000331
551 0.000329
552 0.000331
553 0.000332
554 0.000332
555 0.000332
556 0.000332
557 0.000333
558 0.000333
559 0.000335
560 0.000335
561 0.000335
562 0.000333
563 0.000333
564 0.000334
565 0.000335
566 0.000332
567 0.000325
568 0.000322
569 0.000320
570 0.000317
571 0.000318
572 0.000315
573 0.000313
574 0.000311
575 0.000310
576 0.000311
577 0.000310
578 0.000310
579 0.000311
580 0.000311
581 0.000312
582 0.000309
583 0.000307
584 0.000306
585 0.000308
586 0.000310
587 0.000313
588 0.000314
589 0.000315
590 0.000318
591 0.000318
592 0.000318
593 0.000318
594 0.000317
595 0.000315
596 0.000311
597 0.000306
598 0.000303
599 0.000298
600 0.000293
601 0.000294
602 0.000296
603 0.000300
604 0.000302
605 0.000304
606 0.000307
607 0.000309
608 0.000310
609 0.000311
610 0.000312
611 0.000313
612 0.000314
613 0.000315
614 0.000316
615 0.000319
616 0.000320
617 0.000319
618 0.000318
619 0.000317
620 0.000316
621 0.000317
622 0.000314
623 0.000314
624 0.000314
625 0.000311
626 0.000310
627 0.000309
628 0.000307
629 0.000306
630 0.000308
631 0.000308
632 0.000309
633 0.000310
634 0.000309
635 0.000308
636 0.000306
637 0.000306
638 0.000305
639 0.000303
640 0.000302
641 0.000302
642 0.000302
643 0.000300
644 0.000298
645 0.000296
646 0.000294
647 0.000295
648 0.000299
649 0.000304
650 0.000306
651 0.000310
652 0.000310
653 0.000310
654 0.000310
655 0.000309
656 0.000307
657 0.000304
658 0.000298
659 0.000296
660 0.000297
661 0.000297
662 0.000299
663 0.000303
664 0.000308
665 0.000311
666 0.000312
667 0.000312
668 0.000312
669 0.000313
670 0.000313
671 0.000315
672 0.000314
673 0.000315
674 0.000316
675 0.000318
676 0.000319
677 0.000319
678 0.000317
679 0.000316
680 0.000313
681 0.000311
682 0.000311
683 0.000309
684 0.000311
685 0.000311
686 0.000311
687 0.000313
688 0.000314
689 0.000314
690 0.000312
691 0.000312
692 0.000311
693 0.000312
694 0.000313
695 0.000315
696 0.000314
697 0.000314
698 0.000314
699 0.000312
700 0.000312
701 0.000314
702 0.000317
703 0.000319
704 0.000319
705 0.000322
706 0.000325
707 0.000328
708 0.000330
709 0.000332
710 0.000336
711 0.000338
712 0.000338
713 0.000339
714 0.000339
715 0.000338
716 0.000339
717 0.000339
718 0.000338
719 0.000336
720 0.000335
721 0.000335
722 0.000335
723 0.000333
724 0.000332
725 0.000331
726 0.000329
727 0.000329
728 0.000329
729 0.000326
730 0.000322
731 0.000320
732 0.000317
733 0.000316
734 0.000313
735 0.000311
736 0.000309
737 0.000309
738 0.000312
739 0.000315
740 0.000317
741 0.000319
742 0.000318
743 0.000318
744 0.000317
745 0.000316
746 0.000313
747 0.000310
748 0.000307
749 0.000305
750 0.000304
751 0.000302
752 0.000297
753 0.000293
754 0.000289
755 0.000282
756 0.000278
757 0.000275
758 0.000274
759 0.000275
760 0.000277
761 0.000281
762 0.000284
763 0.000283
764 0.000283
765 0.000283
766 0.000284
767 0.000285
768 0.000284
769 0.000281
770 0.000277
771 0.000274
772 0.000274
773 0.000273
774 0.000271
775 0.000269
776 0.000265
777 0.000262
778 0.000258
779 0.000255
780 0.000253
781 0.000250
782 0.000248
783 0.000246
784 0.000244
785 0.000240
786 0.000235
787 0.000232
788 0.000229
789 0.000228
790 0.000226
791 0.000224
792 0.000223
793 0.000220
794 0.000219
795 0.000215
796 0.000213
797 0.000210
798 0.000207
799 0.000204
800 0.000202
801 0.000197
802 0.000193
803 0.000189
804 0.000186
805 0.000183
806 0.000180
807 0.000178
808 0.000175
809 0.000170
