# i correlation
1 0.001702
2 0.001668
3 0.001638
4 0.001613
5 0.001592
6 0.001574
7 0.001557
8 0.001536
9 0.001515
10 0.001499
11 0.001487
12 0.001475
13 0.001463
14 0.001451
15 0.001439
16 0.001428
17 0.001418
18 0.001412
19 0.001405
20 0.001398
21 0.001389
22 0.001382
23 0.001376
24 0.001365
25 0.001359
26 0.001357
27 0.001351
28 0.001347
29 0.001342
30 0.001335
31 0.001327
32 0.001316
33 0.001307
34 0.001299
35 0.001290
36 0.001283
37 0.001274
38 0.001268
39 0.001260
40 0.001258
41 0.001254
42 0.001248
43 0.001241
44 0.001228
45 0.001218
46 0.001210
47 0.001204
48 0.001200
49 0.001199
50 0.001197
51 0.001194
52 0.001191
53 0.001187
54 0.001188
55 0.001187
56 0.001187
57 0.001184
58 0.001185
59 0.001183
60 0.001181
61 0.001185
62 0.001187
63 0.001185
64 0.001182
65 0.001176
66 0.001172
67 0.001168
68 0.001167
69 0.001166
70 0.001158
71 0.001150
72 0.001143
73 0.001138
74 0.001133
75 0.001123
76 0.001116
77 0.001108
78 0.001101
79 0.001095
80 0.001095
81 0.001096
82 0.001097
83 0.001097
84 0.001097
85 0.001089
86 0.001083
87 0.001079
88 0.001074
89 0.001068
90 0.001060
91 0.001047
92 0.001038
93 0.001028
94 0.001019
95 0.001009
96 0.001000
97 0.000992
98 0.000984
99 0.000978
100 0.000972
101 0.000965
102 0.000961
103 0.000958
104 0.000958
105 0.000956
106 0.000956
107 0.000955
108 0.000957
109 0.000958
110 0.000957
111 0.000958
112 0.000957
113 0.000954
114 0.000951
115 0.000946
116 0.000943
117 0.000942
118 0.000945
119 0.000949
120 0.000952
121 0.000953
122 0.000953
123 0.000956
124 0.000960
125 0.000960
126 0.000958
127 0.000959
128 0.000959
129 0.000957
130 0.000957
131 0.000956
132 0.000953
133 0.000946
134 0.000941
135 0.000937
136 0.000932
137 0.000927
138 0.000924
139 0.000922
140 0.000920
141 0.000916
142 0.000913
143 0.000910
144 0.000907
145 0.000907
146 0.000909
147 0.000914
148 0.000917
149 0.000917
150 0.000920
151 0.000921
152 0.000919
153 0.000916
154 0.000914
155 0.000911
156 0.000906
157 0.000903
158 0.000899
159 0.000895
160 0.000893
161 0.000888
162 0.000882
163 0.000876
164 0.000872
165 0.000868
166 0.000864
167 0.000859
168 0.000854
169 0.000849
170 0.000847
171 0.000844
172 0.000837
173 0.000834
174 0.000830
175 0.000823
176 0.000820
177 0.000819
178 0.000814
179 0.000812
180 0.000809
181 0.000810
182 0.000810
183 0.000811
184 0.000808
185 0.000802
186 0.000798
187 0.000794
188 0.000792
189 0.000790
190 0.000786
191 0.000780
192 0.000779
193 0.000778
194 0.000777
195 0.000774
196 0.000770
197 0.000769
198 0.000768
199 0.000765
200 0.000763
201 0.000762
202 0.000763
203 0.000764
204 0.000762
205 0.000759
206 0.000757
207 0.000756
208 0.000756
209 0.000757
210 0.000758
211 0.000758
212 0.000758
213 0.000758
214 0.000756
215 0.000751
216 0.000746
217 0.000741
218 0.000734
219 0.000727
220 0.000721
221 0.000715
222 0.000708
223 0.000703
224 0.000698
225 0.000688
226 0.000677
227 0.000665
228 0.000657
229 0.000651
230 0.000647
231 0.000647
232 0.000648
233 0.000647
234 0.000645
235 0.000643
236 0.000640
237 0.000638
238 0.000638
239 0.000635
240 0.000631
241 0.000625
242 0.000619
243 0.000617
244 0.000613
245 0.000608
246 0.000602
247 0.000597
248 0.000591
249 0.000584
250 0.000580
251 0.000572
252 0.000566
253 0.000559
254 0.000559
255 0.000558
256 0.000554
257 0.000554
258 0.000551
259 0.000550
260 0.000551
261 0.000553
262 0.000557
263 0.000559
264 0.000562
265 0.000565
266 0.000572
267 0.000575
268 0.000577
269 0.000579
270 0.000580
271 0.000582
272 0.000585
273 0.000585
274 0.000585
275 0.000584
276 0.000584
277 0.000580
278 0.000577
279 0.000570
280 0.000566
281 0.000562
282 0.000558
283 0.000554
284 0.000551
285 0.000548
286 0.000548
287 0.000548
288 0.000547
289 0.000548
290 0.000549
291 0.000547
292 0.000547
293 0.000546
294 0.000546
295 0.000545
296 0.000543
297 0.000545
298 0.000546
299 0.000543
300 0.000543
301 0.000547
302 0.000550
303 0.000549
304 0.000549
305 0.000548
306 0.000546
307 0.000543
308 0.000539
309 0.000533
310 0.000526
311 0.000521
312 0.000522
313 0.000521
314 0.000518
315 0.000515
316 0.000514
317 0.000512
318 0.000512
319 0.000511
320 0.000510
321 0.000510
322 0.000508
323 0.000508
324 0.000508
325 0.000505
326 0.000503
327 0.000503
328 0.000505
329 0.000508
330 0.000515
331 0.000518
332 0.000521
333 0.000524
334 0.000526
335 0.000527
336 0.000526
337 0.000526
338 0.000527
339 0.000528
340 0.000527
341 0.000528
342 0.000531
343 0.000534
344 0.000538
345 0.000539
346 0.000539
347 0.000539
348 0.000538
349 0.000538
350 0.000538
351 0.000538
352 0.000540
353 0.000543
354 0.000546
355 0.000549
356 0.000555
357 0.000558
358 0.000560
359 0.000560
360 0.000559
361 0.000554
362 0.000550
363 0.000549
364 0.000546
365 0.000545
366 0.000545
367 0.000542
368 0.000541
369 0.000541
370 0.000543
371 0.000546
372 0.000547
373 0.000548
374 0.000550
375 0.000550
376 0.000548
377 0.000546
378 0.000545
379 0.000545
380 0.000545
381 0.000545
382 0.000546
383 0.000543
384 0.000542
385 0.000542
386 0.000543
387 0.000543
388 0.000542
389 0.000540
390 0.000536
391 0.000533
392 0.000530
393 0.000527
394 0.000525
395 0.000526
396 0.000528
397 0.000533
398 0.000535
399 0.000537
400 0.000538
401 0.000539
402 0.000539
403 0.000535
404 0.000530
405 0.000527
406 0.000525
407 0.000523
408 0.000521
409 0.000518
410 0.000515
411 0.000511
412 0.000511
413 0.000512
414 0.000514
415 0.000515
416 0.000515
417 0.000512
418 0.000511
419 0.000509
420 0.000509
421 0.000510
422 0.000508
423 0.000503
424 0.000500
425 0.000496
426 0.000492
427 0.000490
428 0.000489
429 0.000484
430 0.000479
431 0.000474
432 0.000467
433 0.000460
434 0.000452
435 0.000443
436 0.000439
437 0.000436
438 0.000433
439 0.000430
440 0.000429
441 0.000430
442 0.000435
443 0.000439
444 0.000443
445 0.000442
446 0.000439
447 0.000436
448 0.000437
449 0.000439
450 0.000441
451 0.000444
452 0.000446
453 0.000447
454 0.000448
455 0.000448
456 0.000449
457 0.000450
458 0.000448
459 0.000448
460 0.000449
461 0.000451
462 0.000454
463 0.000456
464 0.000457
465 0.000456
466 0.000455
467 0.000454
468 0.000455
469 0.000458
470 0.000461
471 0.000462
472 0.000461
473 0.000459
474 0.000458
475 0.000454
476 0.000454
477 0.000457
478 0.000461
479 0.000465
480 0.000469
481 0.000470
482 0.000470
483 0.000471
484 0.000473
485 0.000474
486 0.000474
487 0.000472
488 0.000468
489 0.000465
490 0.000464
491 0.000461
492 0.000458
493 0.000452
494 0.000445
495 0.000439
496 0.000431
497 0.000424
498 0.000421
499 0.000416
500 0.000413
501 0.000408
502 0.000405
503 0.000401
504 0.000399
505 0.000397
506 0.000393
507 0.000390
508 0.000386
509 0.000384
510 0.000385
511 0.000384
512 0.000381
513 0.000379
514 0.000376
515 0.000373
516 0.000369
517 0.000365
518 0.000364
519 0.000359
520 0.000360
521 0.000361
522 0.000360
523 0.000357
524 0.000358
525 0.000359
526 0.000364
527 0.000365
528 0.000366
529 0.000367
530 0.000368
531 0.000371
532 0.000374
533 0.000376
534 0.000376
535 0.000376
536 0.000378
537 0.000381
538 0.000385
539 0.000388
540 0.000392
541 0.000396
542 0.000396
543 0.000395
544 0.000397
545 0.000399
546 0.000399
547 0.000403
548 0.000405
549 0.000406
550 0.000407
551 0.000408
552 0.000413
553 0.000415
554 0.000416
555 0.000417
556 0.000418
557 0.000415
558 0.000413
559 0.000410
560 0.000411
561 0.000411
562 0.000411
563 0.000411
564 0.000411
565 0.000408
566 0.000407
567 0.000409
568 0.000412
569 0.000415
570 0.000417
571 0.000417
572 0.000417
573 0.000418
574 0.000419
575 0.000417
576 0.000416
577 0.000411
578 0.000408
579 0.000404
580 0.000403
581 0.000403
582 0.000402
583 0.000401
584 0.000397
585 0.000394
586 0.000391
587 0.000392
588 0.000392
589 0.000393
590 0.000394
591 0.000394
592 0.000393
593 0.000393
594 0.000393
595 0.000394
596 0.000392
597 0.000389
598 0.000386
599 0.000383
600 0.000382
601 0.000381
602 0.000380
603 0.000377
604 0.000373
605 0.000367
606 0.000362
607 0.000359
608 0.000359
609 0.000359
610 0.000362
611 0.000364
612 0.000364
613 0.000368
614 0.000371
615 0.000372
616 0.000370
617 0.000367
618 0.000365
619 0.000365
620 0.000366
621 0.000369
622 0.000366
623 0.000364
624 0.000360
625 0.000360
626 0.000358
627 0.000356
628 0.000353
629 0.000350
630 0.000348
631 0.000348
632 0.000348
633 0.000345
634 0.000343
635 0.000338
636 0.000333
637 0.000328
638 0.000322
639 0.000316
640 0.000311
641 0.000306
642 0.000300
643 0.000298
644 0.000296
645 0.000295
646 0.000293
647 0.000291
648 0.000288
649 0.000285
650 0.000283
651 0.000282
652 0.000279
653 0.000278
654 0.000276
655 0.000273
656 0.000269
657 0.000267
658 0.000264
659 0.000260
660 0.000257
661 0.000255
662 0.000255
663 0.000254
664 0.000255
665 0.000251
666 0.000247
667 0.000241
668 0.000236
669 0.000233
670 0.000228
671 0.000226
672 0.000226
673 0.000225
674 0.000225
675 0.000228
676 0.000232
677 0.000235
678 0.000237
679 0.000237
680 0.000237
681 0.000237
682 0.000240
683 0.000243
684 0.000247
685 0.000248
686 0.000251
687 0.000254
688 0.000257
689 0.000259
690 0.000260
691 0.000259
692 0.000259
693 0.000260
694 0.000262
695 0.000264
696 0.000262
697 0.000260
698 0.000258
699 0.000258
700 0.000259
701 0.000261
702 0.000263
703 0.000263
704 0.000263
705 0.000261
706 0.000258
707 0.000256
708 0.000253
709 0.000250
710 0.000248
711 0.000244
712 0.000241
713 0.000240
714 0.000241
715 0.000242
716 0.000243
717 0.000244
718 0.000244
719 0.000243
720 0.000244
721 0.000244
722 0.000243
723 0.000242
724 0.000241
725 0.000238
726 0.000234
727 0.000231
728 0.000228
729 0.000224
730 0.000220
731 0.000217
732 0.000214
733 0.000211
734 0.000209
735 0.000209
736 0.000206
737 0.000205
738 0.000204
739 0.000202
740 0.000201
741 0.000201
742 0.000202
743 0.000204
744 0.000207
745 0.000211
746 0.000213
747 0.000216
748 0.000218
749 0.000221
750 0.000224
751 0.000226
752 0.000228
753 0.000231
754 0.000234
755 0.000235
756 0.000236
757 0.000239
758 0.000243
759 0.000245
760 0.000246
761 0.000249
762 0.000251
763 0.000250
764 0.000250
765 0.000249
766 0.000249
767 0.000246
768 0.000242
769 0.000238
770 0.000234
771 0.000232
772 0.000229
773 0.000228
774 0.000224
775 0.000222
776 0.000221
777 0.000219
778 0.000217
779 0.000214
780 0.000210
781 0.000205
782 0.000201
783 0.000197
784 0.000196
785 0.000194
786 0.000193
787 0.000192
788 0.000187
789 0.000180
790 0.000175
791 0.000170
792 0.000165
793 0.000158
794 0.000152
795 0.000146
796 0.000140
797 0.000134
798 0.000130
799 0.000126
800 0.000121
801 0.000115
802 0.000110
803 0.000107
804 0.000103
805 0.000100
806 0.000095
807 0.000093
808 0.000089
809 0.000086
