# time covered_sites
0.010000 24134.000000
0.020000 45510.000000
0.030000 64154.000000
0.040000 80566.000000
0.050000 94450.000000
0.060000 106480.000000
0.070000 117156.000000
0.080000 126558.000000
0.090000 134668.000000
0.100000 141286.000000
0.110000 147354.000000
0.120000 152696.000000
0.130000 156908.000000
0.140000 160738.000000
0.150000 164472.000000
0.160000 167210.000000
0.170000 169666.000000
0.180000 171676.000000
0.190000 173394.000000
0.200000 175426.000000
0.210000 176532.000000
0.220000 178118.000000
0.230000 179334.000000
0.240000 180454.000000
0.250000 181266.000000
0.260000 182442.000000
0.270000 183514.000000
0.280000 184196.000000
0.290000 184814.000000
0.300000 185800.000000
0.310000 186028.000000
0.320000 186578.000000
0.330000 186916.000000
0.340000 187560.000000
0.350000 188046.000000
0.360000 188546.000000
0.370000 188742.000000
0.380000 188774.000000
0.390000 188908.000000
0.400000 189080.000000
0.410000 189208.000000
0.420000 189778.000000
0.430000 189886.000000
0.440000 190032.000000
0.450000 189974.000000
0.460000 190506.000000
0.470000 190416.000000
0.480000 190776.000000
0.490000 191006.000000
0.500000 191542.000000
0.510000 191802.000000
0.520000 191882.000000
0.530000 192024.000000
0.540000 192156.000000
0.550000 192016.000000
0.560000 192178.000000
0.570000 192494.000000
0.580000 192260.000000
0.590000 192232.000000
0.600000 192596.000000
0.610000 192622.000000
0.620000 192978.000000
0.630000 192710.000000
0.640000 192742.000000
0.650000 193000.000000
0.660000 193260.000000
0.670000 193288.000000
0.680000 193244.000000
0.690000 193312.000000
0.700000 193268.000000
0.710000 193316.000000
0.720000 193730.000000
0.730000 193830.000000
0.740000 193808.000000
0.750000 193702.000000
0.760000 193834.000000
0.770000 194222.000000
0.780000 194000.000000
0.790000 194110.000000
0.800000 193996.000000
0.810000 193918.000000
0.820000 194108.000000
0.830000 194204.000000
0.840000 194344.000000
0.850000 194298.000000
0.860000 194596.000000
0.870000 194494.000000
0.880000 194622.000000
0.890000 194664.000000
0.900000 194388.000000
0.910000 194274.000000
0.920000 194358.000000
0.930000 194396.000000
0.940000 194076.000000
0.950000 194228.000000
0.960000 194564.000000
0.970000 194570.000000
0.980000 195048.000000
0.990000 195102.000000
1.000000 195026.000000
1.010000 194986.000000
1.020000 194944.000000
1.030000 195244.000000
1.040000 195530.000000
1.050000 195632.000000
1.060000 195662.000000
1.070000 195742.000000
1.080000 195496.000000
1.090000 194988.000000
1.100000 194942.000000
1.110000 194912.000000
1.120000 194600.000000
1.130000 194612.000000
1.140000 195032.000000
1.150000 195076.000000
1.160000 194958.000000
1.170000 194916.000000
1.180000 194880.000000
1.190000 194888.000000
1.200000 194934.000000
1.210000 195100.000000
1.220000 195018.000000
1.230000 194958.000000
1.240000 195492.000000
1.250000 195848.000000
1.260000 195642.000000
1.270000 195450.000000
1.280000 195368.000000
1.290000 195364.000000
1.300000 195342.000000
1.310000 195646.000000
1.320000 195674.000000
1.330000 195252.000000
1.340000 195202.000000
1.350000 195150.000000
1.360000 195212.000000
1.370000 195140.000000
1.380000 195678.000000
1.390000 195408.000000
1.400000 195262.000000
1.410000 195332.000000
1.420000 195404.000000
1.430000 195450.000000
1.440000 195424.000000
1.450000 195478.000000
1.460000 195328.000000
1.470000 195326.000000
1.480000 195480.000000
1.490000 195724.000000
1.500000 195684.000000
1.510000 195862.000000
1.520000 196290.000000
1.530000 196138.000000
1.540000 196002.000000
1.550000 196048.000000
1.560000 196448.000000
1.570000 196374.000000
1.580000 196430.000000
1.590000 196230.000000
1.600000 196042.000000
1.610000 195964.000000
1.620000 195896.000000
1.630000 196138.000000
1.640000 196364.000000
1.650000 196414.000000
1.660000 196468.000000
1.670000 196670.000000
1.680000 196558.000000
1.690000 196168.000000
1.700000 195834.000000
1.710000 196054.000000
1.720000 196392.000000
1.730000 196116.000000
1.740000 196184.000000
1.750000 196170.000000
1.760000 195900.000000
1.770000 195886.000000
1.780000 196224.000000
1.790000 196358.000000
1.800000 196332.000000
1.810000 196386.000000
1.820000 196228.000000
1.830000 196332.000000
1.840000 196502.000000
1.850000 196488.000000
1.860000 196204.000000
1.870000 196330.000000
1.880000 196700.000000
1.890000 196358.000000
1.900000 196620.000000
1.910000 196700.000000
1.920000 196764.000000
1.930000 196840.000000
1.940000 196872.000000
1.950000 196856.000000
1.960000 196900.000000
1.970000 196656.000000
1.980000 196360.000000
1.990000 196598.000000
2.000000 196640.000000
2.010000 196562.000000
2.020000 196464.000000
2.030000 196814.000000
2.040000 196636.000000
2.050000 196788.000000
2.060000 196872.000000
2.070000 196522.000000
2.080000 196664.000000
2.090000 196558.000000
2.100000 196454.000000
2.110000 196472.000000
2.120000 196346.000000
2.130000 196312.000000
2.140000 195822.000000
2.150000 195904.000000
2.160000 196120.000000
2.170000 196114.000000
2.180000 196538.000000
2.190000 196590.000000
2.200000 196680.000000
2.210000 196810.000000
2.220000 196760.000000
2.230000 196912.000000
2.240000 197046.000000
2.250000 196604.000000
2.260000 196530.000000
2.270000 196194.000000
2.280000 196046.000000
2.290000 196126.000000
2.300000 196212.000000
2.310000 196440.000000
2.320000 196400.000000
2.330000 196528.000000
2.340000 196828.000000
2.350000 196588.000000
2.360000 196682.000000
2.370000 196604.000000
2.380000 196598.000000
2.390000 196564.000000
2.400000 196308.000000
2.410000 196158.000000
2.420000 196196.000000
2.430000 196548.000000
2.440000 196560.000000
2.450000 196768.000000
2.460000 196710.000000
2.470000 196688.000000
2.480000 196672.000000
2.490000 197134.000000
2.500000 197286.000000
2.510000 197522.000000
2.520000 197170.000000
2.530000 196816.000000
2.540000 196756.000000
2.550000 196830.000000
2.560000 196792.000000
2.570000 196272.000000
2.580000 196474.000000
2.590000 196554.000000
2.600000 196864.000000
2.610000 196524.000000
2.620000 196812.000000
2.630000 196436.000000
2.640000 196224.000000
2.650000 196280.000000
2.660000 196378.000000
2.670000 196444.000000
2.680000 196318.000000
2.690000 196444.000000
2.700000 196612.000000
2.710000 196800.000000
2.720000 196868.000000
2.730000 196818.000000
2.740000 196826.000000
2.750000 196672.000000
2.760000 196542.000000
2.770000 197080.000000
2.780000 197136.000000
2.790000 196768.000000
2.800000 196754.000000
2.810000 196672.000000
2.820000 196626.000000
2.830000 196494.000000
2.840000 196678.000000
2.850000 196878.000000
2.860000 196676.000000
2.870000 196806.000000
2.880000 196778.000000
2.890000 196726.000000
2.900000 196426.000000
2.910000 196448.000000
2.920000 196270.000000
2.930000 196374.000000
2.940000 196602.000000
2.950000 196674.000000
2.960000 196702.000000
2.970000 196532.000000
2.980000 196946.000000
2.990000 196686.000000
3.000000 196576.000000
3.010000 196594.000000
3.020000 197052.000000
3.030000 197208.000000
3.040000 197048.000000
3.050000 197184.000000
3.060000 197084.000000
3.070000 196808.000000
3.080000 196484.000000
3.090000 196654.000000
3.100000 196766.000000
3.110000 196442.000000
3.120000 196394.000000
3.130000 196194.000000
3.140000 196452.000000
3.150000 196700.000000
3.160000 196718.000000
3.170000 196732.000000
3.180000 197060.000000
3.190000 196944.000000
3.200000 196840.000000
3.210000 196998.000000
3.220000 196874.000000
3.230000 196658.000000
3.240000 196772.000000
3.250000 196750.000000
3.260000 197034.000000
3.270000 197006.000000
3.280000 197326.000000
3.290000 197148.000000
3.300000 196934.000000
3.310000 196736.000000
3.320000 196980.000000
3.330000 196910.000000
3.340000 196760.000000
3.350000 196822.000000
3.360000 196988.000000
3.370000 196980.000000
3.380000 196802.000000
3.390000 196598.000000
3.400000 196122.000000
3.410000 196558.000000
3.420000 196704.000000
3.430000 196764.000000
3.440000 196976.000000
3.450000 197258.000000
3.460000 197164.000000
3.470000 197400.000000
3.480000 197538.000000
3.490000 197672.000000
3.500000 197568.000000
3.510000 197692.000000
3.520000 197350.000000
3.530000 197338.000000
3.540000 197102.000000
3.550000 197104.000000
3.560000 196986.000000
3.570000 196994.000000
3.580000 197038.000000
3.590000 197426.000000
3.600000 197642.000000
3.610000 197566.000000
3.620000 197746.000000
3.630000 197860.000000
3.640000 197662.000000
3.650000 198012.000000
3.660000 198016.000000
3.670000 197946.000000
3.680000 197878.000000
3.690000 197898.000000
3.700000 197604.000000
3.710000 197646.000000
3.720000 197406.000000
3.730000 197596.000000
3.740000 197272.000000
3.750000 197382.000000
3.760000 197044.000000
3.770000 196924.000000
3.780000 196962.000000
3.790000 196872.000000
3.800000 196998.000000
3.810000 197056.000000
3.820000 197000.000000
3.830000 196860.000000
3.840000 197450.000000
3.850000 196924.000000
3.860000 196764.000000
3.870000 197192.000000
3.880000 197188.000000
3.890000 197102.000000
3.900000 197066.000000
3.910000 196770.000000
3.920000 197300.000000
3.930000 197352.000000
3.940000 197168.000000
3.950000 196798.000000
3.960000 196806.000000
3.970000 196802.000000
3.980000 197002.000000
3.990000 197468.000000
4.000000 197384.000000
4.010000 197322.000000
4.020000 197276.000000
4.030000 197610.000000
4.040000 197378.000000
4.050000 197598.000000
4.060000 197806.000000
4.070000 198060.000000
4.080000 197932.000000
4.090000 197540.000000
4.100000 197300.000000
4.110000 197084.000000
4.120000 197046.000000
4.130000 197242.000000
4.140000 197332.000000
4.150000 197316.000000
4.160000 197398.000000
4.170000 197696.000000
4.180000 197666.000000
4.190000 197608.000000
4.200000 197262.000000
4.210000 197406.000000
4.220000 197376.000000
4.230000 197352.000000
4.240000 197434.000000
4.250000 197346.000000
4.260000 197406.000000
4.270000 197340.000000
4.280000 197280.000000
4.290000 197566.000000
4.300000 197424.000000
4.310000 197452.000000
4.320000 197294.000000
4.330000 197200.000000
4.340000 197102.000000
4.350000 197250.000000
4.360000 197234.000000
4.370000 197216.000000
4.380000 197508.000000
4.390000 197512.000000
4.400000 197474.000000
4.410000 197126.000000
4.420000 196952.000000
4.430000 197292.000000
4.440000 197020.000000
4.450000 197032.000000
4.460000 197106.000000
4.470000 197478.000000
4.480000 197442.000000
4.490000 197336.000000
4.500000 197138.000000
4.510000 197668.000000
4.520000 197474.000000
4.530000 197408.000000
4.540000 197620.000000
4.550000 197316.000000
4.560000 197576.000000
4.570000 197362.000000
4.580000 197418.000000
4.590000 197920.000000
4.600000 198004.000000
4.610000 197666.000000
4.620000 197736.000000
4.630000 197828.000000
4.640000 197492.000000
4.650000 197170.000000
4.660000 196938.000000
4.670000 197354.000000
4.680000 197270.000000
4.690000 197760.000000
4.700000 197806.000000
4.710000 198068.000000
4.720000 197630.000000
4.730000 198008.000000
4.740000 198128.000000
4.750000 198182.000000
4.760000 198244.000000
4.770000 197828.000000
4.780000 197474.000000
4.790000 197644.000000
4.800000 197494.000000
4.810000 197428.000000
4.820000 197208.000000
4.830000 197198.000000
4.840000 196540.000000
4.850000 196890.000000
4.860000 197142.000000
4.870000 197106.000000
4.880000 197072.000000
4.890000 197098.000000
4.900000 197056.000000
4.910000 197062.000000
4.920000 196964.000000
4.930000 196950.000000
4.940000 196548.000000
4.950000 196362.000000
4.960000 196636.000000
4.970000 196664.000000
4.980000 196770.000000
4.990000 196964.000000
5.000000 197186.000000
5.010000 197244.000000
5.020000 196860.000000
5.030000 197194.000000
5.040000 197324.000000
5.050000 197708.000000
5.060000 197498.000000
5.070000 197560.000000
5.080000 197822.000000
5.090000 197498.000000
5.100000 197412.000000
5.110000 197052.000000
5.120000 197208.000000
5.130000 196976.000000
5.140000 197124.000000
5.150000 197266.000000
5.160000 197264.000000
5.170000 197202.000000
5.180000 197610.000000
5.190000 197662.000000
5.200000 197676.000000
5.210000 197398.000000
5.220000 197318.000000
5.230000 197320.000000
5.240000 197126.000000
5.250000 196570.000000
5.260000 196400.000000
5.270000 196518.000000
5.280000 196620.000000
5.290000 197156.000000
5.300000 197106.000000
5.310000 197066.000000
5.320000 196978.000000
5.330000 197008.000000
5.340000 197100.000000
5.350000 197384.000000
5.360000 197556.000000
5.370000 197224.000000
5.380000 197022.000000
5.390000 197484.000000
5.400000 197384.000000
5.410000 197196.000000
5.420000 197448.000000
5.430000 197386.000000
5.440000 197756.000000
5.450000 197550.000000
5.460000 197456.000000
5.470000 197414.000000
5.480000 197144.000000
5.490000 197210.000000
5.500000 197520.000000
5.510000 196962.000000
5.520000 197206.000000
5.530000 197624.000000
5.540000 197584.000000
5.550000 197518.000000
5.560000 197364.000000
5.570000 197246.000000
5.580000 197478.000000
5.590000 197760.000000
5.600000 197856.000000
5.610000 197710.000000
5.620000 197774.000000
5.630000 197748.000000
5.640000 198246.000000
5.650000 198078.000000
5.660000 198304.000000
5.670000 197944.000000
5.680000 198036.000000
5.690000 198136.000000
5.700000 197980.000000
5.710000 197922.000000
5.720000 198020.000000
5.730000 198086.000000
5.740000 198032.000000
5.750000 197986.000000
5.760000 197880.000000
5.770000 197740.000000
5.780000 197850.000000
5.790000 197440.000000
5.800000 197542.000000
5.810000 197422.000000
5.820000 197472.000000
5.830000 197246.000000
5.840000 196762.000000
5.850000 196630.000000
5.860000 196952.000000
5.870000 197334.000000
5.880000 197298.000000
5.890000 197450.000000
5.900000 197470.000000
5.910000 197576.000000
5.920000 197782.000000
5.930000 197920.000000
5.940000 197780.000000
5.950000 197950.000000
5.960000 197948.000000
5.970000 197908.000000
5.980000 197982.000000
5.990000 197886.000000
6.000000 198000.000000
6.010000 197910.000000
6.020000 197724.000000
6.030000 197770.000000
6.040000 197590.000000
6.050000 197756.000000
6.060000 197972.000000
6.070000 197936.000000
6.080000 197910.000000
6.090000 198122.000000
6.100000 198082.000000
6.110000 198216.000000
6.120000 198006.000000
6.130000 197918.000000
6.140000 197582.000000
6.150000 197760.000000
6.160000 197602.000000
6.170000 197678.000000
6.180000 197594.000000
6.190000 197400.000000
6.200000 197184.000000
6.210000 197256.000000
6.220000 197478.000000
6.230000 197616.000000
6.240000 197252.000000
6.250000 197578.000000
6.260000 197860.000000
6.270000 197722.000000
6.280000 197632.000000
6.290000 197398.000000
6.300000 197440.000000
6.310000 197368.000000
6.320000 197068.000000
6.330000 197354.000000
6.340000 197338.000000
6.350000 197442.000000
6.360000 197662.000000
6.370000 197786.000000
6.380000 197998.000000
6.390000 197780.000000
6.400000 197912.000000
6.410000 197574.000000
6.420000 197910.000000
6.430000 197902.000000
6.440000 197628.000000
6.450000 197694.000000
6.460000 197308.000000
6.470000 197408.000000
6.480000 197436.000000
6.490000 197700.000000
6.500000 197792.000000
6.510000 197886.000000
6.520000 197702.000000
6.530000 197830.000000
6.540000 197690.000000
6.550000 197730.000000
6.560000 198094.000000
6.570000 198226.000000
6.580000 197758.000000
6.590000 197392.000000
6.600000 197636.000000
6.610000 197652.000000
6.620000 197800.000000
6.630000 197638.000000
6.640000 197624.000000
6.650000 197522.000000
6.660000 197226.000000
6.670000 197326.000000
6.680000 197032.000000
6.690000 197038.000000
6.700000 196802.000000
6.710000 197030.000000
6.720000 197020.000000
6.730000 197378.000000
6.740000 197096.000000
6.750000 197230.000000
6.760000 197192.000000
6.770000 197454.000000
6.780000 197482.000000
6.790000 197820.000000
6.800000 197666.000000
6.810000 197508.000000
6.820000 197394.000000
6.830000 197448.000000
6.840000 197536.000000
6.850000 197410.000000
6.860000 197544.000000
6.870000 197270.000000
6.880000 197428.000000
6.890000 197502.000000
6.900000 197578.000000
6.910000 197774.000000
6.920000 197784.000000
6.930000 197482.000000
6.940000 197552.000000
6.950000 197620.000000
6.960000 198158.000000
6.970000 198148.000000
6.980000 198088.000000
6.990000 197932.000000
7.000000 198134.000000
7.010000 198226.000000
7.020000 198252.000000
7.030000 198092.000000
7.040000 198162.000000
7.050000 197950.000000
7.060000 197838.000000
7.070000 197556.000000
7.080000 197568.000000
7.090000 198026.000000
7.100000 197820.000000
7.110000 197618.000000
7.120000 197306.000000
7.130000 197420.000000
7.140000 197698.000000
7.150000 197360.000000
7.160000 197552.000000
7.170000 197618.000000
7.180000 197544.000000
7.190000 197506.000000
7.200000 197498.000000
7.210000 197752.000000
7.220000 197724.000000
7.230000 197724.000000
7.240000 197730.000000
7.250000 197954.000000
7.260000 198122.000000
7.270000 198004.000000
7.280000 198250.000000
7.290000 198196.000000
7.300000 197980.000000
7.310000 197912.000000
7.320000 198094.000000
7.330000 197814.000000
7.340000 197642.000000
7.350000 197706.000000
7.360000 197824.000000
7.370000 197906.000000
7.380000 197856.000000
7.390000 197340.000000
7.400000 197762.000000
7.410000 197328.000000
7.420000 197554.000000
7.430000 197414.000000
7.440000 196950.000000
7.450000 196952.000000
7.460000 196932.000000
7.470000 197084.000000
7.480000 197494.000000
7.490000 197386.000000
7.500000 197372.000000
7.510000 197580.000000
7.520000 197528.000000
7.530000 197276.000000
7.540000 197226.000000
7.550000 197024.000000
7.560000 197046.000000
7.570000 196910.000000
7.580000 196992.000000
7.590000 196938.000000
7.600000 197020.000000
7.610000 197218.000000
7.620000 197382.000000
7.630000 197422.000000
7.640000 197558.000000
7.650000 197194.000000
7.660000 197380.000000
7.670000 197118.000000
7.680000 197192.000000
7.690000 197136.000000
7.700000 196912.000000
7.710000 197000.000000
7.720000 197380.000000
7.730000 197298.000000
7.740000 197532.000000
7.750000 197666.000000
7.760000 197676.000000
7.770000 197712.000000
7.780000 197788.000000
7.790000 197796.000000
7.800000 197784.000000
7.810000 197720.000000
7.820000 197888.000000
7.830000 197986.000000
7.840000 197818.000000
7.850000 197828.000000
7.860000 197674.000000
7.870000 197482.000000
7.880000 197532.000000
7.890000 197682.000000
7.900000 197530.000000
7.910000 197654.000000
7.920000 198046.000000
7.930000 198044.000000
7.940000 197546.000000
7.950000 197750.000000
7.960000 197832.000000
7.970000 197676.000000
7.980000 197552.000000
7.990000 197552.000000
8.000000 197608.000000
8.010000 197724.000000
8.020000 197834.000000
8.030000 198062.000000
8.040000 197562.000000
8.050000 197824.000000
8.060000 197614.000000
8.070000 197372.000000
8.080000 197648.000000
8.090000 197554.000000
8.100000 197398.000000
8.110000 197522.000000
8.120000 197768.000000
8.130000 197904.000000
8.140000 197828.000000
8.150000 197534.000000
8.160000 197668.000000
8.170000 197874.000000
8.180000 197826.000000
8.190000 197866.000000
8.200000 197934.000000
8.210000 197670.000000
8.220000 197958.000000
8.230000 197828.000000
8.240000 197940.000000
8.250000 197802.000000
8.260000 197590.000000
8.270000 197758.000000
8.280000 197786.000000
8.290000 197652.000000
8.300000 197576.000000
8.310000 197824.000000
8.320000 197992.000000
8.330000 198046.000000
8.340000 197790.000000
8.350000 197806.000000
8.360000 197614.000000
8.370000 197802.000000
8.380000 197612.000000
8.390000 197280.000000
8.400000 197108.000000
8.410000 197062.000000
8.420000 197046.000000
8.430000 197112.000000
8.440000 197014.000000
8.450000 196962.000000
8.460000 197048.000000
8.470000 197232.000000
8.480000 197424.000000
8.490000 197624.000000
8.500000 197840.000000
8.510000 197448.000000
8.520000 197252.000000
8.530000 197284.000000
8.540000 197372.000000
8.550000 197386.000000
8.560000 197264.000000
8.570000 197512.000000
8.580000 197624.000000
8.590000 197638.000000
8.600000 197568.000000
8.610000 197524.000000
8.620000 197814.000000
8.630000 197744.000000
8.640000 197578.000000
8.650000 197740.000000
8.660000 197442.000000
8.670000 197678.000000
8.680000 197528.000000
8.690000 197496.000000
8.700000 197578.000000
8.710000 197624.000000
8.720000 197566.000000
8.730000 197456.000000
8.740000 197638.000000
8.750000 197510.000000
8.760000 197186.000000
8.770000 197254.000000
8.780000 197258.000000
8.790000 197278.000000
8.800000 197106.000000
8.810000 197534.000000
8.820000 197792.000000
8.830000 198058.000000
8.840000 197866.000000
8.850000 197686.000000
8.860000 197620.000000
8.870000 197388.000000
8.880000 197322.000000
8.890000 197578.000000
8.900000 197748.000000
8.910000 197580.000000
8.920000 197354.000000
8.930000 197476.000000
8.940000 197508.000000
8.950000 198024.000000
8.960000 197930.000000
8.970000 197632.000000
8.980000 197836.000000
8.990000 197718.000000
9.000000 197434.000000
9.010000 197728.000000
9.020000 197352.000000
9.030000 197158.000000
9.040000 197038.000000
9.050000 197354.000000
9.060000 196982.000000
9.070000 197202.000000
9.080000 197110.000000
9.090000 197202.000000
9.100000 197430.000000
9.110000 197692.000000
9.120000 197634.000000
9.130000 197744.000000
9.140000 197544.000000
9.150000 197286.000000
9.160000 197430.000000
9.170000 197664.000000
9.180000 197960.000000
9.190000 198126.000000
9.200000 198324.000000
9.210000 198466.000000
9.220000 198372.000000
9.230000 198278.000000
9.240000 197988.000000
9.250000 198080.000000
9.260000 197884.000000
9.270000 197910.000000
9.280000 197884.000000
9.290000 197754.000000
9.300000 197956.000000
9.310000 197988.000000
9.320000 197962.000000
9.330000 197814.000000
9.340000 197698.000000
9.350000 197626.000000
9.360000 198090.000000
9.370000 197946.000000
9.380000 197536.000000
9.390000 197584.000000
9.400000 197448.000000
9.410000 197588.000000
9.420000 197658.000000
9.430000 197654.000000
9.440000 197608.000000
9.450000 197996.000000
9.460000 197914.000000
9.470000 197524.000000
9.480000 197320.000000
9.490000 197162.000000
9.500000 197232.000000
9.510000 197390.000000
9.520000 197274.000000
9.530000 197372.000000
9.540000 197272.000000
9.550000 197270.000000
9.560000 197524.000000
9.570000 197550.000000
9.580000 197196.000000
9.590000 197512.000000
9.600000 197548.000000
9.610000 197556.000000
9.620000 197722.000000
9.630000 197702.000000
9.640000 197558.000000
9.650000 197676.000000
9.660000 197654.000000
9.670000 197928.000000
9.680000 197772.000000
9.690000 198012.000000
9.700000 197772.000000
9.710000 197444.000000
9.720000 197494.000000
9.730000 197556.000000
9.740000 198118.000000
9.750000 197874.000000
9.760000 197784.000000
9.770000 197374.000000
9.780000 197160.000000
9.790000 197416.000000
9.800000 197158.000000
9.810000 197390.000000
9.820000 197620.000000
9.830000 197638.000000
9.840000 197322.000000
9.850000 197258.000000
9.860000 197246.000000
9.870000 197344.000000
9.880000 197112.000000
9.890000 197078.000000
9.900000 197074.000000
9.910000 196982.000000
9.920000 197324.000000
9.930000 197324.000000
9.940000 197634.000000
9.950000 197692.000000
9.960000 198236.000000
9.970000 198142.000000
9.980000 197822.000000
9.990000 197384.000000
10.000000 197450.000000
