# i correlation
1 0.003719
2 0.003430
3 0.003152
4 0.002919
5 0.002723
6 0.002593
7 0.002454
8 0.002324
9 0.002208
10 0.002146
11 0.002057
12 0.001987
13 0.001932
14 0.001892
15 0.001836
16 0.001805
17 0.001815
18 0.001820
19 0.001829
20 0.001865
21 0.001843
22 0.001828
23 0.001824
24 0.001820
25 0.001805
26 0.001786
27 0.001741
28 0.001674
29 0.001599
30 0.001544
31 0.001542
32 0.001555
33 0.001561
34 0.001609
35 0.001673
36 0.001701
37 0.001769
38 0.001804
39 0.001845
40 0.001870
41 0.001870
42 0.001848
43 0.001838
44 0.001846
45 0.001843
46 0.001843
47 0.001852
48 0.001831
49 0.001774
50 0.001738
51 0.001716
52 0.001751
53 0.001758
54 0.001775
55 0.001804
56 0.001846
57 0.001882
58 0.001927
59 0.001941
60 0.001923
61 0.001875
62 0.001828
63 0.001797
64 0.001758
65 0.001725
66 0.001726
67 0.001694
68 0.001648
69 0.001631
70 0.001625
71 0.001593
72 0.001585
73 0.001555
74 0.001576
75 0.001593
76 0.001622
77 0.001652
78 0.001675
79 0.001684
80 0.001686
81 0.001656
82 0.001626
83 0.001576
84 0.001536
85 0.001504
86 0.001459
87 0.001434
88 0.001394
89 0.001357
90 0.001364
91 0.001369
92 0.001392
93 0.001424
94 0.001481
95 0.001500
96 0.001559
97 0.001596
98 0.001626
99 0.001670
100 0.001689
101 0.001694
102 0.001685
103 0.001703
104 0.001737
105 0.001752
106 0.001746
107 0.001727
108 0.001696
109 0.001640
110 0.001610
111 0.001587
112 0.001537
113 0.001510
114 0.001516
115 0.001501
116 0.001505
117 0.001504
118 0.001530
119 0.001522
120 0.001471
121 0.001401
122 0.001375
123 0.001324
124 0.001336
125 0.001319
126 0.001266
127 0.001207
128 0.001166
129 0.001159
130 0.001142
131 0.001151
132 0.001171
133 0.001185
134 0.001235
135 0.001270
136 0.001295
137 0.001319
138 0.001329
139 0.001333
140 0.001351
141 0.001349
142 0.001346
143 0.001325
144 0.001330
145 0.001310
146 0.001254
147 0.001204
148 0.001150
149 0.001120
150 0.001156
151 0.001210
152 0.001272
153 0.001294
154 0.001337
155 0.001376
156 0.001403
157 0.001429
158 0.001420
159 0.001395
160 0.001387
161 0.001394
162 0.001410
163 0.001447
164 0.001482
165 0.001506
166 0.001514
167 0.001504
168 0.001469
169 0.001463
170 0.001480
171 0.001482
172 0.001432
173 0.001362
174 0.001315
175 0.001279
176 0.001311
177 0.001350
178 0.001330
179 0.001290
180 0.001236
181 0.001220
182 0.001184
183 0.001137
184 0.001090
185 0.001044
186 0.001006
187 0.000981
188 0.000993
189 0.001029
190 0.001066
191 0.001140
192 0.001179
193 0.001193
194 0.001205
195 0.001197
196 0.001181
197 0.001191
198 0.001189
199 0.001189
200 0.001187
201 0.001202
202 0.001175
203 0.001174
204 0.001172
205 0.001162
206 0.001156
207 0.001170
208 0.001181
209 0.001209
210 0.001270
211 0.001327
212 0.001363
213 0.001372
214 0.001389
215 0.001429
216 0.001425
217 0.001428
218 0.001422
219 0.001377
220 0.001330
221 0.001303
222 0.001269
223 0.001236
224 0.001193
225 0.001146
226 0.001102
227 0.001048
228 0.001033
229 0.001003
230 0.000989
231 0.000941
232 0.000959
233 0.000965
234 0.000979
235 0.001017
236 0.001070
237 0.001102
238 0.001137
239 0.001136
240 0.001153
241 0.001157
242 0.001148
243 0.001127
244 0.001089
245 0.001050
246 0.001012
247 0.000967
248 0.000968
249 0.000968
