# i correlation
1 0.002941
2 0.002653
3 0.002419
4 0.002257
5 0.002119
6 0.002001
7 0.001907
8 0.001840
9 0.001783
10 0.001718
11 0.001679
12 0.001651
13 0.001657
14 0.001659
15 0.001669
16 0.001682
17 0.001682
18 0.001643
19 0.001633
20 0.001656
21 0.001677
22 0.001668
23 0.001628
24 0.001598
25 0.001554
26 0.001509
27 0.001443
28 0.001391
29 0.001330
30 0.001300
31 0.001237
32 0.001197
33 0.001180
34 0.001172
35 0.001175
36 0.001140
37 0.001162
38 0.001166
39 0.001154
40 0.001096
41 0.001055
42 0.001043
43 0.001038
44 0.001070
45 0.001120
46 0.001137
47 0.001141
48 0.001122
49 0.001123
50 0.001132
51 0.001088
52 0.001090
53 0.001096
54 0.001132
55 0.001149
56 0.001157
57 0.001162
58 0.001172
59 0.001221
60 0.001251
61 0.001241
62 0.001218
63 0.001190
64 0.001160
65 0.001138
66 0.001133
67 0.001144
68 0.001152
69 0.001168
70 0.001177
71 0.001184
72 0.001216
73 0.001239
74 0.001252
75 0.001268
76 0.001277
77 0.001273
78 0.001261
79 0.001281
80 0.001301
81 0.001320
82 0.001361
83 0.001364
84 0.001355
85 0.001350
86 0.001326
87 0.001345
88 0.001338
89 0.001347
90 0.001352
91 0.001329
92 0.001336
93 0.001356
94 0.001381
95 0.001382
96 0.001407
97 0.001432
98 0.001421
99 0.001401
100 0.001354
101 0.001323
102 0.001289
103 0.001297
104 0.001324
105 0.001365
106 0.001398
107 0.001404
108 0.001389
109 0.001358
110 0.001344
111 0.001318
112 0.001306
113 0.001307
114 0.001327
115 0.001324
116 0.001314
117 0.001317
118 0.001310
119 0.001300
120 0.001286
121 0.001276
122 0.001264
123 0.001253
124 0.001234
125 0.001202
126 0.001165
127 0.001176
128 0.001173
129 0.001199
130 0.001186
131 0.001177
132 0.001143
133 0.001106
134 0.001073
135 0.001045
136 0.001001
137 0.000950
138 0.000948
139 0.000969
140 0.000988
141 0.000992
142 0.001017
143 0.001036
144 0.001061
145 0.001061
146 0.001076
147 0.001074
148 0.001061
149 0.001069
150 0.001112
151 0.001149
152 0.001167
153 0.001169
154 0.001180
155 0.001169
156 0.001157
157 0.001159
158 0.001155
159 0.001141
160 0.001127
161 0.001114
162 0.001106
163 0.001103
164 0.001102
165 0.001128
166 0.001202
167 0.001272
168 0.001291
169 0.001299
170 0.001288
171 0.001259
172 0.001221
173 0.001192
174 0.001183
175 0.001140
176 0.001087
177 0.001079
178 0.001099
179 0.001130
180 0.001134
181 0.001124
182 0.001102
183 0.001110
184 0.001121
185 0.001097
186 0.001082
187 0.001077
188 0.001099
189 0.001115
190 0.001098
191 0.001093
192 0.001105
193 0.001117
194 0.001127
195 0.001147
196 0.001140
197 0.001156
198 0.001129
199 0.001118
200 0.001113
201 0.001105
202 0.001108
203 0.001117
204 0.001152
205 0.001180
206 0.001175
207 0.001156
208 0.001121
209 0.001093
210 0.001092
211 0.001079
212 0.001086
213 0.001112
214 0.001144
215 0.001139
216 0.001148
217 0.001119
218 0.001093
219 0.001099
220 0.001096
221 0.001104
222 0.001109
223 0.001107
224 0.001103
225 0.001087
226 0.001103
227 0.001127
228 0.001141
229 0.001136
230 0.001132
231 0.001092
232 0.001053
233 0.001031
234 0.001008
235 0.000982
236 0.000961
237 0.000936
238 0.000924
239 0.000940
240 0.000951
241 0.000950
242 0.000927
243 0.000925
244 0.000943
245 0.000949
246 0.000938
247 0.000925
248 0.000906
249 0.000918
