# i correlation
1 0.002536
2 0.002199
3 0.001956
4 0.001745
5 0.001523
6 0.001374
7 0.001258
8 0.001175
9 0.001099
10 0.001033
11 0.000984
12 0.000933
13 0.000895
14 0.000897
15 0.000928
16 0.000948
17 0.000973
18 0.000945
19 0.000943
20 0.000965
21 0.000951
22 0.000946
23 0.000970
24 0.000972
25 0.000919
26 0.000875
27 0.000837
28 0.000807
29 0.000751
30 0.000710
31 0.000667
32 0.000641
33 0.000612
34 0.000630
35 0.000623
36 0.000616
37 0.000591
38 0.000547
39 0.000507
40 0.000505
41 0.000498
42 0.000511
43 0.000544
44 0.000584
45 0.000625
46 0.000619
47 0.000625
48 0.000623
49 0.000638
50 0.000610
51 0.000590
52 0.000572
53 0.000546
54 0.000532
55 0.000559
56 0.000575
57 0.000576
58 0.000603
59 0.000628
60 0.000653
61 0.000689
62 0.000754
63 0.000778
64 0.000780
65 0.000770
66 0.000751
67 0.000717
68 0.000635
69 0.000531
70 0.000489
71 0.000466
72 0.000453
73 0.000454
74 0.000503
75 0.000573
76 0.000634
77 0.000696
78 0.000730
79 0.000796
80 0.000818
81 0.000837
82 0.000821
83 0.000831
84 0.000799
85 0.000767
86 0.000709
87 0.000673
88 0.000643
89 0.000615
90 0.000596
91 0.000593
92 0.000590
93 0.000582
94 0.000561
95 0.000546
96 0.000532
97 0.000525
98 0.000534
99 0.000490
100 0.000482
101 0.000463
102 0.000452
103 0.000443
104 0.000468
105 0.000467
106 0.000442
107 0.000439
108 0.000430
109 0.000415
110 0.000421
111 0.000421
112 0.000430
113 0.000426
114 0.000416
115 0.000406
116 0.000399
117 0.000388
118 0.000339
119 0.000331
120 0.000315
121 0.000298
122 0.000290
123 0.000301
124 0.000341
125 0.000366
126 0.000394
127 0.000429
128 0.000476
129 0.000527
130 0.000543
131 0.000504
132 0.000509
133 0.000511
134 0.000517
135 0.000542
136 0.000550
137 0.000548
138 0.000548
139 0.000568
140 0.000585
141 0.000600
142 0.000581
143 0.000548
144 0.000537
145 0.000524
146 0.000516
147 0.000526
148 0.000488
149 0.000493
150 0.000492
151 0.000496
152 0.000516
153 0.000570
154 0.000601
155 0.000615
156 0.000584
157 0.000564
158 0.000557
159 0.000555
160 0.000541
161 0.000497
162 0.000477
163 0.000462
164 0.000440
165 0.000393
166 0.000363
167 0.000367
168 0.000358
169 0.000364
170 0.000367
171 0.000337
172 0.000331
173 0.000295
174 0.000264
175 0.000276
176 0.000277
177 0.000273
178 0.000257
179 0.000236
180 0.000194
181 0.000189
182 0.000200
183 0.000185
184 0.000153
185 0.000115
186 0.000104
187 0.000123
188 0.000092
189 0.000103
190 0.000143
191 0.000179
192 0.000179
193 0.000204
194 0.000238
195 0.000271
196 0.000278
197 0.000256
198 0.000262
199 0.000267
200 0.000252
201 0.000191
202 0.000150
203 0.000115
204 0.000077
205 0.000042
206 0.000025
207 0.000002
208 -0.000024
209 -0.000036
210 -0.000030
211 -0.000041
212 -0.000042
213 -0.000026
214 -0.000005
215 0.000027
216 0.000082
217 0.000171
218 0.000243
219 0.000287
220 0.000279
221 0.000271
222 0.000284
223 0.000270
224 0.000254
225 0.000269
226 0.000269
227 0.000253
228 0.000235
229 0.000189
230 0.000178
231 0.000177
232 0.000196
233 0.000187
234 0.000257
235 0.000286
236 0.000281
237 0.000271
238 0.000267
239 0.000288
240 0.000290
241 0.000324
242 0.000364
243 0.000404
244 0.000433
245 0.000469
246 0.000459
247 0.000459
248 0.000480
249 0.000518
