# i correlation
1 0.003698
2 0.003424
3 0.003201
4 0.003003
5 0.002825
6 0.002681
7 0.002569
8 0.002457
9 0.002355
10 0.002266
11 0.002176
12 0.002134
13 0.002106
14 0.002060
15 0.002033
16 0.001983
17 0.001929
18 0.001899
19 0.001866
20 0.001817
21 0.001779
22 0.001769
23 0.001764
24 0.001775
25 0.001787
26 0.001791
27 0.001748
28 0.001724
29 0.001679
30 0.001644
31 0.001645
32 0.001650
33 0.001643
34 0.001644
35 0.001659
36 0.001671
37 0.001684
38 0.001729
39 0.001748
40 0.001756
41 0.001769
42 0.001764
43 0.001758
44 0.001783
45 0.001799
46 0.001824
47 0.001841
48 0.001866
49 0.001883
50 0.001875
51 0.001881
52 0.001874
53 0.001847
54 0.001834
55 0.001806
56 0.001768
57 0.001774
58 0.001780
59 0.001777
60 0.001776
61 0.001759
62 0.001737
63 0.001731
64 0.001743
65 0.001712
66 0.001684
67 0.001681
68 0.001713
69 0.001737
70 0.001789
71 0.001816
72 0.001852
73 0.001879
74 0.001862
75 0.001844
76 0.001810
77 0.001815
78 0.001795
79 0.001766
80 0.001710
81 0.001619
82 0.001535
83 0.001464
84 0.001376
85 0.001279
86 0.001220
87 0.001208
88 0.001164
89 0.001130
90 0.001113
91 0.001102
92 0.001101
93 0.001118
94 0.001136
95 0.001153
96 0.001160
97 0.001161
98 0.001149
99 0.001125
100 0.001082
101 0.001031
102 0.001000
103 0.000983
104 0.000952
105 0.000963
106 0.000970
107 0.000977
108 0.000984
109 0.001002
110 0.001052
111 0.001076
112 0.001126
113 0.001164
114 0.001178
115 0.001193
116 0.001192
117 0.001207
118 0.001241
119 0.001249
120 0.001235
121 0.001219
122 0.001213
123 0.001189
124 0.001175
125 0.001180
126 0.001159
127 0.001130
128 0.001130
129 0.001128
130 0.001108
131 0.001117
132 0.001109
133 0.001090
134 0.001067
135 0.001034
136 0.001021
137 0.000981
138 0.000934
139 0.000918
140 0.000904
141 0.000922
142 0.000956
143 0.000990
144 0.000999
145 0.000974
146 0.000969
147 0.000960
148 0.000941
149 0.000911
150 0.000884
151 0.000881
152 0.000859
153 0.000831
154 0.000833
155 0.000827
156 0.000817
157 0.000822
158 0.000793
159 0.000744
160 0.000729
161 0.000730
162 0.000730
163 0.000721
164 0.000724
165 0.000729
166 0.000791
167 0.000868
168 0.000907
169 0.000946
170 0.000982
171 0.001001
172 0.000980
173 0.000989
174 0.001000
175 0.001004
176 0.000959
177 0.000933
178 0.000923
179 0.000911
180 0.000905
181 0.000887
182 0.000922
183 0.000938
184 0.000912
185 0.000890
186 0.000825
187 0.000788
188 0.000768
189 0.000770
190 0.000784
191 0.000800
192 0.000802
193 0.000807
194 0.000817
195 0.000836
196 0.000821
197 0.000772
198 0.000725
199 0.000700
200 0.000679
201 0.000669
202 0.000637
203 0.000600
204 0.000589
205 0.000605
206 0.000649
207 0.000691
208 0.000741
209 0.000784
210 0.000788
211 0.000804
212 0.000827
213 0.000822
214 0.000826
215 0.000853
216 0.000858
217 0.000851
218 0.000851
219 0.000861
220 0.000853
221 0.000856
222 0.000873
223 0.000884
224 0.000893
225 0.000927
226 0.000934
227 0.000933
228 0.000941
229 0.000962
230 0.000973
231 0.000976
232 0.000974
233 0.000953
234 0.000932
235 0.000898
236 0.000884
237 0.000882
238 0.000881
239 0.000885
240 0.000884
241 0.000846
242 0.000822
243 0.000804
244 0.000812
245 0.000777
246 0.000736
247 0.000719
248 0.000700
249 0.000695
