# i correlation
1 0.002574
2 0.002287
3 0.002075
4 0.001906
5 0.001712
6 0.001544
7 0.001368
8 0.001208
9 0.001091
10 0.001010
11 0.000972
12 0.000920
13 0.000872
14 0.000827
15 0.000815
16 0.000764
17 0.000751
18 0.000739
19 0.000670
20 0.000577
21 0.000517
22 0.000469
23 0.000402
24 0.000347
25 0.000344
26 0.000353
27 0.000343
28 0.000347
29 0.000364
30 0.000424
31 0.000459
32 0.000484
33 0.000530
34 0.000578
35 0.000637
36 0.000670
37 0.000689
38 0.000708
39 0.000760
40 0.000814
41 0.000831
42 0.000853
43 0.000886
44 0.000865
45 0.000828
46 0.000784
47 0.000767
48 0.000736
49 0.000724
50 0.000714
51 0.000713
52 0.000714
53 0.000706
54 0.000691
55 0.000678
56 0.000660
57 0.000679
58 0.000672
59 0.000623
60 0.000588
61 0.000563
62 0.000527
63 0.000487
64 0.000393
65 0.000335
66 0.000284
67 0.000252
68 0.000211
69 0.000221
70 0.000228
71 0.000238
72 0.000270
73 0.000294
74 0.000313
75 0.000303
76 0.000289
77 0.000298
78 0.000319
79 0.000338
80 0.000347
81 0.000365
82 0.000400
83 0.000442
84 0.000495
85 0.000524
86 0.000546
87 0.000543
88 0.000549
89 0.000502
90 0.000494
91 0.000500
92 0.000508
93 0.000495
94 0.000480
95 0.000451
96 0.000453
97 0.000458
98 0.000461
99 0.000443
100 0.000412
101 0.000350
102 0.000321
103 0.000287
104 0.000250
105 0.000189
106 0.000156
107 0.000140
108 0.000131
109 0.000160
110 0.000184
111 0.000201
112 0.000249
113 0.000321
114 0.000370
115 0.000420
116 0.000401
117 0.000386
118 0.000337
119 0.000328
120 0.000299
121 0.000258
122 0.000205
123 0.000170
124 0.000165
125 0.000156
126 0.000168
127 0.000182
128 0.000234
129 0.000262
130 0.000278
131 0.000277
132 0.000289
133 0.000303
134 0.000285
135 0.000267
136 0.000213
137 0.000155
138 0.000110
139 0.000094
140 0.000084
141 0.000080
142 0.000067
143 0.000074
144 0.000084
145 0.000114
146 0.000162
147 0.000189
148 0.000194
149 0.000175
150 0.000171
151 0.000171
152 0.000135
153 0.000112
154 0.000098
155 0.000090
156 0.000078
157 0.000112
158 0.000130
159 0.000157
160 0.000174
161 0.000196
162 0.000200
163 0.000185
164 0.000201
165 0.000231
166 0.000254
167 0.000270
168 0.000284
169 0.000305
170 0.000313
171 0.000289
172 0.000297
173 0.000298
174 0.000290
175 0.000261
176 0.000276
177 0.000292
178 0.000313
179 0.000321
180 0.000324
181 0.000304
182 0.000324
183 0.000330
184 0.000369
185 0.000404
186 0.000466
187 0.000485
188 0.000463
189 0.000457
190 0.000456
191 0.000443
192 0.000408
193 0.000386
194 0.000366
195 0.000354
196 0.000341
197 0.000349
198 0.000348
199 0.000364
200 0.000386
201 0.000409
202 0.000427
203 0.000447
204 0.000463
205 0.000479
206 0.000483
207 0.000497
208 0.000520
209 0.000514
210 0.000514
211 0.000539
212 0.000554
213 0.000539
214 0.000509
215 0.000467
216 0.000437
217 0.000446
218 0.000418
219 0.000408
220 0.000376
221 0.000343
222 0.000321
223 0.000317
224 0.000285
225 0.000265
226 0.000248
227 0.000276
228 0.000283
229 0.000297
230 0.000306
231 0.000283
232 0.000253
233 0.000250
234 0.000224
235 0.000204
236 0.000198
237 0.000183
238 0.000177
239 0.000199
240 0.000228
241 0.000267
242 0.000295
243 0.000337
244 0.000369
245 0.000417
246 0.000418
247 0.000408
248 0.000397
249 0.000362
