# i correlation
1 0.003152
2 0.002842
3 0.002565
4 0.002348
5 0.002189
6 0.002045
7 0.001884
8 0.001751
9 0.001616
10 0.001490
11 0.001399
12 0.001335
13 0.001282
14 0.001200
15 0.001170
16 0.001137
17 0.001124
18 0.001104
19 0.001090
20 0.001105
21 0.001122
22 0.001135
23 0.001124
24 0.001084
25 0.001063
26 0.001063
27 0.001068
28 0.001042
29 0.001026
30 0.001034
31 0.001021
32 0.001002
33 0.000987
34 0.000944
35 0.000908
36 0.000882
37 0.000872
38 0.000835
39 0.000829
40 0.000774
41 0.000726
42 0.000689
43 0.000689
44 0.000692
45 0.000679
46 0.000674
47 0.000670
48 0.000668
49 0.000661
50 0.000593
51 0.000528
52 0.000508
53 0.000509
54 0.000510
55 0.000516
56 0.000575
57 0.000611
58 0.000619
59 0.000634
60 0.000666
61 0.000706
62 0.000732
63 0.000742
64 0.000768
65 0.000812
66 0.000895
67 0.000958
68 0.000983
69 0.001002
70 0.001039
71 0.001071
72 0.001065
73 0.001070
74 0.001052
75 0.001096
76 0.001106
77 0.001062
78 0.001011
79 0.000989
80 0.000938
81 0.000940
82 0.000965
83 0.000991
84 0.001011
85 0.000989
86 0.000979
87 0.000973
88 0.001011
89 0.001029
90 0.001038
91 0.001029
92 0.001022
93 0.001015
94 0.000988
95 0.000965
96 0.000934
97 0.000898
98 0.000856
99 0.000825
100 0.000794
101 0.000773
102 0.000766
103 0.000765
104 0.000774
105 0.000777
106 0.000766
107 0.000720
108 0.000711
109 0.000714
110 0.000722
111 0.000700
112 0.000727
113 0.000735
114 0.000711
115 0.000670
116 0.000629
117 0.000590
118 0.000562
119 0.000538
120 0.000502
121 0.000477
122 0.000451
123 0.000433
124 0.000425
125 0.000413
126 0.000397
127 0.000387
128 0.000383
129 0.000361
130 0.000331
131 0.000338
132 0.000380
133 0.000421
134 0.000459
135 0.000461
136 0.000474
137 0.000503
138 0.000499
139 0.000512
140 0.000543
141 0.000544
142 0.000564
143 0.000594
144 0.000614
145 0.000639
146 0.000640
147 0.000613
148 0.000573
149 0.000541
150 0.000521
151 0.000523
152 0.000564
153 0.000580
154 0.000597
155 0.000619
156 0.000639
157 0.000667
158 0.000705
159 0.000727
160 0.000715
161 0.000725
162 0.000719
163 0.000712
164 0.000706
165 0.000735
166 0.000761
167 0.000788
168 0.000793
169 0.000809
170 0.000820
171 0.000855
172 0.000870
173 0.000908
174 0.000921
175 0.000916
176 0.000920
177 0.000898
178 0.000864
179 0.000846
180 0.000851
181 0.000839
182 0.000787
183 0.000715
184 0.000685
185 0.000666
186 0.000649
187 0.000620
188 0.000593
189 0.000556
190 0.000507
191 0.000500
192 0.000493
193 0.000486
194 0.000472
195 0.000432
196 0.000407
197 0.000365
198 0.000353
199 0.000343
200 0.000345
201 0.000379
202 0.000402
203 0.000418
204 0.000426
205 0.000361
206 0.000317
207 0.000335
208 0.000324
209 0.000317
210 0.000296
211 0.000256
212 0.000228
213 0.000223
214 0.000242
215 0.000281
216 0.000297
217 0.000306
218 0.000346
219 0.000357
220 0.000360
221 0.000348
222 0.000327
223 0.000335
224 0.000336
225 0.000331
226 0.000334
227 0.000342
228 0.000370
229 0.000419
230 0.000477
231 0.000545
232 0.000593
233 0.000650
234 0.000709
235 0.000737
236 0.000794
237 0.000847
238 0.000896
239 0.000928
240 0.000958
241 0.000973
242 0.000989
243 0.000967
244 0.000960
245 0.000965
246 0.000987
247 0.001009
248 0.000979
249 0.000953
