# time covered_sites
0.010000 3494.000000
0.020000 6488.000000
0.030000 9118.000000
0.040000 11376.000000
0.050000 13328.000000
0.060000 14964.000000
0.070000 16414.000000
0.080000 17714.000000
0.090000 18878.000000
0.100000 20104.000000
0.110000 20866.000000
0.120000 21544.000000
0.130000 22116.000000
0.140000 22624.000000
0.150000 23096.000000
0.160000 23534.000000
0.170000 23970.000000
0.180000 24238.000000
0.190000 24546.000000
0.200000 24698.000000
0.210000 24956.000000
0.220000 25254.000000
0.230000 25500.000000
0.240000 25640.000000
0.250000 25860.000000
0.260000 25800.000000
0.270000 25900.000000
0.280000 26032.000000
0.290000 26182.000000
0.300000 26082.000000
0.310000 26194.000000
0.320000 26310.000000
0.330000 26224.000000
0.340000 26192.000000
0.350000 26130.000000
0.360000 26032.000000
0.370000 26036.000000
0.380000 26140.000000
0.390000 26324.000000
0.400000 26450.000000
0.410000 26518.000000
0.420000 26614.000000
0.430000 26696.000000
0.440000 26660.000000
0.450000 26698.000000
0.460000 26770.000000
0.470000 26760.000000
0.480000 26836.000000
0.490000 26914.000000
0.500000 26968.000000
0.510000 26918.000000
0.520000 26812.000000
0.530000 26868.000000
0.540000 26858.000000
0.550000 26930.000000
0.560000 26996.000000
0.570000 26950.000000
0.580000 26828.000000
0.590000 26928.000000
0.600000 26852.000000
0.610000 26840.000000
0.620000 26894.000000
0.630000 26936.000000
0.640000 26998.000000
0.650000 26958.000000
0.660000 27008.000000
0.670000 27012.000000
0.680000 27028.000000
0.690000 27074.000000
0.700000 26994.000000
0.710000 27048.000000
0.720000 26958.000000
0.730000 27070.000000
0.740000 27098.000000
0.750000 27184.000000
0.760000 27418.000000
0.770000 27342.000000
0.780000 27362.000000
0.790000 27416.000000
0.800000 27422.000000
0.810000 27240.000000
0.820000 27244.000000
0.830000 27064.000000
0.840000 27144.000000
0.850000 27314.000000
0.860000 27374.000000
0.870000 27358.000000
0.880000 27390.000000
0.890000 27366.000000
0.900000 27306.000000
0.910000 27246.000000
0.920000 27280.000000
0.930000 27188.000000
0.940000 27310.000000
0.950000 27330.000000
0.960000 27304.000000
0.970000 27342.000000
0.980000 27414.000000
0.990000 27556.000000
1.000000 27708.000000
1.010000 27588.000000
1.020000 27466.000000
1.030000 27440.000000
1.040000 27466.000000
1.050000 27476.000000
1.060000 27558.000000
1.070000 27680.000000
1.080000 27690.000000
1.090000 27688.000000
1.100000 27710.000000
1.110000 27606.000000
1.120000 27600.000000
1.130000 27648.000000
1.140000 27614.000000
1.150000 27556.000000
1.160000 27620.000000
1.170000 27566.000000
1.180000 27758.000000
1.190000 27798.000000
1.200000 27724.000000
1.210000 27730.000000
1.220000 27706.000000
1.230000 27736.000000
1.240000 27658.000000
1.250000 27830.000000
1.260000 27666.000000
1.270000 27664.000000
1.280000 27514.000000
1.290000 27446.000000
1.300000 27546.000000
1.310000 27592.000000
1.320000 27550.000000
1.330000 27552.000000
1.340000 27482.000000
1.350000 27442.000000
1.360000 27394.000000
1.370000 27406.000000
1.380000 27420.000000
1.390000 27438.000000
1.400000 27354.000000
1.410000 27470.000000
1.420000 27610.000000
1.430000 27508.000000
1.440000 27276.000000
1.450000 27270.000000
1.460000 27378.000000
1.470000 27454.000000
1.480000 27522.000000
1.490000 27618.000000
1.500000 27534.000000
1.510000 27424.000000
1.520000 27434.000000
1.530000 27574.000000
1.540000 27510.000000
1.550000 27576.000000
1.560000 27576.000000
1.570000 27470.000000
1.580000 27490.000000
1.590000 27338.000000
1.600000 27200.000000
1.610000 27292.000000
1.620000 27246.000000
1.630000 27392.000000
1.640000 27466.000000
1.650000 27410.000000
1.660000 27620.000000
1.670000 27720.000000
1.680000 27686.000000
1.690000 27810.000000
1.700000 27794.000000
1.710000 27852.000000
1.720000 27806.000000
1.730000 27876.000000
1.740000 27968.000000
1.750000 27776.000000
1.760000 27698.000000
1.770000 27686.000000
1.780000 27652.000000
1.790000 27662.000000
1.800000 27594.000000
1.810000 27664.000000
1.820000 27784.000000
1.830000 27762.000000
1.840000 27858.000000
1.850000 27852.000000
1.860000 27840.000000
1.870000 27916.000000
1.880000 27762.000000
1.890000 27756.000000
1.900000 27840.000000
1.910000 27768.000000
1.920000 27738.000000
1.930000 27662.000000
1.940000 27694.000000
1.950000 27628.000000
1.960000 27540.000000
1.970000 27634.000000
1.980000 27564.000000
1.990000 27486.000000
2.000000 27534.000000
2.010000 27546.000000
2.020000 27520.000000
2.030000 27524.000000
2.040000 27510.000000
2.050000 27470.000000
2.060000 27554.000000
2.070000 27602.000000
2.080000 27544.000000
2.090000 27680.000000
2.100000 27754.000000
2.110000 27538.000000
2.120000 27580.000000
2.130000 27598.000000
2.140000 27580.000000
2.150000 27612.000000
2.160000 27560.000000
2.170000 27580.000000
2.180000 27674.000000
2.190000 27688.000000
2.200000 27762.000000
2.210000 27694.000000
2.220000 27652.000000
2.230000 27612.000000
2.240000 27576.000000
2.250000 27642.000000
2.260000 27542.000000
2.270000 27506.000000
2.280000 27510.000000
2.290000 27512.000000
2.300000 27474.000000
2.310000 27476.000000
2.320000 27434.000000
2.330000 27492.000000
2.340000 27506.000000
2.350000 27512.000000
2.360000 27484.000000
2.370000 27506.000000
2.380000 27686.000000
2.390000 27778.000000
2.400000 27748.000000
2.410000 27830.000000
2.420000 27800.000000
2.430000 27738.000000
2.440000 27814.000000
2.450000 27766.000000
2.460000 27812.000000
2.470000 27688.000000
2.480000 27660.000000
2.490000 27744.000000
2.500000 27742.000000
2.510000 27584.000000
2.520000 27642.000000
2.530000 27646.000000
2.540000 27612.000000
2.550000 27452.000000
2.560000 27426.000000
2.570000 27490.000000
2.580000 27456.000000
2.590000 27444.000000
2.600000 27636.000000
2.610000 27690.000000
2.620000 27814.000000
2.630000 27962.000000
2.640000 27860.000000
2.650000 27968.000000
2.660000 27936.000000
2.670000 27854.000000
2.680000 27836.000000
2.690000 27832.000000
2.700000 27798.000000
2.710000 27840.000000
2.720000 27816.000000
2.730000 27690.000000
2.740000 27714.000000
2.750000 27708.000000
2.760000 27614.000000
2.770000 27554.000000
2.780000 27562.000000
2.790000 27638.000000
2.800000 27572.000000
2.810000 27652.000000
2.820000 27610.000000
2.830000 27746.000000
2.840000 27750.000000
2.850000 27774.000000
2.860000 27728.000000
2.870000 27720.000000
2.880000 27676.000000
2.890000 27730.000000
2.900000 27724.000000
2.910000 27600.000000
2.920000 27456.000000
2.930000 27548.000000
2.940000 27602.000000
2.950000 27672.000000
2.960000 27696.000000
2.970000 27752.000000
2.980000 27718.000000
2.990000 27494.000000
3.000000 27442.000000
3.010000 27358.000000
3.020000 27278.000000
3.030000 27278.000000
3.040000 27366.000000
3.050000 27296.000000
3.060000 27296.000000
3.070000 27334.000000
3.080000 27434.000000
3.090000 27584.000000
3.100000 27622.000000
3.110000 27586.000000
3.120000 27690.000000
3.130000 27624.000000
3.140000 27666.000000
3.150000 27616.000000
3.160000 27630.000000
3.170000 27522.000000
3.180000 27522.000000
3.190000 27600.000000
3.200000 27648.000000
3.210000 27754.000000
3.220000 27864.000000
3.230000 27862.000000
3.240000 27856.000000
3.250000 27800.000000
3.260000 27690.000000
3.270000 27588.000000
3.280000 27582.000000
3.290000 27734.000000
3.300000 27798.000000
3.310000 27716.000000
3.320000 27686.000000
3.330000 27716.000000
3.340000 27756.000000
3.350000 27772.000000
3.360000 27818.000000
3.370000 27700.000000
3.380000 27716.000000
3.390000 27736.000000
3.400000 27788.000000
3.410000 27788.000000
3.420000 27668.000000
3.430000 27730.000000
3.440000 27702.000000
3.450000 27700.000000
3.460000 27736.000000
3.470000 27746.000000
3.480000 27676.000000
3.490000 27804.000000
3.500000 27808.000000
3.510000 27720.000000
3.520000 27720.000000
3.530000 27598.000000
3.540000 27680.000000
3.550000 27716.000000
3.560000 27752.000000
3.570000 27774.000000
3.580000 27782.000000
3.590000 27782.000000
3.600000 27780.000000
3.610000 27702.000000
3.620000 27842.000000
3.630000 27838.000000
3.640000 27704.000000
3.650000 27690.000000
3.660000 27762.000000
3.670000 27676.000000
3.680000 27696.000000
3.690000 27704.000000
3.700000 27868.000000
3.710000 27890.000000
3.720000 27978.000000
3.730000 27936.000000
3.740000 27784.000000
3.750000 27860.000000
3.760000 28006.000000
3.770000 27960.000000
3.780000 27978.000000
3.790000 27956.000000
3.800000 27894.000000
3.810000 27796.000000
3.820000 27674.000000
3.830000 27672.000000
3.840000 27682.000000
3.850000 27780.000000
3.860000 27752.000000
3.870000 27628.000000
3.880000 27576.000000
3.890000 27630.000000
3.900000 27726.000000
3.910000 27656.000000
3.920000 27712.000000
3.930000 27814.000000
3.940000 27658.000000
3.950000 27820.000000
3.960000 27688.000000
3.970000 27718.000000
3.980000 27788.000000
3.990000 27768.000000
4.000000 27774.000000
4.010000 27702.000000
4.020000 27736.000000
4.030000 27584.000000
4.040000 27684.000000
4.050000 27642.000000
4.060000 27674.000000
4.070000 27596.000000
4.080000 27632.000000
4.090000 27580.000000
4.100000 27646.000000
4.110000 27802.000000
4.120000 27766.000000
4.130000 27752.000000
4.140000 27846.000000
4.150000 27836.000000
4.160000 27820.000000
4.170000 27738.000000
4.180000 27764.000000
4.190000 27766.000000
4.200000 27834.000000
4.210000 27828.000000
4.220000 27892.000000
4.230000 27876.000000
4.240000 27906.000000
4.250000 27924.000000
4.260000 27874.000000
4.270000 27768.000000
4.280000 27818.000000
4.290000 27770.000000
4.300000 27844.000000
4.310000 27766.000000
4.320000 27782.000000
4.330000 27786.000000
4.340000 27950.000000
4.350000 27960.000000
4.360000 27914.000000
4.370000 28018.000000
4.380000 28004.000000
4.390000 27922.000000
4.400000 27810.000000
4.410000 27822.000000
4.420000 27744.000000
4.430000 27792.000000
4.440000 27760.000000
4.450000 27772.000000
4.460000 27804.000000
4.470000 27692.000000
4.480000 27670.000000
4.490000 27604.000000
4.500000 27598.000000
4.510000 27644.000000
4.520000 27620.000000
4.530000 27416.000000
4.540000 27316.000000
4.550000 27406.000000
4.560000 27506.000000
4.570000 27582.000000
4.580000 27578.000000
4.590000 27518.000000
4.600000 27506.000000
4.610000 27662.000000
4.620000 27658.000000
4.630000 27668.000000
4.640000 27672.000000
4.650000 27776.000000
4.660000 27642.000000
4.670000 27644.000000
4.680000 27654.000000
4.690000 27620.000000
4.700000 27664.000000
4.710000 27690.000000
4.720000 27700.000000
4.730000 27574.000000
4.740000 27534.000000
4.750000 27592.000000
4.760000 27440.000000
4.770000 27412.000000
4.780000 27564.000000
4.790000 27554.000000
4.800000 27568.000000
4.810000 27506.000000
4.820000 27478.000000
4.830000 27612.000000
4.840000 27588.000000
4.850000 27456.000000
4.860000 27466.000000
4.870000 27504.000000
4.880000 27564.000000
4.890000 27538.000000
4.900000 27538.000000
4.910000 27682.000000
4.920000 27686.000000
4.930000 27740.000000
4.940000 27772.000000
4.950000 27778.000000
4.960000 27764.000000
4.970000 27770.000000
4.980000 27664.000000
4.990000 27706.000000
5.000000 27682.000000
5.010000 27664.000000
5.020000 27718.000000
5.030000 27840.000000
5.040000 27706.000000
5.050000 27652.000000
5.060000 27698.000000
5.070000 27566.000000
5.080000 27592.000000
5.090000 27644.000000
5.100000 27716.000000
5.110000 27614.000000
5.120000 27680.000000
5.130000 27632.000000
5.140000 27652.000000
5.150000 27658.000000
5.160000 27694.000000
5.170000 27688.000000
5.180000 27702.000000
5.190000 27756.000000
5.200000 27684.000000
5.210000 27706.000000
5.220000 27702.000000
5.230000 27786.000000
5.240000 27706.000000
5.250000 27840.000000
5.260000 27808.000000
5.270000 27770.000000
5.280000 27718.000000
5.290000 27634.000000
5.300000 27552.000000
5.310000 27434.000000
5.320000 27574.000000
5.330000 27550.000000
5.340000 27514.000000
5.350000 27382.000000
5.360000 27414.000000
5.370000 27522.000000
5.380000 27738.000000
5.390000 27700.000000
5.400000 27816.000000
5.410000 27654.000000
5.420000 27720.000000
5.430000 27758.000000
5.440000 27808.000000
5.450000 27818.000000
5.460000 27778.000000
5.470000 27716.000000
5.480000 27518.000000
5.490000 27564.000000
5.500000 27550.000000
5.510000 27696.000000
5.520000 27692.000000
5.530000 27678.000000
5.540000 27686.000000
5.550000 27672.000000
5.560000 27642.000000
5.570000 27690.000000
5.580000 27544.000000
5.590000 27546.000000
5.600000 27626.000000
5.610000 27742.000000
5.620000 27618.000000
5.630000 27506.000000
5.640000 27522.000000
5.650000 27544.000000
5.660000 27598.000000
5.670000 27754.000000
5.680000 27768.000000
5.690000 27676.000000
5.700000 27780.000000
5.710000 27806.000000
5.720000 27756.000000
5.730000 27816.000000
5.740000 27812.000000
5.750000 27786.000000
5.760000 27804.000000
5.770000 27716.000000
5.780000 27706.000000
5.790000 27668.000000
5.800000 27656.000000
5.810000 27686.000000
5.820000 27706.000000
5.830000 27736.000000
5.840000 27700.000000
5.850000 27752.000000
5.860000 27718.000000
5.870000 27706.000000
5.880000 27822.000000
5.890000 27820.000000
5.900000 27838.000000
5.910000 27786.000000
5.920000 27730.000000
5.930000 27866.000000
5.940000 27968.000000
5.950000 27802.000000
5.960000 27884.000000
5.970000 27826.000000
5.980000 27852.000000
5.990000 27884.000000
6.000000 27972.000000
6.010000 27870.000000
6.020000 27924.000000
6.030000 27906.000000
6.040000 27876.000000
6.050000 27834.000000
6.060000 27820.000000
6.070000 27722.000000
6.080000 27594.000000
6.090000 27514.000000
6.100000 27636.000000
6.110000 27536.000000
6.120000 27618.000000
6.130000 27560.000000
6.140000 27498.000000
6.150000 27506.000000
6.160000 27530.000000
6.170000 27596.000000
6.180000 27572.000000
6.190000 27620.000000
6.200000 27694.000000
6.210000 27594.000000
6.220000 27632.000000
6.230000 27568.000000
6.240000 27646.000000
6.250000 27632.000000
6.260000 27672.000000
6.270000 27710.000000
6.280000 27752.000000
6.290000 27736.000000
6.300000 27610.000000
6.310000 27686.000000
6.320000 27658.000000
6.330000 27776.000000
6.340000 27838.000000
6.350000 27824.000000
6.360000 27780.000000
6.370000 27718.000000
6.380000 27722.000000
6.390000 27722.000000
6.400000 27694.000000
6.410000 27772.000000
6.420000 27914.000000
6.430000 27734.000000
6.440000 27690.000000
6.450000 27714.000000
6.460000 27786.000000
6.470000 27808.000000
6.480000 27786.000000
6.490000 27704.000000
6.500000 27732.000000
6.510000 27730.000000
6.520000 27738.000000
6.530000 27724.000000
6.540000 27706.000000
6.550000 27774.000000
6.560000 27722.000000
6.570000 27722.000000
6.580000 27658.000000
6.590000 27850.000000
6.600000 27770.000000
6.610000 27732.000000
6.620000 27794.000000
6.630000 27848.000000
6.640000 27898.000000
6.650000 27970.000000
6.660000 27952.000000
6.670000 27892.000000
6.680000 27902.000000
6.690000 27976.000000
6.700000 27876.000000
6.710000 27926.000000
6.720000 27858.000000
6.730000 27868.000000
6.740000 27844.000000
6.750000 27842.000000
6.760000 27890.000000
6.770000 27924.000000
6.780000 27972.000000
6.790000 27828.000000
6.800000 27790.000000
6.810000 27964.000000
6.820000 27804.000000
6.830000 27794.000000
6.840000 27730.000000
6.850000 27584.000000
6.860000 27614.000000
6.870000 27578.000000
6.880000 27592.000000
6.890000 27494.000000
6.900000 27566.000000
6.910000 27516.000000
6.920000 27494.000000
6.930000 27490.000000
6.940000 27518.000000
6.950000 27538.000000
6.960000 27646.000000
6.970000 27760.000000
6.980000 27758.000000
6.990000 27780.000000
7.000000 27688.000000
7.010000 27770.000000
7.020000 27648.000000
7.030000 27670.000000
7.040000 27844.000000
7.050000 27842.000000
7.060000 27964.000000
7.070000 27868.000000
7.080000 27888.000000
7.090000 27922.000000
7.100000 27854.000000
7.110000 27802.000000
7.120000 27844.000000
7.130000 27792.000000
7.140000 27864.000000
7.150000 27844.000000
7.160000 27782.000000
7.170000 27862.000000
7.180000 27912.000000
7.190000 27950.000000
7.200000 27936.000000
7.210000 27912.000000
7.220000 27756.000000
7.230000 27878.000000
7.240000 27820.000000
7.250000 27886.000000
7.260000 27884.000000
7.270000 27786.000000
7.280000 27886.000000
7.290000 27848.000000
7.300000 27850.000000
7.310000 27874.000000
7.320000 27908.000000
7.330000 27820.000000
7.340000 27860.000000
7.350000 27862.000000
7.360000 27824.000000
7.370000 27842.000000
7.380000 27906.000000
7.390000 28030.000000
7.400000 27922.000000
7.410000 27842.000000
7.420000 27736.000000
7.430000 27614.000000
7.440000 27648.000000
7.450000 27684.000000
7.460000 27668.000000
7.470000 27680.000000
7.480000 27730.000000
7.490000 27798.000000
7.500000 27754.000000
7.510000 27918.000000
7.520000 27856.000000
7.530000 27920.000000
7.540000 27946.000000
7.550000 27850.000000
7.560000 27840.000000
7.570000 27864.000000
7.580000 27806.000000
7.590000 27832.000000
7.600000 27886.000000
7.610000 27864.000000
7.620000 27904.000000
7.630000 27936.000000
7.640000 27918.000000
7.650000 27840.000000
7.660000 27758.000000
7.670000 27894.000000
7.680000 27774.000000
7.690000 27830.000000
7.700000 27670.000000
7.710000 27666.000000
7.720000 27756.000000
7.730000 27732.000000
7.740000 27776.000000
7.750000 27728.000000
7.760000 27686.000000
7.770000 27686.000000
7.780000 27622.000000
7.790000 27564.000000
7.800000 27680.000000
7.810000 27748.000000
7.820000 27722.000000
7.830000 27716.000000
7.840000 27714.000000
7.850000 27712.000000
7.860000 27718.000000
7.870000 27754.000000
7.880000 27742.000000
7.890000 27716.000000
7.900000 27628.000000
7.910000 27550.000000
7.920000 27602.000000
7.930000 27684.000000
7.940000 27682.000000
7.950000 27676.000000
7.960000 27682.000000
7.970000 27612.000000
7.980000 27678.000000
7.990000 27718.000000
8.000000 27832.000000
8.010000 27866.000000
8.020000 27958.000000
8.030000 27758.000000
8.040000 27666.000000
8.050000 27632.000000
8.060000 27640.000000
8.070000 27610.000000
8.080000 27558.000000
8.090000 27746.000000
8.100000 27880.000000
8.110000 27938.000000
8.120000 27746.000000
8.130000 27664.000000
8.140000 27780.000000
8.150000 27900.000000
8.160000 27916.000000
8.170000 28052.000000
8.180000 28008.000000
8.190000 27936.000000
8.200000 27820.000000
8.210000 27826.000000
8.220000 27814.000000
8.230000 27824.000000
8.240000 27866.000000
8.250000 27712.000000
8.260000 27668.000000
8.270000 27742.000000
8.280000 27846.000000
8.290000 27790.000000
8.300000 27874.000000
8.310000 27830.000000
8.320000 27710.000000
8.330000 27850.000000
8.340000 27786.000000
8.350000 27906.000000
8.360000 27810.000000
8.370000 27728.000000
8.380000 27724.000000
8.390000 27728.000000
8.400000 27676.000000
8.410000 27692.000000
8.420000 27776.000000
8.430000 27852.000000
8.440000 27840.000000
8.450000 27842.000000
8.460000 27890.000000
8.470000 27910.000000
8.480000 27934.000000
8.490000 27880.000000
8.500000 27968.000000
8.510000 27954.000000
8.520000 27886.000000
8.530000 27850.000000
8.540000 27848.000000
8.550000 27816.000000
8.560000 27778.000000
8.570000 27712.000000
8.580000 27782.000000
8.590000 27792.000000
8.600000 27736.000000
8.610000 27738.000000
8.620000 27784.000000
8.630000 27674.000000
8.640000 27636.000000
8.650000 27514.000000
8.660000 27662.000000
8.670000 27756.000000
8.680000 27672.000000
8.690000 27672.000000
8.700000 27650.000000
8.710000 27672.000000
8.720000 27644.000000
8.730000 27574.000000
8.740000 27598.000000
8.750000 27644.000000
8.760000 27584.000000
8.770000 27632.000000
8.780000 27530.000000
8.790000 27632.000000
8.800000 27750.000000
8.810000 27858.000000
8.820000 27830.000000
8.830000 27814.000000
8.840000 27858.000000
8.850000 27754.000000
8.860000 27728.000000
8.870000 27852.000000
8.880000 27848.000000
8.890000 27808.000000
8.900000 27818.000000
8.910000 27832.000000
8.920000 27810.000000
8.930000 27856.000000
8.940000 27838.000000
8.950000 27884.000000
8.960000 27782.000000
8.970000 27738.000000
8.980000 27666.000000
8.990000 27664.000000
9.000000 27748.000000
9.010000 27680.000000
9.020000 27762.000000
9.030000 27778.000000
9.040000 27776.000000
9.050000 27718.000000
9.060000 27712.000000
9.070000 27692.000000
9.080000 27642.000000
9.090000 27582.000000
9.100000 27574.000000
9.110000 27586.000000
9.120000 27414.000000
9.130000 27434.000000
9.140000 27474.000000
9.150000 27576.000000
9.160000 27568.000000
9.170000 27716.000000
9.180000 27744.000000
9.190000 27686.000000
9.200000 27652.000000
9.210000 27686.000000
9.220000 27614.000000
9.230000 27638.000000
9.240000 27696.000000
9.250000 27632.000000
9.260000 27662.000000
9.270000 27612.000000
9.280000 27590.000000
9.290000 27608.000000
9.300000 27624.000000
9.310000 27640.000000
9.320000 27528.000000
9.330000 27616.000000
9.340000 27498.000000
9.350000 27462.000000
9.360000 27384.000000
9.370000 27392.000000
9.380000 27452.000000
9.390000 27450.000000
9.400000 27522.000000
9.410000 27582.000000
9.420000 27404.000000
9.430000 27416.000000
9.440000 27444.000000
9.450000 27560.000000
9.460000 27592.000000
9.470000 27602.000000
9.480000 27650.000000
9.490000 27692.000000
9.500000 27580.000000
9.510000 27742.000000
9.520000 27700.000000
9.530000 27644.000000
9.540000 27786.000000
9.550000 27746.000000
9.560000 27700.000000
9.570000 27754.000000
9.580000 27764.000000
9.590000 27782.000000
9.600000 27736.000000
9.610000 27682.000000
9.620000 27824.000000
9.630000 27756.000000
9.640000 27804.000000
9.650000 27882.000000
9.660000 27822.000000
9.670000 27812.000000
9.680000 27772.000000
9.690000 27834.000000
9.700000 27822.000000
9.710000 27842.000000
9.720000 27932.000000
9.730000 27830.000000
9.740000 27846.000000
9.750000 27900.000000
9.760000 27890.000000
9.770000 27862.000000
9.780000 27846.000000
9.790000 27942.000000
9.800000 28064.000000
9.810000 27934.000000
9.820000 27998.000000
9.830000 27938.000000
9.840000 27998.000000
9.850000 27964.000000
9.860000 27936.000000
9.870000 27866.000000
9.880000 27956.000000
9.890000 27920.000000
9.900000 27910.000000
9.910000 27848.000000
9.920000 27862.000000
9.930000 28024.000000
9.940000 27964.000000
9.950000 28016.000000
9.960000 27902.000000
9.970000 27742.000000
9.980000 27652.000000
9.990000 27668.000000
10.000000 27744.000000
