# i correlation
1 0.002049
2 0.001933
3 0.001845
4 0.001763
5 0.001695
6 0.001637
7 0.001596
8 0.001551
9 0.001513
10 0.001475
11 0.001450
12 0.001430
13 0.001407
14 0.001382
15 0.001363
16 0.001339
17 0.001331
18 0.001320
19 0.001300
20 0.001281
21 0.001251
22 0.001237
23 0.001219
24 0.001198
25 0.001176
26 0.001150
27 0.001127
28 0.001115
29 0.001103
30 0.001091
31 0.001076
32 0.001079
33 0.001086
34 0.001094
35 0.001091
36 0.001107
37 0.001114
38 0.001124
39 0.001131
40 0.001131
41 0.001110
42 0.001084
43 0.001068
44 0.001060
45 0.001046
46 0.001032
47 0.001029
48 0.001026
49 0.001013
50 0.001008
51 0.000995
52 0.000980
53 0.000977
54 0.000963
55 0.000952
56 0.000956
57 0.000963
58 0.000982
59 0.000991
60 0.001000
61 0.000995
62 0.000993
63 0.000978
64 0.000966
65 0.000957
66 0.000959
67 0.000958
68 0.000951
69 0.000941
70 0.000920
71 0.000908
72 0.000892
73 0.000877
74 0.000871
75 0.000862
76 0.000850
77 0.000849
78 0.000836
79 0.000823
80 0.000805
81 0.000794
82 0.000791
83 0.000791
84 0.000798
85 0.000790
86 0.000792
87 0.000796
88 0.000783
89 0.000778
90 0.000783
91 0.000768
92 0.000758
93 0.000760
94 0.000764
95 0.000753
96 0.000753
97 0.000761
98 0.000765
99 0.000766
100 0.000757
101 0.000750
102 0.000758
103 0.000748
104 0.000730
105 0.000730
106 0.000737
107 0.000744
108 0.000744
109 0.000746
110 0.000734
111 0.000727
112 0.000720
113 0.000717
114 0.000712
115 0.000702
116 0.000703
117 0.000706
118 0.000707
119 0.000701
120 0.000700
121 0.000689
122 0.000689
123 0.000675
124 0.000661
125 0.000649
126 0.000638
127 0.000635
128 0.000623
129 0.000616
130 0.000602
131 0.000595
132 0.000583
133 0.000574
134 0.000589
135 0.000602
136 0.000601
137 0.000605
138 0.000599
139 0.000578
140 0.000570
141 0.000563
142 0.000560
143 0.000552
144 0.000537
145 0.000520
146 0.000514
147 0.000507
148 0.000507
149 0.000517
150 0.000521
151 0.000529
152 0.000537
153 0.000544
154 0.000560
155 0.000561
156 0.000562
157 0.000566
158 0.000575
159 0.000591
160 0.000604
161 0.000621
162 0.000621
163 0.000618
164 0.000615
165 0.000604
166 0.000592
167 0.000590
168 0.000594
169 0.000588
170 0.000565
171 0.000546
172 0.000537
173 0.000536
174 0.000543
175 0.000532
176 0.000540
177 0.000556
178 0.000557
179 0.000552
180 0.000550
181 0.000543
182 0.000546
183 0.000552
184 0.000562
185 0.000565
186 0.000560
187 0.000555
188 0.000543
189 0.000522
190 0.000490
191 0.000468
192 0.000461
193 0.000451
194 0.000446
195 0.000450
196 0.000462
197 0.000473
198 0.000472
199 0.000481
200 0.000489
201 0.000495
202 0.000520
203 0.000526
204 0.000527
205 0.000510
206 0.000493
207 0.000490
208 0.000483
209 0.000485
210 0.000483
211 0.000475
212 0.000463
213 0.000447
214 0.000440
215 0.000432
216 0.000433
217 0.000442
218 0.000450
219 0.000462
220 0.000473
221 0.000496
222 0.000502
223 0.000495
224 0.000496
225 0.000501
226 0.000498
227 0.000493
228 0.000485
229 0.000464
230 0.000446
231 0.000428
232 0.000417
233 0.000406
234 0.000395
235 0.000393
236 0.000402
237 0.000404
238 0.000402
239 0.000403
240 0.000404
241 0.000399
242 0.000396
243 0.000397
244 0.000396
245 0.000403
246 0.000416
247 0.000428
248 0.000444
249 0.000457
250 0.000461
251 0.000470
252 0.000467
253 0.000463
254 0.000455
255 0.000454
256 0.000450
257 0.000454
258 0.000466
259 0.000470
260 0.000478
261 0.000484
262 0.000476
263 0.000471
264 0.000464
265 0.000447
266 0.000436
267 0.000432
268 0.000419
269 0.000404
270 0.000403
271 0.000410
272 0.000399
273 0.000385
274 0.000366
275 0.000354
276 0.000356
277 0.000351
278 0.000343
279 0.000346
280 0.000349
281 0.000343
282 0.000328
283 0.000313
284 0.000300
285 0.000307
286 0.000315
287 0.000321
288 0.000314
289 0.000313
290 0.000313
291 0.000323
292 0.000342
293 0.000360
294 0.000374
295 0.000389
296 0.000403
297 0.000414
298 0.000417
299 0.000416
300 0.000414
301 0.000406
302 0.000404
303 0.000399
304 0.000394
305 0.000400
306 0.000399
307 0.000397
308 0.000394
309 0.000396
310 0.000394
311 0.000395
312 0.000384
313 0.000379
314 0.000371
315 0.000375
316 0.000373
317 0.000377
318 0.000381
319 0.000390
320 0.000407
321 0.000411
322 0.000409
323 0.000401
324 0.000399
325 0.000388
326 0.000380
327 0.000370
328 0.000350
329 0.000341
330 0.000332
331 0.000320
332 0.000315
333 0.000322
334 0.000326
335 0.000328
336 0.000329
337 0.000336
338 0.000350
339 0.000360
340 0.000356
341 0.000360
342 0.000356
343 0.000351
344 0.000352
345 0.000361
346 0.000368
347 0.000363
348 0.000350
349 0.000328
350 0.000309
351 0.000291
352 0.000276
353 0.000276
354 0.000277
355 0.000287
356 0.000305
357 0.000316
358 0.000335
359 0.000350
360 0.000356
361 0.000365
362 0.000360
363 0.000365
364 0.000374
365 0.000371
366 0.000365
367 0.000347
368 0.000330
369 0.000319
370 0.000315
371 0.000311
372 0.000303
373 0.000305
374 0.000300
375 0.000291
376 0.000280
377 0.000271
378 0.000276
379 0.000282
380 0.000289
381 0.000297
382 0.000301
383 0.000305
384 0.000309
385 0.000308
386 0.000314
387 0.000313
388 0.000309
389 0.000303
390 0.000285
391 0.000272
392 0.000263
393 0.000249
394 0.000238
395 0.000243
396 0.000239
397 0.000227
398 0.000223
399 0.000229
400 0.000227
401 0.000233
402 0.000246
403 0.000258
404 0.000274
405 0.000291
406 0.000307
407 0.000311
408 0.000304
409 0.000304
410 0.000293
411 0.000290
412 0.000296
413 0.000309
414 0.000330
415 0.000333
416 0.000341
417 0.000354
418 0.000349
419 0.000354
420 0.000358
421 0.000362
422 0.000372
423 0.000381
424 0.000400
425 0.000410
426 0.000411
427 0.000402
428 0.000397
429 0.000394
430 0.000382
431 0.000381
432 0.000379
433 0.000372
434 0.000361
435 0.000357
436 0.000351
437 0.000341
438 0.000325
439 0.000308
440 0.000294
441 0.000274
442 0.000266
443 0.000271
444 0.000267
445 0.000265
446 0.000263
447 0.000259
448 0.000244
449 0.000232
450 0.000219
451 0.000202
452 0.000181
453 0.000173
454 0.000166
455 0.000172
456 0.000174
457 0.000175
458 0.000182
459 0.000183
460 0.000187
461 0.000195
462 0.000194
463 0.000196
464 0.000202
465 0.000204
466 0.000194
467 0.000189
468 0.000181
469 0.000180
470 0.000192
471 0.000200
472 0.000221
473 0.000240
474 0.000262
475 0.000281
476 0.000288
477 0.000289
478 0.000289
479 0.000293
480 0.000293
481 0.000300
482 0.000302
483 0.000303
484 0.000290
485 0.000275
486 0.000253
487 0.000237
488 0.000222
489 0.000212
490 0.000197
491 0.000185
492 0.000180
493 0.000185
494 0.000189
495 0.000196
496 0.000199
497 0.000199
498 0.000206
499 0.000201
500 0.000187
501 0.000183
502 0.000185
503 0.000188
504 0.000183
505 0.000180
506 0.000176
507 0.000180
508 0.000184
509 0.000198
510 0.000211
511 0.000219
512 0.000225
513 0.000233
514 0.000237
515 0.000242
516 0.000243
517 0.000244
518 0.000250
519 0.000260
520 0.000264
521 0.000273
522 0.000288
523 0.000301
524 0.000300
525 0.000297
526 0.000291
527 0.000288
528 0.000280
529 0.000269
530 0.000259
531 0.000254
532 0.000257
533 0.000261
534 0.000264
535 0.000257
536 0.000255
537 0.000254
538 0.000250
539 0.000242
540 0.000238
541 0.000244
542 0.000256
543 0.000277
544 0.000290
545 0.000300
546 0.000311
547 0.000320
548 0.000327
549 0.000336
550 0.000335
551 0.000335
552 0.000330
553 0.000321
554 0.000311
555 0.000311
556 0.000312
557 0.000309
558 0.000313
559 0.000310
560 0.000311
561 0.000307
562 0.000304
563 0.000304
564 0.000291
565 0.000281
566 0.000279
567 0.000281
568 0.000274
569 0.000268
570 0.000263
571 0.000260
572 0.000269
573 0.000273
574 0.000271
575 0.000270
576 0.000273
577 0.000269
578 0.000270
579 0.000277
580 0.000299
581 0.000315
582 0.000327
583 0.000345
584 0.000360
585 0.000375
586 0.000378
587 0.000380
588 0.000382
589 0.000385
590 0.000380
591 0.000376
592 0.000377
593 0.000375
594 0.000373
595 0.000367
596 0.000365
597 0.000358
598 0.000348
599 0.000341
600 0.000346
601 0.000345
602 0.000345
603 0.000336
604 0.000334
605 0.000341
606 0.000348
607 0.000349
608 0.000350
609 0.000357
610 0.000354
611 0.000354
612 0.000362
613 0.000368
614 0.000362
615 0.000356
616 0.000362
617 0.000366
618 0.000365
619 0.000371
620 0.000378
621 0.000381
622 0.000378
623 0.000379
624 0.000383
625 0.000382
626 0.000375
627 0.000362
628 0.000349
629 0.000333
630 0.000324
631 0.000319
632 0.000323
633 0.000322
634 0.000323
635 0.000325
636 0.000324
637 0.000315
638 0.000316
639 0.000320
640 0.000326
641 0.000333
642 0.000338
643 0.000343
644 0.000348
645 0.000357
646 0.000358
647 0.000354
648 0.000340
649 0.000336
650 0.000329
651 0.000318
652 0.000312
653 0.000310
654 0.000304
655 0.000297
656 0.000300
657 0.000303
658 0.000305
659 0.000305
660 0.000302
661 0.000295
662 0.000291
663 0.000292
664 0.000292
665 0.000289
666 0.000285
667 0.000276
668 0.000265
669 0.000254
670 0.000240
671 0.000230
672 0.000228
673 0.000215
674 0.000212
675 0.000207
676 0.000207
677 0.000211
678 0.000213
679 0.000215
680 0.000212
681 0.000213
682 0.000216
683 0.000225
684 0.000224
685 0.000226
686 0.000229
687 0.000219
688 0.000203
689 0.000185
690 0.000173
691 0.000162
692 0.000158
693 0.000154
694 0.000151
695 0.000148
696 0.000146
697 0.000141
698 0.000141
699 0.000141
700 0.000142
701 0.000143
702 0.000152
703 0.000159
704 0.000163
705 0.000161
706 0.000167
707 0.000176
708 0.000172
709 0.000173
710 0.000174
711 0.000176
712 0.000173
713 0.000167
714 0.000169
715 0.000171
716 0.000175
717 0.000175
718 0.000177
719 0.000180
720 0.000183
721 0.000185
722 0.000190
723 0.000193
724 0.000199
725 0.000203
726 0.000207
727 0.000206
728 0.000203
729 0.000204
730 0.000206
731 0.000210
732 0.000211
733 0.000212
734 0.000213
735 0.000210
736 0.000207
737 0.000199
738 0.000190
739 0.000187
740 0.000192
741 0.000194
742 0.000191
743 0.000194
744 0.000191
745 0.000185
746 0.000181
747 0.000177
748 0.000176
749 0.000165
750 0.000152
751 0.000140
752 0.000133
753 0.000130
754 0.000124
755 0.000114
756 0.000099
757 0.000083
758 0.000072
759 0.000065
760 0.000061
761 0.000057
762 0.000058
763 0.000060
764 0.000052
765 0.000042
766 0.000038
767 0.000037
768 0.000033
769 0.000033
770 0.000039
771 0.000035
772 0.000034
773 0.000030
774 0.000028
775 0.000021
776 0.000016
777 0.000007
778 -0.000002
779 -0.000009
780 -0.000009
781 -0.000008
782 -0.000008
783 -0.000009
784 -0.000007
785 -0.000003
786 -0.000003
787 -0.000005
788 -0.000007
789 -0.000012
790 -0.000011
791 -0.000012
792 -0.000011
793 -0.000009
794 -0.000006
795 -0.000007
796 -0.000006
797 -0.000008
798 -0.000007
799 -0.000007
800 -0.000009
801 -0.000012
802 -0.000015
803 -0.000011
804 -0.000005
805 0.000001
806 0.000008
807 0.000015
808 0.000032
809 0.000046
