# i correlation
1 0.001794
2 0.001676
3 0.001575
4 0.001480
5 0.001394
6 0.001323
7 0.001275
8 0.001245
9 0.001206
10 0.001166
11 0.001135
12 0.001112
13 0.001086
14 0.001058
15 0.001026
16 0.001007
17 0.000981
18 0.000962
19 0.000951
20 0.000947
21 0.000953
22 0.000953
23 0.000966
24 0.000975
25 0.000981
26 0.000978
27 0.000962
28 0.000936
29 0.000925
30 0.000912
31 0.000909
32 0.000903
33 0.000908
34 0.000924
35 0.000942
36 0.000949
37 0.000968
38 0.000977
39 0.000984
40 0.000977
41 0.000973
42 0.000955
43 0.000939
44 0.000910
45 0.000888
46 0.000867
47 0.000847
48 0.000832
49 0.000827
50 0.000820
51 0.000805
52 0.000791
53 0.000790
54 0.000789
55 0.000786
56 0.000785
57 0.000795
58 0.000801
59 0.000800
60 0.000791
61 0.000792
62 0.000799
63 0.000804
64 0.000815
65 0.000831
66 0.000841
67 0.000843
68 0.000839
69 0.000835
70 0.000814
71 0.000799
72 0.000790
73 0.000771
74 0.000754
75 0.000731
76 0.000723
77 0.000714
78 0.000701
79 0.000684
80 0.000681
81 0.000678
82 0.000685
83 0.000681
84 0.000671
85 0.000660
86 0.000648
87 0.000626
88 0.000618
89 0.000611
90 0.000597
91 0.000584
92 0.000562
93 0.000556
94 0.000551
95 0.000540
96 0.000542
97 0.000543
98 0.000544
99 0.000545
100 0.000545
101 0.000550
102 0.000565
103 0.000577
104 0.000587
105 0.000585
106 0.000591
107 0.000607
108 0.000602
109 0.000592
110 0.000586
111 0.000583
112 0.000571
113 0.000542
114 0.000525
115 0.000519
116 0.000509
117 0.000507
118 0.000505
119 0.000509
120 0.000524
121 0.000531
122 0.000541
123 0.000569
124 0.000586
125 0.000595
126 0.000601
127 0.000596
128 0.000587
129 0.000572
130 0.000542
131 0.000517
132 0.000490
133 0.000471
134 0.000456
135 0.000435
136 0.000417
137 0.000414
138 0.000404
139 0.000395
140 0.000380
141 0.000366
142 0.000358
143 0.000344
144 0.000342
145 0.000338
146 0.000338
147 0.000354
148 0.000374
149 0.000378
150 0.000380
151 0.000379
152 0.000378
153 0.000365
154 0.000351
155 0.000331
156 0.000318
157 0.000320
158 0.000320
159 0.000308
160 0.000312
161 0.000315
162 0.000322
163 0.000330
164 0.000336
165 0.000338
166 0.000322
167 0.000304
168 0.000292
169 0.000280
170 0.000272
171 0.000259
172 0.000255
173 0.000267
174 0.000278
175 0.000289
176 0.000304
177 0.000312
178 0.000314
179 0.000316
180 0.000297
181 0.000290
182 0.000282
183 0.000282
184 0.000282
185 0.000279
186 0.000273
187 0.000278
188 0.000292
189 0.000302
190 0.000310
191 0.000322
192 0.000326
193 0.000319
194 0.000300
195 0.000286
196 0.000272
197 0.000266
198 0.000253
199 0.000253
200 0.000273
201 0.000293
202 0.000303
203 0.000303
204 0.000316
205 0.000328
206 0.000337
207 0.000344
208 0.000351
209 0.000359
210 0.000359
211 0.000360
212 0.000351
213 0.000350
214 0.000353
215 0.000365
216 0.000380
217 0.000385
218 0.000384
219 0.000380
220 0.000362
221 0.000343
222 0.000327
223 0.000313
224 0.000299
225 0.000288
226 0.000291
227 0.000303
228 0.000314
229 0.000319
230 0.000333
231 0.000335
232 0.000327
233 0.000319
234 0.000313
235 0.000315
236 0.000315
237 0.000305
238 0.000300
239 0.000308
240 0.000324
241 0.000339
242 0.000362
243 0.000372
244 0.000382
245 0.000384
246 0.000397
247 0.000398
248 0.000393
249 0.000386
250 0.000381
251 0.000373
252 0.000361
253 0.000355
254 0.000361
255 0.000363
256 0.000366
257 0.000364
258 0.000355
259 0.000359
260 0.000352
261 0.000335
262 0.000330
263 0.000318
264 0.000318
265 0.000329
266 0.000335
267 0.000338
268 0.000343
269 0.000343
270 0.000340
271 0.000335
272 0.000334
273 0.000343
274 0.000346
275 0.000353
276 0.000363
277 0.000376
278 0.000382
279 0.000377
280 0.000382
281 0.000398
282 0.000406
283 0.000421
284 0.000433
285 0.000457
286 0.000466
287 0.000466
288 0.000469
289 0.000474
290 0.000476
291 0.000470
292 0.000454
293 0.000436
294 0.000425
295 0.000411
296 0.000400
297 0.000392
298 0.000387
299 0.000392
300 0.000379
301 0.000371
302 0.000368
303 0.000368
304 0.000370
305 0.000373
306 0.000380
307 0.000394
308 0.000402
309 0.000408
310 0.000406
311 0.000408
312 0.000418
313 0.000425
314 0.000424
315 0.000429
316 0.000431
317 0.000426
318 0.000424
319 0.000424
320 0.000421
321 0.000419
322 0.000420
323 0.000420
324 0.000424
325 0.000422
326 0.000424
327 0.000430
328 0.000438
329 0.000445
330 0.000452
331 0.000459
332 0.000468
333 0.000478
334 0.000471
335 0.000468
336 0.000462
337 0.000459
338 0.000455
339 0.000456
340 0.000459
341 0.000452
342 0.000453
343 0.000448
344 0.000440
345 0.000429
346 0.000430
347 0.000429
348 0.000430
349 0.000422
350 0.000423
351 0.000424
352 0.000419
353 0.000429
354 0.000438
355 0.000444
356 0.000456
357 0.000466
358 0.000481
359 0.000491
360 0.000498
361 0.000501
362 0.000495
363 0.000494
364 0.000493
365 0.000490
366 0.000500
367 0.000517
368 0.000535
369 0.000549
370 0.000551
371 0.000552
372 0.000556
373 0.000561
374 0.000554
375 0.000542
376 0.000528
377 0.000514
378 0.000500
379 0.000486
380 0.000485
381 0.000483
382 0.000469
383 0.000455
384 0.000436
385 0.000426
386 0.000408
387 0.000393
388 0.000392
389 0.000393
390 0.000391
391 0.000396
392 0.000411
393 0.000422
394 0.000428
395 0.000433
396 0.000442
397 0.000451
398 0.000458
399 0.000453
400 0.000444
401 0.000441
402 0.000429
403 0.000409
404 0.000405
405 0.000402
406 0.000406
407 0.000413
408 0.000409
409 0.000413
410 0.000411
411 0.000409
412 0.000405
413 0.000392
414 0.000389
415 0.000391
416 0.000393
417 0.000405
418 0.000416
419 0.000433
420 0.000440
421 0.000428
422 0.000420
423 0.000420
424 0.000417
425 0.000407
426 0.000392
427 0.000381
428 0.000373
429 0.000368
430 0.000375
431 0.000386
432 0.000399
433 0.000419
434 0.000425
435 0.000436
436 0.000449
437 0.000452
438 0.000460
439 0.000468
440 0.000467
441 0.000480
442 0.000486
443 0.000482
444 0.000470
445 0.000461
446 0.000455
447 0.000440
448 0.000413
449 0.000399
450 0.000390
451 0.000380
452 0.000361
453 0.000350
454 0.000345
455 0.000341
456 0.000344
457 0.000349
458 0.000348
459 0.000343
460 0.000329
461 0.000323
462 0.000324
463 0.000333
464 0.000346
465 0.000347
466 0.000350
467 0.000340
468 0.000324
469 0.000314
470 0.000315
471 0.000310
472 0.000310
473 0.000311
474 0.000312
475 0.000313
476 0.000322
477 0.000327
478 0.000333
479 0.000329
480 0.000325
481 0.000316
482 0.000314
483 0.000310
484 0.000313
485 0.000317
486 0.000315
487 0.000316
488 0.000323
489 0.000326
490 0.000333
491 0.000330
492 0.000326
493 0.000318
494 0.000308
495 0.000314
496 0.000324
497 0.000336
498 0.000350
499 0.000363
500 0.000383
501 0.000396
502 0.000400
503 0.000403
504 0.000401
505 0.000401
506 0.000396
507 0.000393
508 0.000388
509 0.000375
510 0.000356
511 0.000336
512 0.000320
513 0.000306
514 0.000292
515 0.000288
516 0.000288
517 0.000280
518 0.000269
519 0.000257
520 0.000254
521 0.000259
522 0.000254
523 0.000254
524 0.000254
525 0.000250
526 0.000242
527 0.000237
528 0.000226
529 0.000220
530 0.000214
531 0.000207
532 0.000200
533 0.000193
534 0.000185
535 0.000180
536 0.000176
537 0.000172
538 0.000173
539 0.000180
540 0.000186
541 0.000186
542 0.000186
543 0.000189
544 0.000188
545 0.000194
546 0.000198
547 0.000204
548 0.000211
549 0.000216
550 0.000217
551 0.000211
552 0.000202
553 0.000201
554 0.000199
555 0.000188
556 0.000177
557 0.000170
558 0.000167
559 0.000164
560 0.000153
561 0.000153
562 0.000157
563 0.000161
564 0.000165
565 0.000165
566 0.000161
567 0.000151
568 0.000140
569 0.000127
570 0.000125
571 0.000121
572 0.000113
573 0.000105
574 0.000105
575 0.000108
576 0.000103
577 0.000101
578 0.000096
579 0.000096
580 0.000100
581 0.000095
582 0.000100
583 0.000101
584 0.000104
585 0.000100
586 0.000100
587 0.000102
588 0.000106
589 0.000116
590 0.000131
591 0.000130
592 0.000123
593 0.000117
594 0.000107
595 0.000092
596 0.000079
597 0.000071
598 0.000067
599 0.000067
600 0.000068
601 0.000068
602 0.000062
603 0.000063
604 0.000063
605 0.000064
606 0.000068
607 0.000075
608 0.000074
609 0.000072
610 0.000072
611 0.000071
612 0.000068
613 0.000062
614 0.000059
615 0.000062
616 0.000066
617 0.000066
618 0.000063
619 0.000067
620 0.000068
621 0.000065
622 0.000065
623 0.000064
624 0.000071
625 0.000088
626 0.000104
627 0.000122
628 0.000141
629 0.000148
630 0.000149
631 0.000148
632 0.000143
633 0.000138
634 0.000133
635 0.000127
636 0.000122
637 0.000117
638 0.000112
639 0.000103
640 0.000098
641 0.000091
642 0.000088
643 0.000082
644 0.000073
645 0.000063
646 0.000058
647 0.000070
648 0.000082
649 0.000092
650 0.000102
651 0.000109
652 0.000112
653 0.000112
654 0.000115
655 0.000115
656 0.000106
657 0.000101
658 0.000096
659 0.000088
660 0.000085
661 0.000084
662 0.000080
663 0.000081
664 0.000085
665 0.000094
666 0.000098
667 0.000093
668 0.000091
669 0.000088
670 0.000080
671 0.000068
672 0.000060
673 0.000056
674 0.000057
675 0.000062
676 0.000064
677 0.000066
678 0.000073
679 0.000081
680 0.000082
681 0.000079
682 0.000083
683 0.000089
684 0.000097
685 0.000100
686 0.000106
687 0.000112
688 0.000113
689 0.000110
690 0.000110
691 0.000116
692 0.000122
693 0.000126
694 0.000128
695 0.000120
696 0.000109
697 0.000103
698 0.000100
699 0.000103
700 0.000115
701 0.000124
702 0.000131
703 0.000130
704 0.000128
705 0.000129
706 0.000129
707 0.000131
708 0.000137
709 0.000145
710 0.000145
711 0.000148
712 0.000150
713 0.000152
714 0.000151
715 0.000150
716 0.000153
717 0.000155
718 0.000164
719 0.000170
720 0.000170
721 0.000171
722 0.000176
723 0.000182
724 0.000194
725 0.000202
726 0.000212
727 0.000225
728 0.000236
729 0.000249
730 0.000256
731 0.000261
732 0.000271
733 0.000275
734 0.000275
735 0.000272
736 0.000272
737 0.000270
738 0.000268
739 0.000264
740 0.000266
741 0.000268
742 0.000269
743 0.000264
744 0.000263
745 0.000265
746 0.000260
747 0.000259
748 0.000263
749 0.000268
750 0.000264
751 0.000263
752 0.000266
753 0.000267
754 0.000272
755 0.000278
756 0.000281
757 0.000283
758 0.000286
759 0.000288
760 0.000287
761 0.000282
762 0.000274
763 0.000268
764 0.000261
765 0.000262
766 0.000260
767 0.000255
768 0.000255
769 0.000250
770 0.000244
771 0.000236
772 0.000233
773 0.000230
774 0.000229
775 0.000230
776 0.000230
777 0.000228
778 0.000226
779 0.000228
780 0.000227
781 0.000224
782 0.000224
783 0.000218
784 0.000213
785 0.000210
786 0.000207
787 0.000202
788 0.000201
789 0.000203
790 0.000208
791 0.000213
792 0.000217
793 0.000222
794 0.000225
795 0.000230
796 0.000231
797 0.000235
798 0.000242
799 0.000247
800 0.000250
801 0.000255
802 0.000259
803 0.000259
804 0.000255
805 0.000257
806 0.000258
807 0.000255
808 0.000247
809 0.000240
