# i correlation
1 0.001842
2 0.001723
3 0.001623
4 0.001550
5 0.001503
6 0.001461
7 0.001424
8 0.001376
9 0.001345
10 0.001317
11 0.001292
12 0.001273
13 0.001265
14 0.001275
15 0.001264
16 0.001252
17 0.001242
18 0.001238
19 0.001242
20 0.001223
21 0.001204
22 0.001195
23 0.001187
24 0.001174
25 0.001162
26 0.001152
27 0.001141
28 0.001136
29 0.001132
30 0.001124
31 0.001119
32 0.001110
33 0.001108
34 0.001101
35 0.001078
36 0.001064
37 0.001050
38 0.001052
39 0.001039
40 0.001022
41 0.001007
42 0.000989
43 0.000985
44 0.000969
45 0.000955
46 0.000936
47 0.000934
48 0.000929
49 0.000908
50 0.000903
51 0.000901
52 0.000901
53 0.000907
54 0.000912
55 0.000925
56 0.000917
57 0.000911
58 0.000902
59 0.000894
60 0.000894
61 0.000902
62 0.000903
63 0.000887
64 0.000876
65 0.000868
66 0.000865
67 0.000866
68 0.000866
69 0.000859
70 0.000861
71 0.000869
72 0.000875
73 0.000876
74 0.000874
75 0.000868
76 0.000842
77 0.000832
78 0.000826
79 0.000829
80 0.000832
81 0.000838
82 0.000839
83 0.000835
84 0.000822
85 0.000815
86 0.000811
87 0.000816
88 0.000823
89 0.000834
90 0.000850
91 0.000861
92 0.000864
93 0.000881
94 0.000900
95 0.000908
96 0.000901
97 0.000889
98 0.000880
99 0.000873
100 0.000876
101 0.000893
102 0.000896
103 0.000888
104 0.000878
105 0.000855
106 0.000829
107 0.000795
108 0.000777
109 0.000768
110 0.000772
111 0.000782
112 0.000785
113 0.000787
114 0.000780
115 0.000764
116 0.000736
117 0.000718
118 0.000701
119 0.000688
120 0.000678
121 0.000662
122 0.000641
123 0.000623
124 0.000610
125 0.000596
126 0.000580
127 0.000577
128 0.000594
129 0.000613
130 0.000624
131 0.000619
132 0.000622
133 0.000637
134 0.000645
135 0.000652
136 0.000654
137 0.000656
138 0.000650
139 0.000650
140 0.000639
141 0.000633
142 0.000631
143 0.000631
144 0.000623
145 0.000604
146 0.000582
147 0.000560
148 0.000554
149 0.000541
150 0.000530
151 0.000527
152 0.000527
153 0.000526
154 0.000532
155 0.000536
156 0.000538
157 0.000548
158 0.000554
159 0.000567
160 0.000582
161 0.000586
162 0.000607
163 0.000624
164 0.000637
165 0.000646
166 0.000653
167 0.000654
168 0.000649
169 0.000634
170 0.000621
171 0.000609
172 0.000611
173 0.000610
174 0.000617
175 0.000623
176 0.000639
177 0.000638
178 0.000642
179 0.000640
180 0.000634
181 0.000630
182 0.000631
183 0.000628
184 0.000632
185 0.000641
186 0.000644
187 0.000637
188 0.000619
189 0.000622
190 0.000628
191 0.000634
192 0.000649
193 0.000662
194 0.000676
195 0.000693
196 0.000711
197 0.000718
198 0.000722
199 0.000715
200 0.000711
201 0.000705
202 0.000699
203 0.000703
204 0.000700
205 0.000691
206 0.000678
207 0.000667
208 0.000657
209 0.000644
210 0.000631
211 0.000615
212 0.000611
213 0.000612
214 0.000597
215 0.000600
216 0.000604
217 0.000610
218 0.000622
219 0.000614
220 0.000603
221 0.000577
222 0.000574
223 0.000588
224 0.000598
225 0.000610
226 0.000613
227 0.000615
228 0.000608
229 0.000612
230 0.000611
231 0.000608
232 0.000617
233 0.000626
234 0.000637
235 0.000628
236 0.000617
237 0.000607
238 0.000596
239 0.000601
240 0.000611
241 0.000618
242 0.000626
243 0.000633
244 0.000632
245 0.000625
246 0.000616
247 0.000616
248 0.000621
249 0.000620
250 0.000619
251 0.000617
252 0.000616
253 0.000620
254 0.000629
255 0.000631
256 0.000634
257 0.000635
258 0.000640
259 0.000640
260 0.000623
261 0.000605
262 0.000585
263 0.000587
264 0.000583
265 0.000591
266 0.000597
267 0.000609
268 0.000632
269 0.000634
270 0.000638
271 0.000631
272 0.000638
273 0.000650
274 0.000652
275 0.000655
276 0.000642
277 0.000642
278 0.000642
279 0.000622
280 0.000605
281 0.000590
282 0.000577
283 0.000561
284 0.000548
285 0.000532
286 0.000521
287 0.000524
288 0.000528
289 0.000529
290 0.000521
291 0.000521
292 0.000522
293 0.000529
294 0.000531
295 0.000532
296 0.000532
297 0.000535
298 0.000533
299 0.000529
300 0.000516
301 0.000507
302 0.000498
303 0.000498
304 0.000486
305 0.000468
306 0.000468
307 0.000475
308 0.000482
309 0.000482
310 0.000481
311 0.000476
312 0.000459
313 0.000452
314 0.000445
315 0.000432
316 0.000424
317 0.000410
318 0.000396
319 0.000385
320 0.000391
321 0.000394
322 0.000406
323 0.000410
324 0.000408
325 0.000409
326 0.000424
327 0.000436
328 0.000451
329 0.000464
330 0.000463
331 0.000454
332 0.000437
333 0.000437
334 0.000433
335 0.000428
336 0.000428
337 0.000431
338 0.000419
339 0.000398
340 0.000392
341 0.000379
342 0.000379
343 0.000373
344 0.000373
345 0.000367
346 0.000374
347 0.000373
348 0.000379
349 0.000376
350 0.000371
351 0.000372
352 0.000364
353 0.000358
354 0.000353
355 0.000360
356 0.000368
357 0.000374
358 0.000378
359 0.000376
360 0.000379
361 0.000393
362 0.000403
363 0.000413
364 0.000415
365 0.000413
366 0.000412
367 0.000420
368 0.000429
369 0.000438
370 0.000452
371 0.000468
372 0.000470
373 0.000466
374 0.000457
375 0.000444
376 0.000443
377 0.000441
378 0.000446
379 0.000445
380 0.000441
381 0.000440
382 0.000446
383 0.000443
384 0.000441
385 0.000447
386 0.000444
387 0.000448
388 0.000453
389 0.000459
390 0.000462
391 0.000458
392 0.000450
393 0.000457
394 0.000457
395 0.000450
396 0.000434
397 0.000423
398 0.000414
399 0.000406
400 0.000404
401 0.000399
402 0.000401
403 0.000397
404 0.000400
405 0.000399
406 0.000396
407 0.000400
408 0.000402
409 0.000402
410 0.000394
411 0.000391
412 0.000390
413 0.000379
414 0.000370
415 0.000371
416 0.000374
417 0.000363
418 0.000361
419 0.000361
420 0.000349
421 0.000348
422 0.000347
423 0.000351
424 0.000345
425 0.000340
426 0.000333
427 0.000325
428 0.000330
429 0.000327
430 0.000334
431 0.000342
432 0.000347
433 0.000352
434 0.000349
435 0.000351
436 0.000347
437 0.000356
438 0.000359
439 0.000346
440 0.000334
441 0.000335
442 0.000335
443 0.000332
444 0.000332
445 0.000328
446 0.000321
447 0.000311
448 0.000305
449 0.000304
450 0.000307
451 0.000310
452 0.000319
453 0.000324
454 0.000316
455 0.000308
456 0.000299
457 0.000301
458 0.000287
459 0.000294
460 0.000291
461 0.000294
462 0.000304
463 0.000308
464 0.000309
465 0.000310
466 0.000321
467 0.000335
468 0.000359
469 0.000370
470 0.000377
471 0.000383
472 0.000378
473 0.000391
474 0.000391
475 0.000393
476 0.000401
477 0.000399
478 0.000389
479 0.000373
480 0.000362
481 0.000355
482 0.000351
483 0.000355
484 0.000355
485 0.000363
486 0.000370
487 0.000375
488 0.000390
489 0.000386
490 0.000390
491 0.000400
492 0.000414
493 0.000423
494 0.000427
495 0.000429
496 0.000438
497 0.000441
498 0.000445
499 0.000454
500 0.000460
501 0.000462
502 0.000464
503 0.000458
504 0.000454
505 0.000451
506 0.000447
507 0.000448
508 0.000447
509 0.000452
510 0.000459
511 0.000462
512 0.000464
513 0.000460
514 0.000456
515 0.000449
516 0.000450
517 0.000441
518 0.000442
519 0.000432
520 0.000419
521 0.000416
522 0.000414
523 0.000420
524 0.000427
525 0.000423
526 0.000429
527 0.000440
528 0.000449
529 0.000459
530 0.000467
531 0.000472
532 0.000480
533 0.000486
534 0.000482
535 0.000478
536 0.000476
537 0.000473
538 0.000457
539 0.000448
540 0.000439
541 0.000435
542 0.000432
543 0.000437
544 0.000433
545 0.000429
546 0.000437
547 0.000443
548 0.000446
549 0.000445
550 0.000441
551 0.000437
552 0.000437
553 0.000437
554 0.000433
555 0.000428
556 0.000428
557 0.000434
558 0.000443
559 0.000442
560 0.000442
561 0.000438
562 0.000439
563 0.000445
564 0.000452
565 0.000453
566 0.000457
567 0.000459
568 0.000448
569 0.000443
570 0.000447
571 0.000455
572 0.000449
573 0.000439
574 0.000433
575 0.000420
576 0.000413
577 0.000407
578 0.000403
579 0.000402
580 0.000403
581 0.000403
582 0.000393
583 0.000385
584 0.000383
585 0.000393
586 0.000400
587 0.000409
588 0.000407
589 0.000412
590 0.000412
591 0.000409
592 0.000403
593 0.000388
594 0.000380
595 0.000370
596 0.000366
597 0.000366
598 0.000372
599 0.000368
600 0.000367
601 0.000373
602 0.000377
603 0.000387
604 0.000394
605 0.000401
606 0.000396
607 0.000376
608 0.000362
609 0.000347
610 0.000337
611 0.000339
612 0.000340
613 0.000338
614 0.000338
615 0.000332
616 0.000327
617 0.000324
618 0.000316
619 0.000315
620 0.000314
621 0.000311
622 0.000308
623 0.000301
624 0.000301
625 0.000296
626 0.000282
627 0.000272
628 0.000268
629 0.000267
630 0.000276
631 0.000290
632 0.000298
633 0.000305
634 0.000305
635 0.000307
636 0.000312
637 0.000316
638 0.000316
639 0.000314
640 0.000307
641 0.000301
642 0.000301
643 0.000298
644 0.000298
645 0.000298
646 0.000297
647 0.000299
648 0.000299
649 0.000302
650 0.000302
651 0.000303
652 0.000300
653 0.000297
654 0.000295
655 0.000293
656 0.000288
657 0.000277
658 0.000267
659 0.000268
660 0.000272
661 0.000274
662 0.000270
663 0.000265
664 0.000261
665 0.000256
666 0.000255
667 0.000253
668 0.000251
669 0.000246
670 0.000245
671 0.000247
672 0.000249
673 0.000248
674 0.000243
675 0.000247
676 0.000245
677 0.000244
678 0.000242
679 0.000233
680 0.000218
681 0.000207
682 0.000199
683 0.000192
684 0.000186
685 0.000180
686 0.000182
687 0.000178
688 0.000169
689 0.000161
690 0.000151
691 0.000151
692 0.000150
693 0.000156
694 0.000160
695 0.000161
696 0.000162
697 0.000164
698 0.000163
699 0.000164
700 0.000164
701 0.000159
702 0.000149
703 0.000145
704 0.000145
705 0.000145
706 0.000143
707 0.000138
708 0.000134
709 0.000130
710 0.000130
711 0.000131
712 0.000126
713 0.000122
714 0.000121
715 0.000129
716 0.000133
717 0.000133
718 0.000139
719 0.000148
720 0.000153
721 0.000155
722 0.000160
723 0.000153
724 0.000143
725 0.000138
726 0.000138
727 0.000142
728 0.000143
729 0.000147
730 0.000147
731 0.000148
732 0.000148
733 0.000152
734 0.000158
735 0.000161
736 0.000166
737 0.000164
738 0.000165
739 0.000167
740 0.000169
741 0.000174
742 0.000172
743 0.000176
744 0.000182
745 0.000189
746 0.000201
747 0.000199
748 0.000199
749 0.000196
750 0.000199
751 0.000202
752 0.000209
753 0.000214
754 0.000212
755 0.000211
756 0.000211
757 0.000212
758 0.000214
759 0.000211
760 0.000213
761 0.000214
762 0.000209
763 0.000205
764 0.000203
765 0.000207
766 0.000217
767 0.000221
768 0.000219
769 0.000213
770 0.000211
771 0.000209
772 0.000205
773 0.000195
774 0.000186
775 0.000178
776 0.000176
777 0.000176
778 0.000169
779 0.000165
780 0.000160
781 0.000155
782 0.000155
783 0.000153
784 0.000151
785 0.000140
786 0.000134
787 0.000132
788 0.000132
789 0.000138
790 0.000143
791 0.000143
792 0.000137
793 0.000134
794 0.000130
795 0.000124
796 0.000123
797 0.000120
798 0.000115
799 0.000113
800 0.000106
801 0.000099
802 0.000093
803 0.000087
804 0.000084
805 0.000086
806 0.000083
807 0.000082
808 0.000086
809 0.000086
