# i correlation
1 0.001504
2 0.001386
3 0.001289
4 0.001214
5 0.001175
6 0.001141
7 0.001117
8 0.001096
9 0.001067
10 0.001030
11 0.000998
12 0.000976
13 0.000959
14 0.000942
15 0.000924
16 0.000915
17 0.000902
18 0.000899
19 0.000894
20 0.000874
21 0.000851
22 0.000824
23 0.000806
24 0.000800
25 0.000807
26 0.000821
27 0.000822
28 0.000823
29 0.000816
30 0.000827
31 0.000830
32 0.000841
33 0.000854
34 0.000850
35 0.000844
36 0.000838
37 0.000839
38 0.000836
39 0.000835
40 0.000832
41 0.000827
42 0.000832
43 0.000840
44 0.000843
45 0.000840
46 0.000841
47 0.000838
48 0.000835
49 0.000838
50 0.000836
51 0.000829
52 0.000813
53 0.000802
54 0.000793
55 0.000793
56 0.000794
57 0.000788
58 0.000795
59 0.000812
60 0.000817
61 0.000816
62 0.000817
63 0.000826
64 0.000830
65 0.000830
66 0.000825
67 0.000819
68 0.000811
69 0.000793
70 0.000778
71 0.000758
72 0.000737
73 0.000717
74 0.000709
75 0.000700
76 0.000694
77 0.000704
78 0.000714
79 0.000724
80 0.000726
81 0.000726
82 0.000717
83 0.000715
84 0.000721
85 0.000730
86 0.000733
87 0.000741
88 0.000749
89 0.000758
90 0.000763
91 0.000766
92 0.000777
93 0.000786
94 0.000800
95 0.000815
96 0.000835
97 0.000844
98 0.000850
99 0.000847
100 0.000840
101 0.000824
102 0.000805
103 0.000791
104 0.000781
105 0.000775
106 0.000765
107 0.000751
108 0.000738
109 0.000726
110 0.000711
111 0.000700
112 0.000692
113 0.000697
114 0.000707
115 0.000713
116 0.000707
117 0.000698
118 0.000688
119 0.000673
120 0.000657
121 0.000649
122 0.000641
123 0.000633
124 0.000634
125 0.000635
126 0.000635
127 0.000634
128 0.000624
129 0.000617
130 0.000615
131 0.000616
132 0.000625
133 0.000636
134 0.000651
135 0.000654
136 0.000649
137 0.000644
138 0.000645
139 0.000646
140 0.000651
141 0.000659
142 0.000663
143 0.000662
144 0.000664
145 0.000664
146 0.000674
147 0.000685
148 0.000681
149 0.000670
150 0.000652
151 0.000653
152 0.000651
153 0.000645
154 0.000636
155 0.000628
156 0.000617
157 0.000614
158 0.000621
159 0.000628
160 0.000636
161 0.000639
162 0.000641
163 0.000639
164 0.000639
165 0.000642
166 0.000649
167 0.000662
168 0.000664
169 0.000650
170 0.000632
171 0.000611
172 0.000597
173 0.000599
174 0.000608
175 0.000619
176 0.000625
177 0.000626
178 0.000631
179 0.000639
180 0.000631
181 0.000641
182 0.000637
183 0.000634
184 0.000638
185 0.000631
186 0.000623
187 0.000617
188 0.000606
189 0.000594
190 0.000588
191 0.000581
192 0.000576
193 0.000583
194 0.000588
195 0.000581
196 0.000565
197 0.000548
198 0.000532
199 0.000524
200 0.000525
201 0.000526
202 0.000530
203 0.000529
204 0.000530
205 0.000530
206 0.000530
207 0.000525
208 0.000512
209 0.000502
210 0.000491
211 0.000496
212 0.000505
213 0.000505
214 0.000508
215 0.000499
216 0.000477
217 0.000472
218 0.000471
219 0.000465
220 0.000465
221 0.000477
222 0.000497
223 0.000503
224 0.000507
225 0.000526
226 0.000539
227 0.000545
228 0.000539
229 0.000541
230 0.000555
231 0.000560
232 0.000567
233 0.000577
234 0.000582
235 0.000577
236 0.000571
237 0.000568
238 0.000566
239 0.000565
240 0.000565
241 0.000567
242 0.000561
243 0.000553
244 0.000547
245 0.000536
246 0.000513
247 0.000494
248 0.000482
249 0.000464
250 0.000447
251 0.000436
252 0.000434
253 0.000433
254 0.000424
255 0.000413
256 0.000399
257 0.000396
258 0.000399
259 0.000406
260 0.000418
261 0.000432
262 0.000441
263 0.000447
264 0.000444
265 0.000442
266 0.000444
267 0.000447
268 0.000460
269 0.000475
270 0.000487
271 0.000494
272 0.000493
273 0.000499
274 0.000501
275 0.000495
276 0.000483
277 0.000479
278 0.000475
279 0.000478
280 0.000476
281 0.000473
282 0.000467
283 0.000457
284 0.000444
285 0.000441
286 0.000440
287 0.000436
288 0.000437
289 0.000443
290 0.000450
291 0.000452
292 0.000460
293 0.000461
294 0.000454
295 0.000443
296 0.000429
297 0.000416
298 0.000404
299 0.000404
300 0.000412
301 0.000425
302 0.000436
303 0.000441
304 0.000443
305 0.000440
306 0.000431
307 0.000424
308 0.000421
309 0.000419
310 0.000416
311 0.000412
312 0.000397
313 0.000385
314 0.000368
315 0.000357
316 0.000348
317 0.000328
318 0.000323
319 0.000333
320 0.000349
321 0.000371
322 0.000393
323 0.000399
324 0.000394
325 0.000397
326 0.000396
327 0.000399
328 0.000402
329 0.000411
330 0.000411
331 0.000411
332 0.000420
333 0.000422
334 0.000422
335 0.000427
336 0.000435
337 0.000431
338 0.000423
339 0.000412
340 0.000400
341 0.000402
342 0.000406
343 0.000406
344 0.000402
345 0.000386
346 0.000375
347 0.000365
348 0.000358
349 0.000348
350 0.000333
351 0.000326
352 0.000322
353 0.000321
354 0.000319
355 0.000314
356 0.000300
357 0.000289
358 0.000292
359 0.000300
360 0.000312
361 0.000311
362 0.000304
363 0.000294
364 0.000285
365 0.000283
366 0.000290
367 0.000297
368 0.000305
369 0.000324
370 0.000334
371 0.000342
372 0.000352
373 0.000353
374 0.000355
375 0.000349
376 0.000334
377 0.000314
378 0.000303
379 0.000297
380 0.000292
381 0.000291
382 0.000286
383 0.000275
384 0.000269
385 0.000272
386 0.000283
387 0.000292
388 0.000303
389 0.000293
390 0.000290
391 0.000288
392 0.000289
393 0.000299
394 0.000303
395 0.000304
396 0.000303
397 0.000291
398 0.000284
399 0.000288
400 0.000294
401 0.000308
402 0.000307
403 0.000306
404 0.000308
405 0.000307
406 0.000315
407 0.000329
408 0.000340
409 0.000348
410 0.000343
411 0.000325
412 0.000323
413 0.000316
414 0.000315
415 0.000315
416 0.000312
417 0.000315
418 0.000319
419 0.000327
420 0.000335
421 0.000337
422 0.000333
423 0.000324
424 0.000319
425 0.000314
426 0.000313
427 0.000309
428 0.000308
429 0.000308
430 0.000298
431 0.000300
432 0.000300
433 0.000297
434 0.000296
435 0.000286
436 0.000287
437 0.000296
438 0.000303
439 0.000310
440 0.000309
441 0.000302
442 0.000294
443 0.000280
444 0.000275
445 0.000273
446 0.000269
447 0.000277
448 0.000277
449 0.000274
450 0.000272
451 0.000274
452 0.000281
453 0.000275
454 0.000270
455 0.000264
456 0.000267
457 0.000271
458 0.000276
459 0.000282
460 0.000283
461 0.000276
462 0.000270
463 0.000263
464 0.000256
465 0.000251
466 0.000251
467 0.000262
468 0.000275
469 0.000279
470 0.000285
471 0.000287
472 0.000279
473 0.000274
474 0.000268
475 0.000262
476 0.000254
477 0.000241
478 0.000229
479 0.000214
480 0.000199
481 0.000180
482 0.000166
483 0.000154
484 0.000154
485 0.000153
486 0.000151
487 0.000154
488 0.000154
489 0.000154
490 0.000151
491 0.000144
492 0.000141
493 0.000135
494 0.000130
495 0.000125
496 0.000127
497 0.000131
498 0.000134
499 0.000141
500 0.000153
501 0.000165
502 0.000167
503 0.000171
504 0.000181
505 0.000186
506 0.000198
507 0.000204
508 0.000203
509 0.000206
510 0.000208
511 0.000207
512 0.000204
513 0.000207
514 0.000204
515 0.000204
516 0.000205
517 0.000206
518 0.000211
519 0.000214
520 0.000208
521 0.000198
522 0.000197
523 0.000194
524 0.000186
525 0.000180
526 0.000179
527 0.000181
528 0.000173
529 0.000167
530 0.000158
531 0.000151
532 0.000142
533 0.000145
534 0.000158
535 0.000165
536 0.000168
537 0.000175
538 0.000173
539 0.000165
540 0.000152
541 0.000141
542 0.000136
543 0.000134
544 0.000129
545 0.000121
546 0.000110
547 0.000105
548 0.000107
549 0.000107
550 0.000106
551 0.000098
552 0.000097
553 0.000102
554 0.000114
555 0.000124
556 0.000126
557 0.000120
558 0.000110
559 0.000108
560 0.000110
561 0.000116
562 0.000131
563 0.000151
564 0.000160
565 0.000160
566 0.000157
567 0.000151
568 0.000154
569 0.000155
570 0.000148
571 0.000147
572 0.000149
573 0.000151
574 0.000147
575 0.000143
576 0.000142
577 0.000138
578 0.000134
579 0.000117
580 0.000111
581 0.000103
582 0.000091
583 0.000082
584 0.000074
585 0.000068
586 0.000069
587 0.000066
588 0.000060
589 0.000051
590 0.000042
591 0.000034
592 0.000029
593 0.000028
594 0.000034
595 0.000037
596 0.000046
597 0.000052
598 0.000060
599 0.000068
600 0.000073
601 0.000078
602 0.000079
603 0.000082
604 0.000083
605 0.000089
606 0.000100
607 0.000105
608 0.000109
609 0.000104
610 0.000098
611 0.000092
612 0.000096
613 0.000101
614 0.000107
615 0.000115
616 0.000112
617 0.000109
618 0.000106
619 0.000101
620 0.000096
621 0.000095
622 0.000101
623 0.000105
624 0.000105
625 0.000095
626 0.000088
627 0.000083
628 0.000073
629 0.000063
630 0.000052
631 0.000054
632 0.000057
633 0.000063
634 0.000070
635 0.000073
636 0.000071
637 0.000063
638 0.000054
639 0.000048
640 0.000052
641 0.000053
642 0.000052
643 0.000054
644 0.000049
645 0.000040
646 0.000030
647 0.000023
648 0.000016
649 0.000007
650 -0.000005
651 -0.000008
652 -0.000005
653 -0.000002
654 0.000003
655 0.000002
656 0.000002
657 0.000004
658 0.000000
659 -0.000005
660 -0.000010
661 -0.000009
662 -0.000006
663 -0.000006
664 -0.000008
665 -0.000010
666 -0.000014
667 -0.000014
668 -0.000012
669 -0.000006
670 -0.000002
671 0.000003
672 0.000004
673 0.000007
674 0.000011
675 0.000016
676 0.000026
677 0.000036
678 0.000044
679 0.000045
680 0.000044
681 0.000043
682 0.000047
683 0.000051
684 0.000052
685 0.000056
686 0.000062
687 0.000062
688 0.000057
689 0.000056
690 0.000059
691 0.000064
692 0.000066
693 0.000062
694 0.000061
695 0.000063
696 0.000071
697 0.000078
698 0.000072
699 0.000068
700 0.000064
701 0.000062
702 0.000064
703 0.000068
704 0.000069
705 0.000066
706 0.000059
707 0.000051
708 0.000043
709 0.000041
710 0.000047
711 0.000052
712 0.000055
713 0.000052
714 0.000046
715 0.000041
716 0.000040
717 0.000039
718 0.000038
719 0.000038
720 0.000037
721 0.000039
722 0.000042
723 0.000044
724 0.000039
725 0.000028
726 0.000017
727 0.000011
728 0.000012
729 0.000015
730 0.000021
731 0.000027
732 0.000027
733 0.000023
734 0.000015
735 0.000010
736 0.000011
737 0.000015
738 0.000020
739 0.000027
740 0.000036
741 0.000044
742 0.000051
743 0.000051
744 0.000050
745 0.000051
746 0.000051
747 0.000053
748 0.000059
749 0.000060
750 0.000064
751 0.000061
752 0.000058
753 0.000055
754 0.000054
755 0.000054
756 0.000058
757 0.000055
758 0.000053
759 0.000054
760 0.000055
761 0.000055
762 0.000050
763 0.000039
764 0.000031
765 0.000023
766 0.000020
767 0.000027
768 0.000031
769 0.000026
770 0.000024
771 0.000016
772 0.000010
773 0.000010
774 0.000013
775 0.000018
776 0.000022
777 0.000023
778 0.000025
779 0.000027
780 0.000032
781 0.000040
782 0.000045
783 0.000046
784 0.000047
785 0.000042
786 0.000044
787 0.000045
788 0.000043
789 0.000045
790 0.000048
791 0.000053
792 0.000060
793 0.000066
794 0.000072
795 0.000078
796 0.000078
797 0.000071
798 0.000066
799 0.000064
800 0.000067
801 0.000068
802 0.000064
803 0.000065
804 0.000061
805 0.000064
806 0.000065
807 0.000062
808 0.000065
809 0.000063
