# i correlation
1 0.002643
2 0.002531
3 0.002439
4 0.002367
5 0.002295
6 0.002246
7 0.002207
8 0.002166
9 0.002129
10 0.002090
11 0.002053
12 0.002031
13 0.002013
14 0.001990
15 0.001969
16 0.001942
17 0.001914
18 0.001897
19 0.001881
20 0.001860
21 0.001841
22 0.001817
23 0.001808
24 0.001798
25 0.001792
26 0.001798
27 0.001799
28 0.001805
29 0.001813
30 0.001819
31 0.001826
32 0.001827
33 0.001816
34 0.001804
35 0.001798
36 0.001787
37 0.001771
38 0.001747
39 0.001718
40 0.001697
41 0.001678
42 0.001652
43 0.001628
44 0.001607
45 0.001583
46 0.001567
47 0.001565
48 0.001548
49 0.001537
50 0.001524
51 0.001507
52 0.001506
53 0.001507
54 0.001516
55 0.001529
56 0.001548
57 0.001550
58 0.001554
59 0.001558
60 0.001566
61 0.001580
62 0.001584
63 0.001587
64 0.001586
65 0.001580
66 0.001570
67 0.001565
68 0.001555
69 0.001536
70 0.001525
71 0.001518
72 0.001510
73 0.001492
74 0.001465
75 0.001436
76 0.001418
77 0.001393
78 0.001379
79 0.001364
80 0.001354
81 0.001359
82 0.001369
83 0.001368
84 0.001359
85 0.001356
86 0.001345
87 0.001350
88 0.001350
89 0.001354
90 0.001352
91 0.001361
92 0.001371
93 0.001381
94 0.001384
95 0.001370
96 0.001370
97 0.001373
98 0.001357
99 0.001341
100 0.001321
101 0.001309
102 0.001306
103 0.001311
104 0.001302
105 0.001290
106 0.001288
107 0.001295
108 0.001309
109 0.001313
110 0.001319
111 0.001319
112 0.001321
113 0.001321
114 0.001309
115 0.001301
116 0.001296
117 0.001299
118 0.001301
119 0.001299
120 0.001308
121 0.001310
122 0.001307
123 0.001306
124 0.001301
125 0.001297
126 0.001289
127 0.001284
128 0.001281
129 0.001277
130 0.001263
131 0.001248
132 0.001225
133 0.001208
134 0.001190
135 0.001168
136 0.001140
137 0.001115
138 0.001098
139 0.001087
140 0.001090
141 0.001090
142 0.001097
143 0.001107
144 0.001123
145 0.001128
146 0.001128
147 0.001124
148 0.001120
149 0.001105
150 0.001102
151 0.001100
152 0.001103
153 0.001102
154 0.001105
155 0.001111
156 0.001112
157 0.001123
158 0.001128
159 0.001118
160 0.001115
161 0.001110
162 0.001104
163 0.001101
164 0.001102
165 0.001115
166 0.001115
167 0.001104
168 0.001091
169 0.001087
170 0.001081
171 0.001080
172 0.001086
173 0.001093
174 0.001098
175 0.001103
176 0.001105
177 0.001118
178 0.001126
179 0.001138
180 0.001151
181 0.001163
182 0.001171
183 0.001182
184 0.001195
185 0.001208
186 0.001216
187 0.001226
188 0.001227
189 0.001229
190 0.001231
191 0.001229
192 0.001222
193 0.001213
194 0.001201
195 0.001198
196 0.001189
197 0.001177
198 0.001154
199 0.001139
200 0.001133
201 0.001138
202 0.001136
203 0.001133
204 0.001137
205 0.001131
206 0.001123
207 0.001113
208 0.001097
209 0.001097
210 0.001088
211 0.001085
212 0.001082
213 0.001083
214 0.001082
215 0.001084
216 0.001093
217 0.001102
218 0.001120
219 0.001129
220 0.001125
221 0.001123
222 0.001131
223 0.001129
224 0.001134
225 0.001143
226 0.001140
227 0.001126
228 0.001120
229 0.001106
230 0.001090
231 0.001071
232 0.001058
233 0.001045
234 0.001034
235 0.001027
236 0.001032
237 0.001045
238 0.001050
239 0.001044
240 0.001037
241 0.001033
242 0.001024
243 0.001011
244 0.001007
245 0.000991
246 0.000972
247 0.000953
248 0.000939
249 0.000939
250 0.000933
251 0.000933
252 0.000919
253 0.000919
254 0.000925
255 0.000936
256 0.000945
257 0.000948
258 0.000950
259 0.000952
260 0.000946
261 0.000933
262 0.000926
263 0.000903
264 0.000889
265 0.000877
266 0.000861
267 0.000852
268 0.000854
269 0.000858
270 0.000850
271 0.000850
272 0.000856
273 0.000863
274 0.000877
275 0.000895
276 0.000893
277 0.000901
278 0.000905
279 0.000897
280 0.000881
281 0.000863
282 0.000833
283 0.000814
284 0.000803
285 0.000800
286 0.000801
287 0.000803
288 0.000799
289 0.000795
290 0.000792
291 0.000785
292 0.000791
293 0.000797
294 0.000790
295 0.000775
296 0.000766
297 0.000751
298 0.000750
299 0.000739
300 0.000738
301 0.000735
302 0.000747
303 0.000748
304 0.000752
305 0.000766
306 0.000788
307 0.000805
308 0.000817
309 0.000824
310 0.000826
311 0.000820
312 0.000822
313 0.000817
314 0.000809
315 0.000809
316 0.000812
317 0.000811
318 0.000804
319 0.000799
320 0.000794
321 0.000794
322 0.000789
323 0.000772
324 0.000756
325 0.000742
326 0.000720
327 0.000704
328 0.000677
329 0.000655
330 0.000635
331 0.000627
332 0.000618
333 0.000625
334 0.000639
335 0.000653
336 0.000663
337 0.000663
338 0.000662
339 0.000653
340 0.000658
341 0.000660
342 0.000665
343 0.000668
344 0.000669
345 0.000674
346 0.000679
347 0.000694
348 0.000709
349 0.000718
350 0.000720
351 0.000728
352 0.000733
353 0.000730
354 0.000716
355 0.000693
356 0.000673
357 0.000653
358 0.000633
359 0.000623
360 0.000619
361 0.000615
362 0.000615
363 0.000610
364 0.000609
365 0.000608
366 0.000609
367 0.000606
368 0.000604
369 0.000609
370 0.000614
371 0.000621
372 0.000629
373 0.000624
374 0.000629
375 0.000629
376 0.000633
377 0.000640
378 0.000649
379 0.000646
380 0.000643
381 0.000642
382 0.000639
383 0.000640
384 0.000651
385 0.000664
386 0.000665
387 0.000657
388 0.000654
389 0.000654
390 0.000651
391 0.000646
392 0.000630
393 0.000610
394 0.000585
395 0.000563
396 0.000544
397 0.000532
398 0.000532
399 0.000542
400 0.000543
401 0.000554
402 0.000565
403 0.000568
404 0.000572
405 0.000576
406 0.000585
407 0.000590
408 0.000592
409 0.000602
410 0.000608
411 0.000597
412 0.000591
413 0.000591
414 0.000598
415 0.000598
416 0.000607
417 0.000611
418 0.000611
419 0.000626
420 0.000641
421 0.000643
422 0.000645
423 0.000654
424 0.000649
425 0.000642
426 0.000639
427 0.000641
428 0.000644
429 0.000654
430 0.000667
431 0.000668
432 0.000680
433 0.000688
434 0.000694
435 0.000693
436 0.000692
437 0.000697
438 0.000704
439 0.000706
440 0.000706
441 0.000705
442 0.000704
443 0.000693
444 0.000692
445 0.000692
446 0.000705
447 0.000703
448 0.000700
449 0.000690
450 0.000690
451 0.000678
452 0.000663
453 0.000646
454 0.000631
455 0.000616
456 0.000604
457 0.000603
458 0.000603
459 0.000607
460 0.000618
461 0.000618
462 0.000618
463 0.000623
464 0.000627
465 0.000633
466 0.000637
467 0.000642
468 0.000638
469 0.000644
470 0.000642
471 0.000640
472 0.000636
473 0.000643
474 0.000646
475 0.000654
476 0.000656
477 0.000660
478 0.000663
479 0.000666
480 0.000669
481 0.000669
482 0.000665
483 0.000657
484 0.000651
485 0.000637
486 0.000626
487 0.000619
488 0.000617
489 0.000610
490 0.000602
491 0.000605
492 0.000610
493 0.000618
494 0.000627
495 0.000643
496 0.000657
497 0.000663
498 0.000674
499 0.000686
500 0.000686
501 0.000684
502 0.000681
503 0.000672
504 0.000663
505 0.000658
506 0.000657
507 0.000656
508 0.000648
509 0.000640
510 0.000634
511 0.000644
512 0.000643
513 0.000640
514 0.000628
515 0.000615
516 0.000599
517 0.000594
518 0.000578
519 0.000567
520 0.000552
521 0.000546
522 0.000544
523 0.000540
524 0.000543
525 0.000547
526 0.000549
527 0.000554
528 0.000555
529 0.000560
530 0.000571
531 0.000591
532 0.000612
533 0.000635
534 0.000650
535 0.000657
536 0.000667
537 0.000681
538 0.000685
539 0.000687
540 0.000690
541 0.000688
542 0.000695
543 0.000708
544 0.000718
545 0.000725
546 0.000723
547 0.000720
548 0.000715
549 0.000709
550 0.000697
551 0.000688
552 0.000683
553 0.000678
554 0.000681
555 0.000677
556 0.000672
557 0.000671
558 0.000670
559 0.000664
560 0.000661
561 0.000660
562 0.000660
563 0.000660
564 0.000669
565 0.000676
566 0.000678
567 0.000681
568 0.000687
569 0.000684
570 0.000671
571 0.000664
572 0.000654
573 0.000649
574 0.000637
575 0.000623
576 0.000605
577 0.000600
578 0.000595
579 0.000584
580 0.000582
581 0.000577
582 0.000564
583 0.000544
584 0.000526
585 0.000513
586 0.000503
587 0.000498
588 0.000489
589 0.000480
590 0.000472
591 0.000454
592 0.000443
593 0.000438
594 0.000438
595 0.000440
596 0.000443
597 0.000451
598 0.000456
599 0.000448
600 0.000440
601 0.000428
602 0.000417
603 0.000417
604 0.000423
605 0.000420
606 0.000418
607 0.000411
608 0.000400
609 0.000386
610 0.000377
611 0.000368
612 0.000357
613 0.000349
614 0.000349
615 0.000354
616 0.000360
617 0.000354
618 0.000345
619 0.000346
620 0.000351
621 0.000358
622 0.000350
623 0.000351
624 0.000357
625 0.000367
626 0.000373
627 0.000387
628 0.000393
629 0.000403
630 0.000406
631 0.000402
632 0.000393
633 0.000385
634 0.000383
635 0.000375
636 0.000372
637 0.000361
638 0.000350
639 0.000338
640 0.000328
641 0.000321
642 0.000322
643 0.000320
644 0.000316
645 0.000313
646 0.000309
647 0.000309
648 0.000300
649 0.000295
650 0.000297
651 0.000300
652 0.000296
653 0.000298
654 0.000296
655 0.000299
656 0.000303
657 0.000315
658 0.000329
659 0.000332
660 0.000343
661 0.000356
662 0.000371
663 0.000383
664 0.000396
665 0.000404
666 0.000408
667 0.000412
668 0.000422
669 0.000424
670 0.000427
671 0.000423
672 0.000413
673 0.000393
674 0.000374
675 0.000356
676 0.000347
677 0.000339
678 0.000330
679 0.000320
680 0.000307
681 0.000296
682 0.000286
683 0.000282
684 0.000279
685 0.000282
686 0.000289
687 0.000295
688 0.000305
689 0.000306
690 0.000304
691 0.000309
692 0.000309
693 0.000303
694 0.000305
695 0.000308
696 0.000308
697 0.000313
698 0.000319
699 0.000320
700 0.000316
701 0.000315
702 0.000310
703 0.000300
704 0.000287
705 0.000275
706 0.000269
707 0.000265
708 0.000264
709 0.000264
710 0.000260
711 0.000255
712 0.000250
713 0.000239
714 0.000231
715 0.000223
716 0.000218
717 0.000216
718 0.000214
719 0.000208
720 0.000199
721 0.000188
722 0.000185
723 0.000193
724 0.000207
725 0.000220
726 0.000232
727 0.000235
728 0.000236
729 0.000237
730 0.000237
731 0.000244
732 0.000249
733 0.000252
734 0.000252
735 0.000256
736 0.000255
737 0.000252
738 0.000258
739 0.000266
740 0.000271
741 0.000264
742 0.000256
743 0.000247
744 0.000241
745 0.000233
746 0.000223
747 0.000213
748 0.000205
749 0.000202
750 0.000209
751 0.000215
752 0.000218
753 0.000224
754 0.000231
755 0.000236
756 0.000236
757 0.000234
758 0.000238
759 0.000241
760 0.000237
761 0.000237
762 0.000235
763 0.000232
764 0.000227
765 0.000224
766 0.000224
767 0.000228
768 0.000230
769 0.000236
770 0.000244
771 0.000254
772 0.000258
773 0.000263
774 0.000262
775 0.000258
776 0.000252
777 0.000241
778 0.000229
779 0.000220
780 0.000215
781 0.000211
782 0.000212
783 0.000208
784 0.000207
785 0.000203
786 0.000207
787 0.000206
788 0.000199
789 0.000193
790 0.000190
791 0.000185
792 0.000179
793 0.000171
794 0.000168
795 0.000159
796 0.000146
797 0.000131
798 0.000123
799 0.000120
800 0.000120
801 0.000122
802 0.000121
803 0.000116
804 0.000111
805 0.000110
806 0.000108
807 0.000104
808 0.000104
809 0.000101
