# i correlation
1 0.002394
2 0.002276
3 0.002164
4 0.002074
5 0.001995
6 0.001947
7 0.001917
8 0.001896
9 0.001882
10 0.001859
11 0.001832
12 0.001805
13 0.001778
14 0.001754
15 0.001729
16 0.001719
17 0.001696
18 0.001694
19 0.001694
20 0.001703
21 0.001696
22 0.001693
23 0.001694
24 0.001692
25 0.001690
26 0.001698
27 0.001691
28 0.001675
29 0.001662
30 0.001654
31 0.001653
32 0.001659
33 0.001658
34 0.001657
35 0.001661
36 0.001654
37 0.001635
38 0.001621
39 0.001629
40 0.001640
41 0.001639
42 0.001639
43 0.001622
44 0.001620
45 0.001618
46 0.001624
47 0.001623
48 0.001622
49 0.001618
50 0.001619
51 0.001609
52 0.001590
53 0.001582
54 0.001572
55 0.001554
56 0.001536
57 0.001516
58 0.001503
59 0.001506
60 0.001521
61 0.001521
62 0.001527
63 0.001522
64 0.001522
65 0.001517
66 0.001520
67 0.001503
68 0.001491
69 0.001482
70 0.001473
71 0.001453
72 0.001443
73 0.001434
74 0.001433
75 0.001444
76 0.001462
77 0.001475
78 0.001454
79 0.001437
80 0.001434
81 0.001427
82 0.001422
83 0.001411
84 0.001414
85 0.001419
86 0.001427
87 0.001425
88 0.001438
89 0.001450
90 0.001452
91 0.001453
92 0.001447
93 0.001440
94 0.001428
95 0.001423
96 0.001419
97 0.001413
98 0.001405
99 0.001408
100 0.001417
101 0.001414
102 0.001399
103 0.001383
104 0.001368
105 0.001350
106 0.001341
107 0.001336
108 0.001335
109 0.001338
110 0.001349
111 0.001364
112 0.001366
113 0.001359
114 0.001345
115 0.001334
116 0.001325
117 0.001312
118 0.001299
119 0.001291
120 0.001286
121 0.001277
122 0.001268
123 0.001248
124 0.001236
125 0.001228
126 0.001216
127 0.001205
128 0.001205
129 0.001200
130 0.001214
131 0.001214
132 0.001208
133 0.001200
134 0.001196
135 0.001222
136 0.001245
137 0.001259
138 0.001257
139 0.001258
140 0.001253
141 0.001248
142 0.001250
143 0.001251
144 0.001248
145 0.001258
146 0.001276
147 0.001276
148 0.001267
149 0.001245
150 0.001224
151 0.001218
152 0.001205
153 0.001200
154 0.001189
155 0.001168
156 0.001150
157 0.001133
158 0.001103
159 0.001085
160 0.001074
161 0.001071
162 0.001058
163 0.001050
164 0.001040
165 0.001032
166 0.001038
167 0.001048
168 0.001054
169 0.001064
170 0.001075
171 0.001082
172 0.001088
173 0.001090
174 0.001095
175 0.001110
176 0.001118
177 0.001120
178 0.001117
179 0.001109
180 0.001088
181 0.001081
182 0.001071
183 0.001074
184 0.001068
185 0.001069
186 0.001086
187 0.001087
188 0.001083
189 0.001064
190 0.001051
191 0.001037
192 0.001034
193 0.001036
194 0.001042
195 0.001061
196 0.001077
197 0.001087
198 0.001076
199 0.001073
200 0.001065
201 0.001063
202 0.001069
203 0.001062
204 0.001063
205 0.001064
206 0.001075
207 0.001080
208 0.001078
209 0.001071
210 0.001060
211 0.001040
212 0.001022
213 0.001006
214 0.000989
215 0.000973
216 0.000958
217 0.000950
218 0.000942
219 0.000934
220 0.000925
221 0.000921
222 0.000924
223 0.000937
224 0.000921
225 0.000909
226 0.000899
227 0.000898
228 0.000900
229 0.000904
230 0.000918
231 0.000927
232 0.000934
233 0.000929
234 0.000925
235 0.000917
236 0.000931
237 0.000942
238 0.000948
239 0.000947
240 0.000944
241 0.000952
242 0.000947
243 0.000947
244 0.000937
245 0.000922
246 0.000916
247 0.000903
248 0.000894
249 0.000884
250 0.000882
251 0.000878
252 0.000879
253 0.000881
254 0.000879
255 0.000876
256 0.000876
257 0.000878
258 0.000867
259 0.000860
260 0.000853
261 0.000843
262 0.000840
263 0.000849
264 0.000853
265 0.000848
266 0.000840
267 0.000834
268 0.000813
269 0.000790
270 0.000777
271 0.000763
272 0.000758
273 0.000761
274 0.000761
275 0.000756
276 0.000758
277 0.000763
278 0.000768
279 0.000760
280 0.000744
281 0.000734
282 0.000739
283 0.000754
284 0.000758
285 0.000758
286 0.000763
287 0.000763
288 0.000757
289 0.000746
290 0.000737
291 0.000733
292 0.000734
293 0.000733
294 0.000729
295 0.000720
296 0.000706
297 0.000688
298 0.000682
299 0.000679
300 0.000675
301 0.000661
302 0.000647
303 0.000640
304 0.000630
305 0.000632
306 0.000641
307 0.000655
308 0.000655
309 0.000654
310 0.000649
311 0.000651
312 0.000645
313 0.000647
314 0.000645
315 0.000632
316 0.000628
317 0.000629
318 0.000646
319 0.000653
320 0.000661
321 0.000657
322 0.000653
323 0.000667
324 0.000666
325 0.000662
326 0.000655
327 0.000659
328 0.000654
329 0.000649
330 0.000652
331 0.000652
332 0.000664
333 0.000672
334 0.000679
335 0.000672
336 0.000661
337 0.000655
338 0.000649
339 0.000655
340 0.000656
341 0.000661
342 0.000660
343 0.000665
344 0.000659
345 0.000663
346 0.000660
347 0.000666
348 0.000661
349 0.000656
350 0.000647
351 0.000637
352 0.000638
353 0.000652
354 0.000673
355 0.000688
356 0.000684
357 0.000680
358 0.000673
359 0.000663
360 0.000654
361 0.000630
362 0.000614
363 0.000602
364 0.000587
365 0.000573
366 0.000559
367 0.000553
368 0.000550
369 0.000546
370 0.000540
371 0.000546
372 0.000544
373 0.000556
374 0.000572
375 0.000573
376 0.000578
377 0.000579
378 0.000600
379 0.000612
380 0.000632
381 0.000641
382 0.000641
383 0.000642
384 0.000636
385 0.000624
386 0.000612
387 0.000607
388 0.000598
389 0.000596
390 0.000593
391 0.000585
392 0.000582
393 0.000570
394 0.000559
395 0.000545
396 0.000537
397 0.000522
398 0.000519
399 0.000531
400 0.000546
401 0.000558
402 0.000563
403 0.000563
404 0.000567
405 0.000577
406 0.000585
407 0.000598
408 0.000603
409 0.000600
410 0.000581
411 0.000560
412 0.000538
413 0.000527
414 0.000512
415 0.000500
416 0.000501
417 0.000500
418 0.000513
419 0.000530
420 0.000544
421 0.000543
422 0.000552
423 0.000555
424 0.000570
425 0.000571
426 0.000554
427 0.000546
428 0.000536
429 0.000535
430 0.000537
431 0.000556
432 0.000573
433 0.000583
434 0.000593
435 0.000597
436 0.000591
437 0.000579
438 0.000572
439 0.000565
440 0.000565
441 0.000559
442 0.000549
443 0.000542
444 0.000527
445 0.000518
446 0.000513
447 0.000509
448 0.000512
449 0.000514
450 0.000511
451 0.000506
452 0.000501
453 0.000498
454 0.000495
455 0.000498
456 0.000490
457 0.000479
458 0.000474
459 0.000475
460 0.000473
461 0.000467
462 0.000459
463 0.000448
464 0.000443
465 0.000443
466 0.000453
467 0.000472
468 0.000486
469 0.000504
470 0.000513
471 0.000527
472 0.000530
473 0.000533
474 0.000541
475 0.000543
476 0.000534
477 0.000531
478 0.000535
479 0.000542
480 0.000556
481 0.000572
482 0.000579
483 0.000578
484 0.000581
485 0.000582
486 0.000576
487 0.000566
488 0.000557
489 0.000552
490 0.000552
491 0.000547
492 0.000534
493 0.000534
494 0.000529
495 0.000530
496 0.000524
497 0.000517
498 0.000507
499 0.000502
500 0.000507
501 0.000524
502 0.000529
503 0.000526
504 0.000514
505 0.000497
506 0.000490
507 0.000474
508 0.000471
509 0.000480
510 0.000489
511 0.000495
512 0.000485
513 0.000491
514 0.000492
515 0.000494
516 0.000503
517 0.000516
518 0.000523
519 0.000532
520 0.000546
521 0.000558
522 0.000562
523 0.000566
524 0.000564
525 0.000549
526 0.000538
527 0.000528
528 0.000519
529 0.000520
530 0.000521
531 0.000527
532 0.000529
533 0.000523
534 0.000513
535 0.000510
536 0.000500
537 0.000495
538 0.000487
539 0.000473
540 0.000466
541 0.000467
542 0.000464
543 0.000478
544 0.000489
545 0.000489
546 0.000485
547 0.000481
548 0.000467
549 0.000463
550 0.000466
551 0.000470
552 0.000475
553 0.000486
554 0.000494
555 0.000512
556 0.000523
557 0.000532
558 0.000525
559 0.000525
560 0.000516
561 0.000511
562 0.000503
563 0.000490
564 0.000479
565 0.000471
566 0.000467
567 0.000468
568 0.000465
569 0.000466
570 0.000478
571 0.000489
572 0.000487
573 0.000494
574 0.000487
575 0.000490
576 0.000488
577 0.000498
578 0.000508
579 0.000517
580 0.000525
581 0.000524
582 0.000526
583 0.000536
584 0.000540
585 0.000549
586 0.000563
587 0.000574
588 0.000571
589 0.000573
590 0.000570
591 0.000579
592 0.000578
593 0.000583
594 0.000592
595 0.000599
596 0.000596
597 0.000594
598 0.000585
599 0.000571
600 0.000559
601 0.000551
602 0.000544
603 0.000533
604 0.000522
605 0.000517
606 0.000514
607 0.000508
608 0.000498
609 0.000493
610 0.000499
611 0.000500
612 0.000502
613 0.000499
614 0.000498
615 0.000496
616 0.000489
617 0.000488
618 0.000486
619 0.000496
620 0.000512
621 0.000532
622 0.000536
623 0.000538
624 0.000534
625 0.000527
626 0.000523
627 0.000514
628 0.000511
629 0.000505
630 0.000505
631 0.000509
632 0.000513
633 0.000513
634 0.000513
635 0.000510
636 0.000506
637 0.000509
638 0.000509
639 0.000511
640 0.000498
641 0.000494
642 0.000487
643 0.000482
644 0.000473
645 0.000465
646 0.000461
647 0.000462
648 0.000459
649 0.000447
650 0.000432
651 0.000414
652 0.000403
653 0.000392
654 0.000390
655 0.000387
656 0.000394
657 0.000400
658 0.000397
659 0.000392
660 0.000390
661 0.000390
662 0.000390
663 0.000390
664 0.000390
665 0.000390
666 0.000395
667 0.000396
668 0.000396
669 0.000389
670 0.000386
671 0.000381
672 0.000374
673 0.000369
674 0.000370
675 0.000370
676 0.000369
677 0.000365
678 0.000361
679 0.000350
680 0.000346
681 0.000342
682 0.000342
683 0.000344
684 0.000346
685 0.000350
686 0.000353
687 0.000364
688 0.000371
689 0.000378
690 0.000382
691 0.000388
692 0.000390
693 0.000382
694 0.000378
695 0.000366
696 0.000355
697 0.000348
698 0.000345
699 0.000338
700 0.000328
701 0.000321
702 0.000315
703 0.000313
704 0.000302
705 0.000295
706 0.000289
707 0.000288
708 0.000286
709 0.000286
710 0.000289
711 0.000284
712 0.000280
713 0.000281
714 0.000282
715 0.000279
716 0.000274
717 0.000269
718 0.000270
719 0.000270
720 0.000268
721 0.000262
722 0.000264
723 0.000269
724 0.000274
725 0.000284
726 0.000294
727 0.000304
728 0.000308
729 0.000313
730 0.000322
731 0.000331
732 0.000339
733 0.000342
734 0.000343
735 0.000331
736 0.000326
737 0.000317
738 0.000311
739 0.000310
740 0.000313
741 0.000318
742 0.000323
743 0.000321
744 0.000315
745 0.000310
746 0.000305
747 0.000302
748 0.000299
749 0.000292
750 0.000292
751 0.000290
752 0.000284
753 0.000277
754 0.000274
755 0.000268
756 0.000264
757 0.000263
758 0.000261
759 0.000264
760 0.000264
761 0.000268
762 0.000272
763 0.000275
764 0.000279
765 0.000285
766 0.000290
767 0.000294
768 0.000298
769 0.000297
770 0.000291
771 0.000280
772 0.000275
773 0.000276
774 0.000281
775 0.000282
776 0.000282
777 0.000284
778 0.000282
779 0.000280
780 0.000285
781 0.000287
782 0.000288
783 0.000286
784 0.000287
785 0.000288
786 0.000288
787 0.000287
788 0.000284
789 0.000277
790 0.000270
791 0.000266
792 0.000258
793 0.000252
794 0.000247
795 0.000244
796 0.000242
797 0.000237
798 0.000231
799 0.000228
800 0.000228
801 0.000226
802 0.000222
803 0.000216
804 0.000210
805 0.000208
806 0.000208
807 0.000212
808 0.000213
809 0.000219
