# i correlation
1 0.001877
2 0.001767
3 0.001673
4 0.001574
5 0.001497
6 0.001432
7 0.001371
8 0.001318
9 0.001277
10 0.001252
11 0.001223
12 0.001194
13 0.001181
14 0.001153
15 0.001125
16 0.001098
17 0.001067
18 0.001054
19 0.001059
20 0.001059
21 0.001059
22 0.001056
23 0.001049
24 0.001047
25 0.001046
26 0.001046
27 0.001035
28 0.001030
29 0.001023
30 0.001010
31 0.000995
32 0.000986
33 0.000980
34 0.000974
35 0.000951
36 0.000945
37 0.000942
38 0.000937
39 0.000933
40 0.000941
41 0.000940
42 0.000945
43 0.000935
44 0.000932
45 0.000941
46 0.000941
47 0.000943
48 0.000939
49 0.000942
50 0.000941
51 0.000935
52 0.000929
53 0.000915
54 0.000891
55 0.000879
56 0.000871
57 0.000862
58 0.000868
59 0.000872
60 0.000872
61 0.000877
62 0.000884
63 0.000889
64 0.000883
65 0.000883
66 0.000876
67 0.000863
68 0.000861
69 0.000841
70 0.000832
71 0.000834
72 0.000826
73 0.000825
74 0.000824
75 0.000819
76 0.000818
77 0.000815
78 0.000807
79 0.000780
80 0.000757
81 0.000744
82 0.000730
83 0.000726
84 0.000716
85 0.000705
86 0.000701
87 0.000700
88 0.000692
89 0.000687
90 0.000668
91 0.000657
92 0.000662
93 0.000665
94 0.000664
95 0.000660
96 0.000663
97 0.000654
98 0.000655
99 0.000652
100 0.000649
101 0.000658
102 0.000671
103 0.000690
104 0.000702
105 0.000718
106 0.000739
107 0.000750
108 0.000762
109 0.000785
110 0.000798
111 0.000810
112 0.000813
113 0.000824
114 0.000836
115 0.000842
116 0.000828
117 0.000818
118 0.000796
119 0.000779
120 0.000751
121 0.000713
122 0.000681
123 0.000661
124 0.000637
125 0.000628
126 0.000622
127 0.000628
128 0.000633
129 0.000640
130 0.000654
131 0.000662
132 0.000670
133 0.000686
134 0.000698
135 0.000701
136 0.000697
137 0.000687
138 0.000683
139 0.000682
140 0.000669
141 0.000651
142 0.000633
143 0.000619
144 0.000605
145 0.000589
146 0.000587
147 0.000583
148 0.000588
149 0.000584
150 0.000578
151 0.000585
152 0.000582
153 0.000582
154 0.000578
155 0.000578
156 0.000579
157 0.000583
158 0.000577
159 0.000587
160 0.000604
161 0.000606
162 0.000611
163 0.000601
164 0.000597
165 0.000598
166 0.000594
167 0.000600
168 0.000598
169 0.000606
170 0.000614
171 0.000612
172 0.000629
173 0.000633
174 0.000633
175 0.000632
176 0.000631
177 0.000627
178 0.000620
179 0.000620
180 0.000620
181 0.000625
182 0.000639
183 0.000641
184 0.000636
185 0.000647
186 0.000654
187 0.000659
188 0.000667
189 0.000674
190 0.000676
191 0.000681
192 0.000680
193 0.000678
194 0.000659
195 0.000656
196 0.000645
197 0.000633
198 0.000641
199 0.000627
200 0.000618
201 0.000631
202 0.000642
203 0.000639
204 0.000626
205 0.000613
206 0.000602
207 0.000580
208 0.000559
209 0.000538
210 0.000510
211 0.000488
212 0.000479
213 0.000473
214 0.000469
215 0.000483
216 0.000487
217 0.000492
218 0.000497
219 0.000495
220 0.000493
221 0.000499
222 0.000506
223 0.000510
224 0.000514
225 0.000525
226 0.000535
227 0.000534
228 0.000531
229 0.000518
230 0.000501
231 0.000495
232 0.000487
233 0.000472
234 0.000469
235 0.000475
236 0.000465
237 0.000456
238 0.000449
239 0.000437
240 0.000435
241 0.000435
242 0.000428
243 0.000433
244 0.000441
245 0.000453
246 0.000469
247 0.000478
248 0.000487
249 0.000499
250 0.000506
251 0.000507
252 0.000506
253 0.000506
254 0.000513
255 0.000508
256 0.000497
257 0.000484
258 0.000462
259 0.000437
260 0.000430
261 0.000430
262 0.000421
263 0.000426
264 0.000420
265 0.000430
266 0.000457
267 0.000467
268 0.000480
269 0.000487
270 0.000479
271 0.000470
272 0.000450
273 0.000441
274 0.000439
275 0.000442
276 0.000458
277 0.000463
278 0.000476
279 0.000498
280 0.000515
281 0.000522
282 0.000524
283 0.000524
284 0.000521
285 0.000522
286 0.000520
287 0.000515
288 0.000505
289 0.000489
290 0.000472
291 0.000456
292 0.000442
293 0.000427
294 0.000425
295 0.000424
296 0.000419
297 0.000409
298 0.000399
299 0.000395
300 0.000399
301 0.000401
302 0.000401
303 0.000408
304 0.000413
305 0.000405
306 0.000403
307 0.000398
308 0.000403
309 0.000398
310 0.000386
311 0.000368
312 0.000350
313 0.000339
314 0.000330
315 0.000336
316 0.000347
317 0.000346
318 0.000347
319 0.000341
320 0.000339
321 0.000339
322 0.000343
323 0.000340
324 0.000334
325 0.000331
326 0.000322
327 0.000319
328 0.000328
329 0.000332
330 0.000336
331 0.000342
332 0.000346
333 0.000341
334 0.000330
335 0.000312
336 0.000289
337 0.000280
338 0.000272
339 0.000255
340 0.000238
341 0.000237
342 0.000235
343 0.000232
344 0.000244
345 0.000236
346 0.000233
347 0.000220
348 0.000210
349 0.000214
350 0.000222
351 0.000229
352 0.000242
353 0.000257
354 0.000282
355 0.000299
356 0.000311
357 0.000330
358 0.000333
359 0.000336
360 0.000346
361 0.000358
362 0.000370
363 0.000379
364 0.000389
365 0.000401
366 0.000404
367 0.000400
368 0.000386
369 0.000363
370 0.000343
371 0.000329
372 0.000319
373 0.000308
374 0.000313
375 0.000322
376 0.000323
377 0.000324
378 0.000320
379 0.000308
380 0.000299
381 0.000291
382 0.000284
383 0.000278
384 0.000281
385 0.000287
386 0.000292
387 0.000295
388 0.000302
389 0.000311
390 0.000318
391 0.000337
392 0.000350
393 0.000371
394 0.000391
395 0.000406
396 0.000422
397 0.000418
398 0.000414
399 0.000418
400 0.000416
401 0.000415
402 0.000411
403 0.000397
404 0.000387
405 0.000380
406 0.000370
407 0.000366
408 0.000362
409 0.000354
410 0.000343
411 0.000331
412 0.000324
413 0.000315
414 0.000314
415 0.000302
416 0.000291
417 0.000288
418 0.000285
419 0.000289
420 0.000292
421 0.000296
422 0.000303
423 0.000311
424 0.000314
425 0.000316
426 0.000315
427 0.000322
428 0.000327
429 0.000318
430 0.000314
431 0.000306
432 0.000300
433 0.000303
434 0.000300
435 0.000302
436 0.000308
437 0.000311
438 0.000316
439 0.000318
440 0.000314
441 0.000311
442 0.000304
443 0.000293
444 0.000277
445 0.000258
446 0.000246
447 0.000249
448 0.000256
449 0.000254
450 0.000250
451 0.000250
452 0.000258
453 0.000256
454 0.000249
455 0.000239
456 0.000231
457 0.000223
458 0.000219
459 0.000224
460 0.000216
461 0.000225
462 0.000224
463 0.000226
464 0.000230
465 0.000227
466 0.000223
467 0.000223
468 0.000222
469 0.000229
470 0.000237
471 0.000250
472 0.000263
473 0.000261
474 0.000252
475 0.000245
476 0.000240
477 0.000240
478 0.000240
479 0.000233
480 0.000236
481 0.000239
482 0.000235
483 0.000229
484 0.000224
485 0.000226
486 0.000218
487 0.000210
488 0.000207
489 0.000200
490 0.000189
491 0.000181
492 0.000178
493 0.000172
494 0.000164
495 0.000163
496 0.000147
497 0.000138
498 0.000132
499 0.000120
500 0.000117
501 0.000126
502 0.000130
503 0.000132
504 0.000153
505 0.000167
506 0.000185
507 0.000193
508 0.000200
509 0.000205
510 0.000217
511 0.000223
512 0.000216
513 0.000207
514 0.000208
515 0.000200
516 0.000190
517 0.000179
518 0.000158
519 0.000140
520 0.000125
521 0.000114
522 0.000102
523 0.000095
524 0.000102
525 0.000103
526 0.000114
527 0.000118
528 0.000125
529 0.000143
530 0.000163
531 0.000182
532 0.000190
533 0.000198
534 0.000203
535 0.000212
536 0.000223
537 0.000229
538 0.000220
539 0.000212
540 0.000203
541 0.000196
542 0.000193
543 0.000186
544 0.000186
545 0.000177
546 0.000173
547 0.000184
548 0.000192
549 0.000192
550 0.000197
551 0.000194
552 0.000188
553 0.000186
554 0.000181
555 0.000185
556 0.000192
557 0.000197
558 0.000199
559 0.000191
560 0.000176
561 0.000166
562 0.000155
563 0.000148
564 0.000136
565 0.000123
566 0.000121
567 0.000112
568 0.000103
569 0.000099
570 0.000095
571 0.000096
572 0.000097
573 0.000093
574 0.000087
575 0.000078
576 0.000076
577 0.000077
578 0.000082
579 0.000090
580 0.000088
581 0.000093
582 0.000102
583 0.000106
584 0.000108
585 0.000109
586 0.000108
587 0.000107
588 0.000105
589 0.000110
590 0.000108
591 0.000107
592 0.000105
593 0.000109
594 0.000111
595 0.000108
596 0.000108
597 0.000111
598 0.000116
599 0.000121
600 0.000129
601 0.000122
602 0.000121
603 0.000123
604 0.000120
605 0.000103
606 0.000085
607 0.000080
608 0.000068
609 0.000058
610 0.000054
611 0.000045
612 0.000031
613 0.000026
614 0.000010
615 -0.000006
616 -0.000026
617 -0.000040
618 -0.000052
619 -0.000061
620 -0.000065
621 -0.000062
622 -0.000063
623 -0.000058
624 -0.000053
625 -0.000055
626 -0.000051
627 -0.000050
628 -0.000054
629 -0.000056
630 -0.000060
631 -0.000056
632 -0.000061
633 -0.000069
634 -0.000075
635 -0.000082
636 -0.000084
637 -0.000078
638 -0.000073
639 -0.000060
640 -0.000045
641 -0.000032
642 -0.000011
643 0.000006
644 0.000026
645 0.000046
646 0.000057
647 0.000065
648 0.000072
649 0.000079
650 0.000092
651 0.000097
652 0.000099
653 0.000097
654 0.000103
655 0.000102
656 0.000087
657 0.000083
658 0.000072
659 0.000062
660 0.000062
661 0.000064
662 0.000069
663 0.000078
664 0.000086
665 0.000092
666 0.000088
667 0.000085
668 0.000081
669 0.000078
670 0.000075
671 0.000073
672 0.000067
673 0.000057
674 0.000052
675 0.000047
676 0.000044
677 0.000040
678 0.000032
679 0.000022
680 0.000011
681 0.000010
682 0.000010
683 0.000010
684 0.000006
685 -0.000003
686 -0.000011
687 -0.000015
688 -0.000019
689 -0.000020
690 -0.000021
691 -0.000020
692 -0.000017
693 -0.000006
694 -0.000002
695 0.000006
696 0.000017
697 0.000022
698 0.000027
699 0.000032
700 0.000030
701 0.000031
702 0.000036
703 0.000039
704 0.000041
705 0.000046
706 0.000049
707 0.000053
708 0.000065
709 0.000075
710 0.000078
711 0.000077
712 0.000078
713 0.000081
714 0.000079
715 0.000085
716 0.000093
717 0.000098
718 0.000099
719 0.000110
720 0.000110
721 0.000108
722 0.000108
723 0.000108
724 0.000102
725 0.000086
726 0.000071
727 0.000063
728 0.000052
729 0.000045
730 0.000041
731 0.000040
732 0.000048
733 0.000050
734 0.000051
735 0.000049
736 0.000037
737 0.000034
738 0.000035
739 0.000030
740 0.000024
741 0.000013
742 0.000009
743 0.000005
744 -0.000001
745 -0.000002
746 -0.000001
747 -0.000007
748 -0.000019
749 -0.000029
750 -0.000042
751 -0.000048
752 -0.000055
753 -0.000051
754 -0.000052
755 -0.000051
756 -0.000044
757 -0.000031
758 -0.000019
759 -0.000005
760 0.000005
761 0.000013
762 0.000011
763 0.000010
764 0.000017
765 0.000019
766 0.000018
767 0.000016
768 0.000011
769 0.000005
770 -0.000002
771 -0.000007
772 -0.000009
773 -0.000011
774 -0.000013
775 -0.000012
776 -0.000015
777 -0.000021
778 -0.000025
779 -0.000026
780 -0.000025
781 -0.000022
782 -0.000014
783 -0.000010
784 -0.000005
785 0.000005
786 0.000006
787 0.000010
788 0.000008
789 0.000004
790 -0.000001
791 -0.000004
792 -0.000008
793 -0.000015
794 -0.000022
795 -0.000026
796 -0.000026
797 -0.000025
798 -0.000018
799 -0.000021
800 -0.000027
801 -0.000034
802 -0.000032
803 -0.000037
804 -0.000040
805 -0.000042
806 -0.000044
807 -0.000058
808 -0.000066
809 -0.000064
