# i correlation
1 0.002019
2 0.001886
3 0.001761
4 0.001655
5 0.001577
6 0.001518
7 0.001459
8 0.001408
9 0.001369
10 0.001336
11 0.001311
12 0.001285
13 0.001268
14 0.001255
15 0.001249
16 0.001248
17 0.001239
18 0.001234
19 0.001228
20 0.001220
21 0.001221
22 0.001224
23 0.001235
24 0.001234
25 0.001247
26 0.001250
27 0.001262
28 0.001274
29 0.001264
30 0.001257
31 0.001245
32 0.001230
33 0.001205
34 0.001182
35 0.001148
36 0.001137
37 0.001127
38 0.001127
39 0.001143
40 0.001145
41 0.001145
42 0.001138
43 0.001132
44 0.001105
45 0.001071
46 0.001040
47 0.001023
48 0.001017
49 0.001018
50 0.001037
51 0.001050
52 0.001057
53 0.001064
54 0.001060
55 0.001061
56 0.001064
57 0.001061
58 0.001047
59 0.001044
60 0.001026
61 0.001007
62 0.000979
63 0.000949
64 0.000933
65 0.000928
66 0.000937
67 0.000946
68 0.000952
69 0.000967
70 0.000972
71 0.000967
72 0.000957
73 0.000932
74 0.000911
75 0.000903
76 0.000896
77 0.000892
78 0.000887
79 0.000888
80 0.000900
81 0.000910
82 0.000932
83 0.000947
84 0.000951
85 0.000944
86 0.000938
87 0.000939
88 0.000941
89 0.000941
90 0.000941
91 0.000921
92 0.000906
93 0.000887
94 0.000881
95 0.000875
96 0.000874
97 0.000871
98 0.000879
99 0.000875
100 0.000874
101 0.000866
102 0.000845
103 0.000826
104 0.000805
105 0.000781
106 0.000764
107 0.000762
108 0.000774
109 0.000772
110 0.000771
111 0.000775
112 0.000782
113 0.000791
114 0.000789
115 0.000782
116 0.000766
117 0.000770
118 0.000767
119 0.000766
120 0.000774
121 0.000775
122 0.000779
123 0.000787
124 0.000801
125 0.000805
126 0.000818
127 0.000833
128 0.000845
129 0.000848
130 0.000840
131 0.000820
132 0.000789
133 0.000762
134 0.000734
135 0.000724
136 0.000710
137 0.000696
138 0.000685
139 0.000673
140 0.000671
141 0.000672
142 0.000652
143 0.000648
144 0.000643
145 0.000640
146 0.000628
147 0.000629
148 0.000627
149 0.000622
150 0.000612
151 0.000609
152 0.000613
153 0.000621
154 0.000633
155 0.000646
156 0.000663
157 0.000664
158 0.000670
159 0.000678
160 0.000666
161 0.000632
162 0.000599
163 0.000587
164 0.000581
165 0.000580
166 0.000577
167 0.000587
168 0.000598
169 0.000614
170 0.000626
171 0.000628
172 0.000624
173 0.000615
174 0.000606
175 0.000604
176 0.000594
177 0.000591
178 0.000598
179 0.000605
180 0.000611
181 0.000614
182 0.000617
183 0.000628
184 0.000639
185 0.000635
186 0.000634
187 0.000637
188 0.000637
189 0.000637
190 0.000639
191 0.000619
192 0.000595
193 0.000559
194 0.000532
195 0.000516
196 0.000503
197 0.000510
198 0.000513
199 0.000513
200 0.000502
201 0.000479
202 0.000462
203 0.000449
204 0.000432
205 0.000419
206 0.000426
207 0.000433
208 0.000453
209 0.000475
210 0.000495
211 0.000504
212 0.000504
213 0.000508
214 0.000517
215 0.000525
216 0.000516
217 0.000514
218 0.000504
219 0.000489
220 0.000482
221 0.000484
222 0.000478
223 0.000481
224 0.000473
225 0.000473
226 0.000475
227 0.000483
228 0.000460
229 0.000444
230 0.000437
231 0.000429
232 0.000413
233 0.000400
234 0.000380
235 0.000370
236 0.000368
237 0.000368
238 0.000378
239 0.000401
240 0.000418
241 0.000435
242 0.000460
243 0.000480
244 0.000494
245 0.000498
246 0.000488
247 0.000470
248 0.000464
249 0.000467
250 0.000466
251 0.000456
252 0.000447
253 0.000441
254 0.000434
255 0.000433
256 0.000443
257 0.000456
258 0.000475
259 0.000476
260 0.000479
261 0.000479
262 0.000465
263 0.000446
264 0.000441
265 0.000438
266 0.000450
267 0.000467
268 0.000468
269 0.000461
270 0.000453
271 0.000426
272 0.000407
273 0.000392
274 0.000372
275 0.000350
276 0.000338
277 0.000331
278 0.000332
279 0.000334
280 0.000350
281 0.000366
282 0.000383
283 0.000406
284 0.000422
285 0.000434
286 0.000445
287 0.000444
288 0.000445
289 0.000436
290 0.000428
291 0.000420
292 0.000429
293 0.000437
294 0.000442
295 0.000454
296 0.000470
297 0.000481
298 0.000492
299 0.000504
300 0.000516
301 0.000523
302 0.000513
303 0.000501
304 0.000482
305 0.000457
306 0.000437
307 0.000425
308 0.000427
309 0.000434
310 0.000448
311 0.000460
312 0.000475
313 0.000483
314 0.000490
315 0.000489
316 0.000476
317 0.000469
318 0.000456
319 0.000438
320 0.000427
321 0.000421
322 0.000421
323 0.000436
324 0.000447
325 0.000449
326 0.000452
327 0.000460
328 0.000478
329 0.000491
330 0.000490
331 0.000486
332 0.000479
333 0.000475
334 0.000479
335 0.000478
336 0.000473
337 0.000474
338 0.000488
339 0.000509
340 0.000526
341 0.000537
342 0.000546
343 0.000556
344 0.000569
345 0.000573
346 0.000566
347 0.000561
348 0.000558
349 0.000546
350 0.000533
351 0.000523
352 0.000507
353 0.000493
354 0.000487
355 0.000478
356 0.000481
357 0.000489
358 0.000487
359 0.000468
360 0.000451
361 0.000434
362 0.000443
363 0.000450
364 0.000454
365 0.000461
366 0.000469
367 0.000479
368 0.000500
369 0.000514
370 0.000525
371 0.000528
372 0.000515
373 0.000502
374 0.000485
375 0.000461
376 0.000440
377 0.000418
378 0.000398
379 0.000391
380 0.000387
381 0.000393
382 0.000396
383 0.000406
384 0.000416
385 0.000415
386 0.000406
387 0.000391
388 0.000369
389 0.000360
390 0.000370
391 0.000367
392 0.000364
393 0.000368
394 0.000377
395 0.000391
396 0.000410
397 0.000420
398 0.000433
399 0.000443
400 0.000453
401 0.000465
402 0.000469
403 0.000455
404 0.000439
405 0.000429
406 0.000409
407 0.000396
408 0.000386
409 0.000373
410 0.000356
411 0.000347
412 0.000344
413 0.000342
414 0.000340
415 0.000329
416 0.000321
417 0.000318
418 0.000308
419 0.000303
420 0.000304
421 0.000317
422 0.000326
423 0.000340
424 0.000355
425 0.000363
426 0.000367
427 0.000370
428 0.000369
429 0.000364
430 0.000351
431 0.000336
432 0.000334
433 0.000343
434 0.000346
435 0.000350
436 0.000347
437 0.000343
438 0.000338
439 0.000330
440 0.000330
441 0.000332
442 0.000329
443 0.000315
444 0.000302
445 0.000282
446 0.000262
447 0.000237
448 0.000222
449 0.000204
450 0.000187
451 0.000185
452 0.000197
453 0.000216
454 0.000224
455 0.000235
456 0.000248
457 0.000249
458 0.000267
459 0.000277
460 0.000292
461 0.000298
462 0.000303
463 0.000299
464 0.000292
465 0.000291
466 0.000295
467 0.000304
468 0.000308
469 0.000309
470 0.000291
471 0.000282
472 0.000276
473 0.000279
474 0.000282
475 0.000296
476 0.000299
477 0.000301
478 0.000302
479 0.000301
480 0.000293
481 0.000289
482 0.000285
483 0.000301
484 0.000321
485 0.000335
486 0.000333
487 0.000330
488 0.000322
489 0.000313
490 0.000302
491 0.000298
492 0.000311
493 0.000316
494 0.000320
495 0.000305
496 0.000283
497 0.000261
498 0.000245
499 0.000238
500 0.000230
501 0.000224
502 0.000218
503 0.000219
504 0.000217
505 0.000215
506 0.000211
507 0.000215
508 0.000213
509 0.000215
510 0.000220
511 0.000233
512 0.000244
513 0.000253
514 0.000256
515 0.000259
516 0.000257
517 0.000263
518 0.000262
519 0.000261
520 0.000258
521 0.000250
522 0.000254
523 0.000256
524 0.000260
525 0.000267
526 0.000273
527 0.000276
528 0.000286
529 0.000283
530 0.000273
531 0.000264
532 0.000251
533 0.000231
534 0.000217
535 0.000212
536 0.000207
537 0.000200
538 0.000196
539 0.000185
540 0.000177
541 0.000169
542 0.000168
543 0.000176
544 0.000183
545 0.000188
546 0.000188
547 0.000181
548 0.000169
549 0.000167
550 0.000173
551 0.000182
552 0.000196
553 0.000204
554 0.000215
555 0.000226
556 0.000231
557 0.000235
558 0.000228
559 0.000227
560 0.000220
561 0.000221
562 0.000212
563 0.000197
564 0.000184
565 0.000174
566 0.000171
567 0.000163
568 0.000169
569 0.000163
570 0.000156
571 0.000155
572 0.000152
573 0.000157
574 0.000159
575 0.000156
576 0.000155
577 0.000146
578 0.000133
579 0.000132
580 0.000135
581 0.000138
582 0.000147
583 0.000155
584 0.000164
585 0.000166
586 0.000166
587 0.000166
588 0.000165
589 0.000175
590 0.000189
591 0.000208
592 0.000225
593 0.000245
594 0.000251
595 0.000250
596 0.000257
597 0.000249
598 0.000233
599 0.000218
600 0.000206
601 0.000194
602 0.000186
603 0.000180
604 0.000176
605 0.000181
606 0.000181
607 0.000188
608 0.000188
609 0.000185
610 0.000185
611 0.000191
612 0.000205
613 0.000210
614 0.000215
615 0.000215
616 0.000213
617 0.000199
618 0.000190
619 0.000181
620 0.000162
621 0.000150
622 0.000150
623 0.000154
624 0.000153
625 0.000155
626 0.000149
627 0.000154
628 0.000151
629 0.000146
630 0.000140
631 0.000128
632 0.000126
633 0.000124
634 0.000122
635 0.000120
636 0.000111
637 0.000102
638 0.000093
639 0.000092
640 0.000095
641 0.000093
642 0.000093
643 0.000105
644 0.000122
645 0.000133
646 0.000147
647 0.000148
648 0.000157
649 0.000155
650 0.000168
651 0.000182
652 0.000201
653 0.000212
654 0.000210
655 0.000212
656 0.000211
657 0.000208
658 0.000206
659 0.000206
660 0.000199
661 0.000186
662 0.000179
663 0.000175
664 0.000174
665 0.000178
666 0.000187
667 0.000186
668 0.000183
669 0.000183
670 0.000175
671 0.000175
672 0.000178
673 0.000179
674 0.000175
675 0.000177
676 0.000178
677 0.000174
678 0.000172
679 0.000171
680 0.000169
681 0.000173
682 0.000180
683 0.000190
684 0.000193
685 0.000194
686 0.000195
687 0.000197
688 0.000197
689 0.000188
690 0.000176
691 0.000173
692 0.000170
693 0.000169
694 0.000178
695 0.000177
696 0.000174
697 0.000167
698 0.000163
699 0.000166
700 0.000165
701 0.000163
702 0.000164
703 0.000163
704 0.000168
705 0.000169
706 0.000160
707 0.000154
708 0.000148
709 0.000141
710 0.000136
711 0.000131
712 0.000122
713 0.000113
714 0.000115
715 0.000119
716 0.000118
717 0.000114
718 0.000103
719 0.000101
720 0.000100
721 0.000107
722 0.000116
723 0.000124
724 0.000130
725 0.000141
726 0.000145
727 0.000142
728 0.000140
729 0.000131
730 0.000124
731 0.000118
732 0.000119
733 0.000122
734 0.000127
735 0.000134
736 0.000137
737 0.000132
738 0.000126
739 0.000122
740 0.000117
741 0.000125
742 0.000134
743 0.000141
744 0.000147
745 0.000145
746 0.000138
747 0.000133
748 0.000121
749 0.000116
750 0.000113
751 0.000112
752 0.000118
753 0.000126
754 0.000128
755 0.000128
756 0.000125
757 0.000119
758 0.000116
759 0.000111
760 0.000105
761 0.000100
762 0.000087
763 0.000078
764 0.000073
765 0.000067
766 0.000061
767 0.000060
768 0.000054
769 0.000050
770 0.000047
771 0.000047
772 0.000050
773 0.000052
774 0.000057
775 0.000062
776 0.000065
777 0.000067
778 0.000064
779 0.000065
780 0.000067
781 0.000066
782 0.000064
783 0.000061
784 0.000052
785 0.000041
786 0.000040
787 0.000034
788 0.000028
789 0.000017
790 0.000009
791 0.000003
792 0.000002
793 0.000001
794 -0.000000
795 0.000004
796 0.000002
797 0.000007
798 0.000000
799 -0.000003
800 -0.000009
801 -0.000010
802 -0.000006
803 -0.000004
804 -0.000003
805 -0.000005
806 -0.000008
807 -0.000017
808 -0.000019
809 -0.000024
