# i correlation
1 0.002065
2 0.001966
3 0.001883
4 0.001801
5 0.001731
6 0.001689
7 0.001657
8 0.001631
9 0.001607
10 0.001573
11 0.001542
12 0.001513
13 0.001490
14 0.001461
15 0.001444
16 0.001421
17 0.001400
18 0.001378
19 0.001362
20 0.001346
21 0.001344
22 0.001341
23 0.001334
24 0.001332
25 0.001332
26 0.001343
27 0.001344
28 0.001343
29 0.001336
30 0.001334
31 0.001327
32 0.001324
33 0.001313
34 0.001327
35 0.001335
36 0.001357
37 0.001378
38 0.001388
39 0.001390
40 0.001378
41 0.001368
42 0.001356
43 0.001347
44 0.001334
45 0.001335
46 0.001315
47 0.001308
48 0.001310
49 0.001307
50 0.001299
51 0.001295
52 0.001303
53 0.001304
54 0.001303
55 0.001297
56 0.001287
57 0.001272
58 0.001260
59 0.001247
60 0.001244
61 0.001229
62 0.001220
63 0.001210
64 0.001203
65 0.001192
66 0.001182
67 0.001166
68 0.001155
69 0.001150
70 0.001145
71 0.001140
72 0.001137
73 0.001136
74 0.001135
75 0.001135
76 0.001133
77 0.001134
78 0.001131
79 0.001134
80 0.001134
81 0.001138
82 0.001126
83 0.001118
84 0.001110
85 0.001107
86 0.001111
87 0.001107
88 0.001098
89 0.001090
90 0.001086
91 0.001090
92 0.001093
93 0.001090
94 0.001090
95 0.001074
96 0.001066
97 0.001058
98 0.001044
99 0.001020
100 0.001007
101 0.001002
102 0.000996
103 0.001005
104 0.001006
105 0.001001
106 0.000996
107 0.001002
108 0.000997
109 0.000993
110 0.000986
111 0.000983
112 0.000984
113 0.000990
114 0.001002
115 0.001015
116 0.001016
117 0.001005
118 0.001000
119 0.000987
120 0.000983
121 0.000981
122 0.000982
123 0.000993
124 0.000999
125 0.000987
126 0.000973
127 0.000968
128 0.000965
129 0.000962
130 0.000970
131 0.000979
132 0.000976
133 0.000977
134 0.000967
135 0.000960
136 0.000945
137 0.000930
138 0.000906
139 0.000902
140 0.000904
141 0.000907
142 0.000906
143 0.000912
144 0.000910
145 0.000915
146 0.000920
147 0.000909
148 0.000903
149 0.000905
150 0.000906
151 0.000902
152 0.000923
153 0.000928
154 0.000927
155 0.000931
156 0.000931
157 0.000932
158 0.000937
159 0.000945
160 0.000946
161 0.000952
162 0.000955
163 0.000952
164 0.000951
165 0.000950
166 0.000948
167 0.000950
168 0.000946
169 0.000950
170 0.000939
171 0.000934
172 0.000933
173 0.000924
174 0.000905
175 0.000893
176 0.000884
177 0.000870
178 0.000853
179 0.000847
180 0.000845
181 0.000834
182 0.000840
183 0.000831
184 0.000841
185 0.000831
186 0.000820
187 0.000806
188 0.000803
189 0.000799
190 0.000794
191 0.000788
192 0.000774
193 0.000774
194 0.000772
195 0.000770
196 0.000755
197 0.000754
198 0.000755
199 0.000762
200 0.000776
201 0.000799
202 0.000808
203 0.000810
204 0.000796
205 0.000779
206 0.000766
207 0.000753
208 0.000740
209 0.000725
210 0.000723
211 0.000720
212 0.000721
213 0.000713
214 0.000717
215 0.000716
216 0.000722
217 0.000728
218 0.000726
219 0.000719
220 0.000712
221 0.000699
222 0.000698
223 0.000696
224 0.000696
225 0.000704
226 0.000705
227 0.000719
228 0.000734
229 0.000742
230 0.000727
231 0.000711
232 0.000697
233 0.000677
234 0.000656
235 0.000636
236 0.000639
237 0.000653
238 0.000674
239 0.000683
240 0.000692
241 0.000689
242 0.000689
243 0.000691
244 0.000699
245 0.000690
246 0.000692
247 0.000686
248 0.000670
249 0.000644
250 0.000630
251 0.000619
252 0.000612
253 0.000618
254 0.000619
255 0.000625
256 0.000624
257 0.000614
258 0.000591
259 0.000572
260 0.000557
261 0.000533
262 0.000519
263 0.000524
264 0.000536
265 0.000556
266 0.000563
267 0.000573
268 0.000570
269 0.000564
270 0.000556
271 0.000545
272 0.000535
273 0.000526
274 0.000515
275 0.000510
276 0.000519
277 0.000523
278 0.000527
279 0.000533
280 0.000544
281 0.000550
282 0.000546
283 0.000542
284 0.000546
285 0.000544
286 0.000543
287 0.000537
288 0.000529
289 0.000520
290 0.000510
291 0.000497
292 0.000494
293 0.000484
294 0.000484
295 0.000481
296 0.000483
297 0.000491
298 0.000496
299 0.000498
300 0.000498
301 0.000500
302 0.000498
303 0.000499
304 0.000502
305 0.000510
306 0.000517
307 0.000520
308 0.000534
309 0.000545
310 0.000553
311 0.000552
312 0.000551
313 0.000544
314 0.000535
315 0.000525
316 0.000521
317 0.000530
318 0.000541
319 0.000551
320 0.000552
321 0.000559
322 0.000555
323 0.000555
324 0.000554
325 0.000562
326 0.000571
327 0.000567
328 0.000561
329 0.000558
330 0.000551
331 0.000540
332 0.000531
333 0.000516
334 0.000514
335 0.000511
336 0.000512
337 0.000508
338 0.000500
339 0.000487
340 0.000473
341 0.000462
342 0.000461
343 0.000457
344 0.000450
345 0.000449
346 0.000453
347 0.000447
348 0.000441
349 0.000439
350 0.000431
351 0.000435
352 0.000441
353 0.000453
354 0.000454
355 0.000458
356 0.000468
357 0.000473
358 0.000476
359 0.000482
360 0.000496
361 0.000516
362 0.000532
363 0.000539
364 0.000538
365 0.000528
366 0.000517
367 0.000498
368 0.000494
369 0.000491
370 0.000498
371 0.000508
372 0.000514
373 0.000523
374 0.000521
375 0.000521
376 0.000506
377 0.000500
378 0.000491
379 0.000498
380 0.000506
381 0.000516
382 0.000525
383 0.000536
384 0.000536
385 0.000524
386 0.000510
387 0.000508
388 0.000503
389 0.000496
390 0.000501
391 0.000501
392 0.000498
393 0.000492
394 0.000488
395 0.000483
396 0.000485
397 0.000487
398 0.000488
399 0.000493
400 0.000505
401 0.000512
402 0.000510
403 0.000503
404 0.000493
405 0.000489
406 0.000488
407 0.000480
408 0.000481
409 0.000496
410 0.000499
411 0.000501
412 0.000511
413 0.000523
414 0.000519
415 0.000516
416 0.000511
417 0.000509
418 0.000506
419 0.000497
420 0.000493
421 0.000485
422 0.000473
423 0.000460
424 0.000455
425 0.000444
426 0.000440
427 0.000437
428 0.000434
429 0.000441
430 0.000442
431 0.000443
432 0.000448
433 0.000442
434 0.000430
435 0.000426
436 0.000416
437 0.000408
438 0.000392
439 0.000386
440 0.000389
441 0.000390
442 0.000395
443 0.000395
444 0.000393
445 0.000399
446 0.000402
447 0.000408
448 0.000407
449 0.000413
450 0.000419
451 0.000422
452 0.000422
453 0.000425
454 0.000432
455 0.000433
456 0.000441
457 0.000452
458 0.000460
459 0.000461
460 0.000466
461 0.000463
462 0.000460
463 0.000460
464 0.000452
465 0.000450
466 0.000464
467 0.000476
468 0.000482
469 0.000492
470 0.000502
471 0.000500
472 0.000501
473 0.000510
474 0.000513
475 0.000507
476 0.000502
477 0.000494
478 0.000490
479 0.000487
480 0.000485
481 0.000492
482 0.000494
483 0.000497
484 0.000501
485 0.000506
486 0.000511
487 0.000518
488 0.000523
489 0.000518
490 0.000514
491 0.000501
492 0.000483
493 0.000465
494 0.000460
495 0.000453
496 0.000439
497 0.000433
498 0.000432
499 0.000418
500 0.000401
501 0.000394
502 0.000386
503 0.000393
504 0.000400
505 0.000408
506 0.000414
507 0.000427
508 0.000432
509 0.000437
510 0.000448
511 0.000461
512 0.000474
513 0.000483
514 0.000478
515 0.000480
516 0.000480
517 0.000474
518 0.000474
519 0.000467
520 0.000467
521 0.000468
522 0.000476
523 0.000483
524 0.000489
525 0.000494
526 0.000495
527 0.000495
528 0.000493
529 0.000495
530 0.000490
531 0.000484
532 0.000482
533 0.000483
534 0.000477
535 0.000472
536 0.000472
537 0.000471
538 0.000466
539 0.000460
540 0.000457
541 0.000452
542 0.000444
543 0.000442
544 0.000439
545 0.000440
546 0.000445
547 0.000453
548 0.000459
549 0.000468
550 0.000473
551 0.000470
552 0.000470
553 0.000472
554 0.000478
555 0.000481
556 0.000473
557 0.000462
558 0.000448
559 0.000437
560 0.000425
561 0.000419
562 0.000411
563 0.000413
564 0.000414
565 0.000418
566 0.000419
567 0.000423
568 0.000420
569 0.000412
570 0.000406
571 0.000393
572 0.000388
573 0.000383
574 0.000381
575 0.000386
576 0.000392
577 0.000392
578 0.000395
579 0.000389
580 0.000383
581 0.000383
582 0.000386
583 0.000383
584 0.000389
585 0.000398
586 0.000396
587 0.000385
588 0.000377
589 0.000377
590 0.000381
591 0.000385
592 0.000380
593 0.000382
594 0.000382
595 0.000381
596 0.000371
597 0.000373
598 0.000375
599 0.000381
600 0.000383
601 0.000384
602 0.000384
603 0.000380
604 0.000379
605 0.000371
606 0.000364
607 0.000360
608 0.000354
609 0.000358
610 0.000356
611 0.000351
612 0.000345
613 0.000344
614 0.000340
615 0.000337
616 0.000339
617 0.000336
618 0.000330
619 0.000335
620 0.000334
621 0.000332
622 0.000331
623 0.000325
624 0.000315
625 0.000314
626 0.000315
627 0.000319
628 0.000327
629 0.000329
630 0.000328
631 0.000327
632 0.000322
633 0.000320
634 0.000324
635 0.000324
636 0.000328
637 0.000333
638 0.000339
639 0.000337
640 0.000340
641 0.000343
642 0.000346
643 0.000349
644 0.000345
645 0.000349
646 0.000355
647 0.000361
648 0.000361
649 0.000364
650 0.000362
651 0.000352
652 0.000346
653 0.000338
654 0.000330
655 0.000322
656 0.000315
657 0.000309
658 0.000302
659 0.000295
660 0.000286
661 0.000274
662 0.000263
663 0.000254
664 0.000250
665 0.000244
666 0.000229
667 0.000222
668 0.000218
669 0.000219
670 0.000226
671 0.000230
672 0.000237
673 0.000243
674 0.000246
675 0.000242
676 0.000240
677 0.000242
678 0.000239
679 0.000238
680 0.000238
681 0.000241
682 0.000249
683 0.000252
684 0.000255
685 0.000268
686 0.000277
687 0.000283
688 0.000292
689 0.000295
690 0.000296
691 0.000298
692 0.000294
693 0.000287
694 0.000284
695 0.000280
696 0.000274
697 0.000266
698 0.000262
699 0.000258
700 0.000259
701 0.000260
702 0.000263
703 0.000260
704 0.000251
705 0.000244
706 0.000239
707 0.000240
708 0.000239
709 0.000242
710 0.000247
711 0.000248
712 0.000247
713 0.000251
714 0.000251
715 0.000250
716 0.000249
717 0.000245
718 0.000241
719 0.000236
720 0.000229
721 0.000221
722 0.000219
723 0.000210
724 0.000204
725 0.000197
726 0.000193
727 0.000195
728 0.000189
729 0.000179
730 0.000180
731 0.000176
732 0.000171
733 0.000166
734 0.000164
735 0.000162
736 0.000158
737 0.000158
738 0.000155
739 0.000150
740 0.000148
741 0.000150
742 0.000144
743 0.000143
744 0.000138
745 0.000134
746 0.000125
747 0.000119
748 0.000112
749 0.000112
750 0.000118
751 0.000120
752 0.000119
753 0.000120
754 0.000127
755 0.000129
756 0.000128
757 0.000126
758 0.000127
759 0.000129
760 0.000126
761 0.000127
762 0.000128
763 0.000131
764 0.000130
765 0.000126
766 0.000128
767 0.000126
768 0.000126
769 0.000125
770 0.000125
771 0.000124
772 0.000121
773 0.000115
774 0.000108
775 0.000107
776 0.000105
777 0.000104
778 0.000104
779 0.000103
780 0.000103
781 0.000100
782 0.000096
783 0.000094
784 0.000093
785 0.000092
786 0.000089
787 0.000087
788 0.000088
789 0.000085
790 0.000082
791 0.000085
792 0.000095
793 0.000105
794 0.000107
795 0.000111
796 0.000115
797 0.000116
798 0.000116
799 0.000121
800 0.000128
801 0.000132
802 0.000135
803 0.000138
804 0.000142
805 0.000139
806 0.000136
807 0.000133
808 0.000125
809 0.000120
