# i correlation
1 0.002452
2 0.002348
3 0.002262
4 0.002195
5 0.002136
6 0.002084
7 0.002043
8 0.002007
9 0.001980
10 0.001956
11 0.001937
12 0.001904
13 0.001880
14 0.001861
15 0.001860
16 0.001856
17 0.001846
18 0.001841
19 0.001821
20 0.001796
21 0.001774
22 0.001755
23 0.001747
24 0.001745
25 0.001736
26 0.001728
27 0.001713
28 0.001690
29 0.001663
30 0.001651
31 0.001632
32 0.001626
33 0.001635
34 0.001644
35 0.001660
36 0.001669
37 0.001676
38 0.001682
39 0.001679
40 0.001670
41 0.001664
42 0.001647
43 0.001622
44 0.001607
45 0.001602
46 0.001599
47 0.001600
48 0.001607
49 0.001609
50 0.001619
51 0.001619
52 0.001615
53 0.001606
54 0.001590
55 0.001571
56 0.001560
57 0.001557
58 0.001553
59 0.001549
60 0.001524
61 0.001504
62 0.001500
63 0.001491
64 0.001485
65 0.001488
66 0.001482
67 0.001478
68 0.001477
69 0.001473
70 0.001464
71 0.001453
72 0.001434
73 0.001435
74 0.001436
75 0.001439
76 0.001434
77 0.001419
78 0.001402
79 0.001387
80 0.001383
81 0.001375
82 0.001376
83 0.001385
84 0.001375
85 0.001354
86 0.001351
87 0.001346
88 0.001339
89 0.001331
90 0.001319
91 0.001311
92 0.001311
93 0.001300
94 0.001261
95 0.001232
96 0.001208
97 0.001197
98 0.001193
99 0.001193
100 0.001200
101 0.001198
102 0.001206
103 0.001212
104 0.001201
105 0.001182
106 0.001176
107 0.001171
108 0.001175
109 0.001177
110 0.001184
111 0.001183
112 0.001168
113 0.001156
114 0.001146
115 0.001146
116 0.001156
117 0.001159
118 0.001161
119 0.001155
120 0.001146
121 0.001150
122 0.001144
123 0.001141
124 0.001150
125 0.001158
126 0.001169
127 0.001187
128 0.001197
129 0.001201
130 0.001195
131 0.001185
132 0.001180
133 0.001186
134 0.001195
135 0.001179
136 0.001169
137 0.001163
138 0.001157
139 0.001151
140 0.001147
141 0.001149
142 0.001154
143 0.001144
144 0.001136
145 0.001131
146 0.001116
147 0.001101
148 0.001101
149 0.001107
150 0.001103
151 0.001108
152 0.001118
153 0.001108
154 0.001098
155 0.001093
156 0.001079
157 0.001075
158 0.001069
159 0.001061
160 0.001055
161 0.001058
162 0.001059
163 0.001062
164 0.001069
165 0.001068
166 0.001071
167 0.001070
168 0.001066
169 0.001062
170 0.001048
171 0.001042
172 0.001037
173 0.001033
174 0.001012
175 0.001009
176 0.001013
177 0.001011
178 0.001004
179 0.001007
180 0.000999
181 0.000985
182 0.000976
183 0.000973
184 0.000974
185 0.000961
186 0.000953
187 0.000941
188 0.000930
189 0.000920
190 0.000920
191 0.000927
192 0.000929
193 0.000920
194 0.000904
195 0.000894
196 0.000889
197 0.000884
198 0.000879
199 0.000888
200 0.000904
201 0.000923
202 0.000936
203 0.000940
204 0.000943
205 0.000940
206 0.000935
207 0.000941
208 0.000950
209 0.000948
210 0.000942
211 0.000934
212 0.000929
213 0.000930
214 0.000934
215 0.000932
216 0.000936
217 0.000957
218 0.000973
219 0.000990
220 0.001003
221 0.000999
222 0.000978
223 0.000964
224 0.000948
225 0.000946
226 0.000941
227 0.000937
228 0.000933
229 0.000924
230 0.000920
231 0.000914
232 0.000907
233 0.000902
234 0.000911
235 0.000925
236 0.000927
237 0.000930
238 0.000933
239 0.000928
240 0.000920
241 0.000912
242 0.000911
243 0.000910
244 0.000914
245 0.000922
246 0.000920
247 0.000912
248 0.000898
249 0.000882
250 0.000868
251 0.000855
252 0.000854
253 0.000861
254 0.000869
255 0.000873
256 0.000864
257 0.000853
258 0.000855
259 0.000852
260 0.000852
261 0.000854
262 0.000852
263 0.000859
264 0.000867
265 0.000872
266 0.000870
267 0.000866
268 0.000861
269 0.000861
270 0.000860
271 0.000868
272 0.000878
273 0.000885
274 0.000883
275 0.000881
276 0.000878
277 0.000866
278 0.000850
279 0.000848
280 0.000838
281 0.000835
282 0.000846
283 0.000852
284 0.000851
285 0.000843
286 0.000822
287 0.000813
288 0.000815
289 0.000817
290 0.000819
291 0.000819
292 0.000814
293 0.000812
294 0.000822
295 0.000823
296 0.000817
297 0.000810
298 0.000806
299 0.000809
300 0.000823
301 0.000836
302 0.000833
303 0.000828
304 0.000819
305 0.000815
306 0.000808
307 0.000804
308 0.000796
309 0.000790
310 0.000782
311 0.000779
312 0.000786
313 0.000791
314 0.000782
315 0.000765
316 0.000750
317 0.000744
318 0.000746
319 0.000749
320 0.000751
321 0.000755
322 0.000758
323 0.000767
324 0.000775
325 0.000783
326 0.000783
327 0.000791
328 0.000799
329 0.000807
330 0.000812
331 0.000814
332 0.000809
333 0.000800
334 0.000792
335 0.000793
336 0.000802
337 0.000801
338 0.000801
339 0.000797
340 0.000798
341 0.000805
342 0.000806
343 0.000790
344 0.000777
345 0.000768
346 0.000765
347 0.000769
348 0.000769
349 0.000769
350 0.000768
351 0.000772
352 0.000784
353 0.000794
354 0.000794
355 0.000793
356 0.000796
357 0.000793
358 0.000785
359 0.000778
360 0.000772
361 0.000766
362 0.000769
363 0.000771
364 0.000776
365 0.000787
366 0.000798
367 0.000802
368 0.000804
369 0.000800
370 0.000793
371 0.000795
372 0.000804
373 0.000801
374 0.000795
375 0.000792
376 0.000793
377 0.000795
378 0.000790
379 0.000774
380 0.000767
381 0.000759
382 0.000758
383 0.000761
384 0.000765
385 0.000757
386 0.000749
387 0.000759
388 0.000766
389 0.000765
390 0.000764
391 0.000763
392 0.000773
393 0.000775
394 0.000774
395 0.000762
396 0.000743
397 0.000725
398 0.000717
399 0.000709
400 0.000709
401 0.000709
402 0.000704
403 0.000706
404 0.000709
405 0.000707
406 0.000709
407 0.000706
408 0.000698
409 0.000696
410 0.000697
411 0.000699
412 0.000697
413 0.000693
414 0.000681
415 0.000671
416 0.000659
417 0.000654
418 0.000639
419 0.000628
420 0.000618
421 0.000611
422 0.000612
423 0.000603
424 0.000598
425 0.000599
426 0.000589
427 0.000589
428 0.000595
429 0.000599
430 0.000605
431 0.000605
432 0.000602
433 0.000597
434 0.000597
435 0.000597
436 0.000597
437 0.000598
438 0.000590
439 0.000585
440 0.000583
441 0.000578
442 0.000575
443 0.000572
444 0.000562
445 0.000553
446 0.000548
447 0.000544
448 0.000533
449 0.000520
450 0.000506
451 0.000498
452 0.000490
453 0.000483
454 0.000474
455 0.000479
456 0.000471
457 0.000473
458 0.000475
459 0.000475
460 0.000477
461 0.000476
462 0.000475
463 0.000480
464 0.000486
465 0.000494
466 0.000494
467 0.000494
468 0.000495
469 0.000490
470 0.000491
471 0.000488
472 0.000479
473 0.000479
474 0.000480
475 0.000483
476 0.000483
477 0.000482
478 0.000478
479 0.000474
480 0.000483
481 0.000497
482 0.000505
483 0.000516
484 0.000530
485 0.000536
486 0.000534
487 0.000532
488 0.000527
489 0.000520
490 0.000519
491 0.000519
492 0.000519
493 0.000524
494 0.000521
495 0.000513
496 0.000507
497 0.000498
498 0.000490
499 0.000479
500 0.000476
501 0.000476
502 0.000474
503 0.000473
504 0.000473
505 0.000480
506 0.000473
507 0.000462
508 0.000455
509 0.000452
510 0.000452
511 0.000454
512 0.000450
513 0.000446
514 0.000448
515 0.000442
516 0.000441
517 0.000444
518 0.000449
519 0.000457
520 0.000473
521 0.000485
522 0.000491
523 0.000483
524 0.000474
525 0.000468
526 0.000461
527 0.000454
528 0.000449
529 0.000450
530 0.000448
531 0.000448
532 0.000452
533 0.000453
534 0.000446
535 0.000448
536 0.000449
537 0.000451
538 0.000452
539 0.000451
540 0.000456
541 0.000459
542 0.000459
543 0.000460
544 0.000466
545 0.000467
546 0.000470
547 0.000474
548 0.000480
549 0.000478
550 0.000476
551 0.000473
552 0.000465
553 0.000464
554 0.000460
555 0.000466
556 0.000473
557 0.000476
558 0.000479
559 0.000484
560 0.000480
561 0.000477
562 0.000475
563 0.000475
564 0.000473
565 0.000464
566 0.000458
567 0.000465
568 0.000470
569 0.000473
570 0.000476
571 0.000484
572 0.000494
573 0.000498
574 0.000504
575 0.000500
576 0.000502
577 0.000503
578 0.000493
579 0.000483
580 0.000477
581 0.000467
582 0.000452
583 0.000444
584 0.000440
585 0.000443
586 0.000446
587 0.000446
588 0.000447
589 0.000446
590 0.000444
591 0.000443
592 0.000443
593 0.000443
594 0.000445
595 0.000444
596 0.000444
597 0.000440
598 0.000435
599 0.000427
600 0.000419
601 0.000417
602 0.000415
603 0.000412
604 0.000411
605 0.000411
606 0.000410
607 0.000411
608 0.000411
609 0.000405
610 0.000399
611 0.000389
612 0.000386
613 0.000386
614 0.000385
615 0.000378
616 0.000362
617 0.000346
618 0.000330
619 0.000319
620 0.000308
621 0.000297
622 0.000289
623 0.000282
624 0.000281
625 0.000281
626 0.000287
627 0.000289
628 0.000292
629 0.000295
630 0.000301
631 0.000305
632 0.000310
633 0.000308
634 0.000308
635 0.000309
636 0.000306
637 0.000305
638 0.000310
639 0.000314
640 0.000309
641 0.000303
642 0.000301
643 0.000308
644 0.000303
645 0.000302
646 0.000309
647 0.000315
648 0.000314
649 0.000312
650 0.000312
651 0.000307
652 0.000298
653 0.000289
654 0.000283
655 0.000277
656 0.000274
657 0.000264
658 0.000248
659 0.000236
660 0.000225
661 0.000215
662 0.000200
663 0.000185
664 0.000182
665 0.000183
666 0.000179
667 0.000180
668 0.000171
669 0.000168
670 0.000160
671 0.000155
672 0.000150
673 0.000137
674 0.000131
675 0.000123
676 0.000120
677 0.000117
678 0.000112
679 0.000098
680 0.000093
681 0.000084
682 0.000082
683 0.000083
684 0.000088
685 0.000099
686 0.000098
687 0.000095
688 0.000098
689 0.000102
690 0.000102
691 0.000097
692 0.000092
693 0.000098
694 0.000098
695 0.000099
696 0.000105
697 0.000122
698 0.000131
699 0.000134
700 0.000139
701 0.000148
702 0.000156
703 0.000159
704 0.000164
705 0.000170
706 0.000175
707 0.000178
708 0.000181
709 0.000180
710 0.000175
711 0.000168
712 0.000164
713 0.000168
714 0.000169
715 0.000167
716 0.000167
717 0.000167
718 0.000168
719 0.000173
720 0.000173
721 0.000174
722 0.000178
723 0.000187
724 0.000192
725 0.000199
726 0.000203
727 0.000199
728 0.000200
729 0.000201
730 0.000198
731 0.000185
732 0.000173
733 0.000162
734 0.000157
735 0.000153
736 0.000151
737 0.000143
738 0.000139
739 0.000141
740 0.000141
741 0.000143
742 0.000141
743 0.000136
744 0.000136
745 0.000136
746 0.000135
747 0.000133
748 0.000130
749 0.000128
750 0.000122
751 0.000109
752 0.000098
753 0.000090
754 0.000081
755 0.000078
756 0.000084
757 0.000089
758 0.000094
759 0.000099
760 0.000106
761 0.000106
762 0.000109
763 0.000113
764 0.000123
765 0.000130
766 0.000141
767 0.000158
768 0.000167
769 0.000172
770 0.000168
771 0.000167
772 0.000172
773 0.000169
774 0.000167
775 0.000164
776 0.000163
777 0.000169
778 0.000171
779 0.000169
780 0.000167
781 0.000163
782 0.000161
783 0.000164
784 0.000161
785 0.000160
786 0.000158
787 0.000156
788 0.000155
789 0.000147
790 0.000143
791 0.000133
792 0.000123
793 0.000117
794 0.000115
795 0.000116
796 0.000114
797 0.000108
798 0.000106
799 0.000099
800 0.000090
801 0.000087
802 0.000079
803 0.000073
804 0.000067
805 0.000068
806 0.000069
807 0.000065
808 0.000061
809 0.000061
