# i correlation
1 0.002367
2 0.002259
3 0.002155
4 0.002072
5 0.001999
6 0.001948
7 0.001901
8 0.001864
9 0.001832
10 0.001807
11 0.001790
12 0.001767
13 0.001736
14 0.001716
15 0.001690
16 0.001662
17 0.001660
18 0.001653
19 0.001633
20 0.001617
21 0.001600
22 0.001598
23 0.001599
24 0.001602
25 0.001601
26 0.001599
27 0.001593
28 0.001593
29 0.001596
30 0.001588
31 0.001577
32 0.001571
33 0.001569
34 0.001563
35 0.001562
36 0.001547
37 0.001545
38 0.001533
39 0.001535
40 0.001525
41 0.001527
42 0.001519
43 0.001503
44 0.001491
45 0.001485
46 0.001464
47 0.001432
48 0.001415
49 0.001397
50 0.001389
51 0.001377
52 0.001366
53 0.001349
54 0.001344
55 0.001339
56 0.001339
57 0.001323
58 0.001304
59 0.001288
60 0.001273
61 0.001248
62 0.001243
63 0.001250
64 0.001238
65 0.001230
66 0.001221
67 0.001221
68 0.001221
69 0.001221
70 0.001221
71 0.001219
72 0.001207
73 0.001201
74 0.001203
75 0.001197
76 0.001181
77 0.001174
78 0.001162
79 0.001150
80 0.001156
81 0.001154
82 0.001156
83 0.001154
84 0.001146
85 0.001150
86 0.001147
87 0.001161
88 0.001150
89 0.001146
90 0.001139
91 0.001134
92 0.001122
93 0.001126
94 0.001115
95 0.001120
96 0.001115
97 0.001131
98 0.001156
99 0.001187
100 0.001199
101 0.001204
102 0.001197
103 0.001179
104 0.001170
105 0.001161
106 0.001144
107 0.001130
108 0.001127
109 0.001119
110 0.001110
111 0.001096
112 0.001089
113 0.001085
114 0.001076
115 0.001066
116 0.001060
117 0.001042
118 0.001026
119 0.001017
120 0.001007
121 0.000999
122 0.000994
123 0.000984
124 0.000968
125 0.000957
126 0.000960
127 0.000957
128 0.000970
129 0.000973
130 0.000974
131 0.000975
132 0.000977
133 0.000983
134 0.000979
135 0.000971
136 0.000967
137 0.000970
138 0.000983
139 0.000989
140 0.001000
141 0.001011
142 0.001018
143 0.001021
144 0.001005
145 0.000990
146 0.000972
147 0.000953
148 0.000942
149 0.000930
150 0.000925
151 0.000925
152 0.000923
153 0.000927
154 0.000939
155 0.000954
156 0.000968
157 0.000976
158 0.000974
159 0.000942
160 0.000928
161 0.000907
162 0.000893
163 0.000878
164 0.000870
165 0.000859
166 0.000843
167 0.000833
168 0.000829
169 0.000816
170 0.000818
171 0.000810
172 0.000811
173 0.000813
174 0.000815
175 0.000806
176 0.000791
177 0.000768
178 0.000754
179 0.000745
180 0.000758
181 0.000774
182 0.000791
183 0.000802
184 0.000809
185 0.000819
186 0.000814
187 0.000802
188 0.000791
189 0.000766
190 0.000746
191 0.000732
192 0.000730
193 0.000717
194 0.000710
195 0.000718
196 0.000722
197 0.000727
198 0.000737
199 0.000747
200 0.000744
201 0.000726
202 0.000717
203 0.000705
204 0.000682
205 0.000669
206 0.000667
207 0.000666
208 0.000674
209 0.000683
210 0.000686
211 0.000692
212 0.000693
213 0.000695
214 0.000691
215 0.000689
216 0.000689
217 0.000682
218 0.000673
219 0.000665
220 0.000667
221 0.000657
222 0.000648
223 0.000640
224 0.000645
225 0.000659
226 0.000666
227 0.000685
228 0.000706
229 0.000716
230 0.000721
231 0.000727
232 0.000730
233 0.000733
234 0.000728
235 0.000723
236 0.000725
237 0.000731
238 0.000738
239 0.000740
240 0.000745
241 0.000757
242 0.000773
243 0.000782
244 0.000796
245 0.000808
246 0.000797
247 0.000790
248 0.000779
249 0.000769
250 0.000759
251 0.000753
252 0.000738
253 0.000737
254 0.000743
255 0.000747
256 0.000737
257 0.000729
258 0.000720
259 0.000709
260 0.000684
261 0.000667
262 0.000660
263 0.000648
264 0.000636
265 0.000629
266 0.000627
267 0.000622
268 0.000619
269 0.000615
270 0.000617
271 0.000625
272 0.000633
273 0.000650
274 0.000668
275 0.000675
276 0.000681
277 0.000674
278 0.000660
279 0.000648
280 0.000642
281 0.000634
282 0.000631
283 0.000633
284 0.000633
285 0.000633
286 0.000636
287 0.000639
288 0.000633
289 0.000625
290 0.000621
291 0.000611
292 0.000593
293 0.000588
294 0.000586
295 0.000585
296 0.000589
297 0.000586
298 0.000586
299 0.000597
300 0.000602
301 0.000601
302 0.000586
303 0.000572
304 0.000554
305 0.000534
306 0.000515
307 0.000501
308 0.000496
309 0.000484
310 0.000472
311 0.000463
312 0.000454
313 0.000453
314 0.000448
315 0.000446
316 0.000440
317 0.000429
318 0.000433
319 0.000426
320 0.000415
321 0.000413
322 0.000418
323 0.000421
324 0.000438
325 0.000453
326 0.000466
327 0.000467
328 0.000473
329 0.000480
330 0.000481
331 0.000478
332 0.000475
333 0.000472
334 0.000463
335 0.000454
336 0.000446
337 0.000438
338 0.000435
339 0.000423
340 0.000419
341 0.000414
342 0.000416
343 0.000419
344 0.000426
345 0.000425
346 0.000423
347 0.000414
348 0.000404
349 0.000398
350 0.000390
351 0.000383
352 0.000384
353 0.000409
354 0.000433
355 0.000464
356 0.000490
357 0.000509
358 0.000514
359 0.000517
360 0.000509
361 0.000494
362 0.000485
363 0.000481
364 0.000475
365 0.000468
366 0.000470
367 0.000475
368 0.000479
369 0.000468
370 0.000471
371 0.000474
372 0.000465
373 0.000466
374 0.000461
375 0.000459
376 0.000464
377 0.000470
378 0.000470
379 0.000466
380 0.000462
381 0.000452
382 0.000446
383 0.000446
384 0.000452
385 0.000461
386 0.000462
387 0.000446
388 0.000434
389 0.000424
390 0.000419
391 0.000412
392 0.000418
393 0.000418
394 0.000431
395 0.000441
396 0.000452
397 0.000459
398 0.000466
399 0.000477
400 0.000493
401 0.000504
402 0.000516
403 0.000528
404 0.000531
405 0.000528
406 0.000521
407 0.000517
408 0.000519
409 0.000529
410 0.000534
411 0.000539
412 0.000549
413 0.000548
414 0.000544
415 0.000539
416 0.000537
417 0.000533
418 0.000523
419 0.000522
420 0.000512
421 0.000502
422 0.000487
423 0.000472
424 0.000460
425 0.000455
426 0.000456
427 0.000467
428 0.000478
429 0.000497
430 0.000506
431 0.000519
432 0.000519
433 0.000524
434 0.000527
435 0.000534
436 0.000548
437 0.000557
438 0.000559
439 0.000571
440 0.000590
441 0.000603
442 0.000617
443 0.000622
444 0.000624
445 0.000628
446 0.000627
447 0.000624
448 0.000616
449 0.000606
450 0.000595
451 0.000585
452 0.000572
453 0.000571
454 0.000577
455 0.000585
456 0.000598
457 0.000623
458 0.000637
459 0.000650
460 0.000652
461 0.000660
462 0.000652
463 0.000639
464 0.000633
465 0.000630
466 0.000630
467 0.000626
468 0.000616
469 0.000607
470 0.000599
471 0.000594
472 0.000590
473 0.000590
474 0.000588
475 0.000597
476 0.000607
477 0.000614
478 0.000609
479 0.000611
480 0.000600
481 0.000597
482 0.000599
483 0.000601
484 0.000604
485 0.000606
486 0.000606
487 0.000606
488 0.000597
489 0.000587
490 0.000573
491 0.000567
492 0.000557
493 0.000545
494 0.000535
495 0.000533
496 0.000538
497 0.000532
498 0.000531
499 0.000542
500 0.000546
501 0.000550
502 0.000549
503 0.000543
504 0.000540
505 0.000533
506 0.000534
507 0.000533
508 0.000534
509 0.000548
510 0.000567
511 0.000585
512 0.000598
513 0.000605
514 0.000612
515 0.000605
516 0.000603
517 0.000597
518 0.000593
519 0.000582
520 0.000576
521 0.000566
522 0.000554
523 0.000541
524 0.000535
525 0.000526
526 0.000520
527 0.000516
528 0.000521
529 0.000524
530 0.000529
531 0.000526
532 0.000522
533 0.000517
534 0.000517
535 0.000521
536 0.000521
537 0.000518
538 0.000520
539 0.000517
540 0.000522
541 0.000540
542 0.000557
543 0.000564
544 0.000569
545 0.000566
546 0.000555
547 0.000542
548 0.000533
549 0.000535
550 0.000535
551 0.000536
552 0.000546
553 0.000554
554 0.000559
555 0.000566
556 0.000565
557 0.000557
558 0.000552
559 0.000553
560 0.000550
561 0.000540
562 0.000535
563 0.000527
564 0.000517
565 0.000509
566 0.000508
567 0.000500
568 0.000486
569 0.000480
570 0.000475
571 0.000470
572 0.000466
573 0.000474
574 0.000482
575 0.000488
576 0.000493
577 0.000508
578 0.000514
579 0.000518
580 0.000519
581 0.000516
582 0.000512
583 0.000511
584 0.000517
585 0.000510
586 0.000508
587 0.000505
588 0.000505
589 0.000505
590 0.000498
591 0.000497
592 0.000496
593 0.000489
594 0.000487
595 0.000488
596 0.000479
597 0.000474
598 0.000471
599 0.000479
600 0.000486
601 0.000497
602 0.000498
603 0.000500
604 0.000498
605 0.000498
606 0.000486
607 0.000472
608 0.000460
609 0.000458
610 0.000454
611 0.000449
612 0.000453
613 0.000453
614 0.000450
615 0.000451
616 0.000446
617 0.000450
618 0.000446
619 0.000446
620 0.000434
621 0.000427
622 0.000419
623 0.000412
624 0.000405
625 0.000406
626 0.000394
627 0.000388
628 0.000385
629 0.000384
630 0.000382
631 0.000378
632 0.000369
633 0.000362
634 0.000354
635 0.000339
636 0.000329
637 0.000321
638 0.000309
639 0.000307
640 0.000311
641 0.000311
642 0.000320
643 0.000321
644 0.000327
645 0.000329
646 0.000327
647 0.000330
648 0.000329
649 0.000328
650 0.000324
651 0.000326
652 0.000323
653 0.000325
654 0.000327
655 0.000321
656 0.000313
657 0.000320
658 0.000325
659 0.000331
660 0.000329
661 0.000323
662 0.000316
663 0.000308
664 0.000309
665 0.000311
666 0.000315
667 0.000314
668 0.000315
669 0.000311
670 0.000311
671 0.000312
672 0.000312
673 0.000313
674 0.000312
675 0.000313
676 0.000314
677 0.000317
678 0.000309
679 0.000306
680 0.000295
681 0.000289
682 0.000290
683 0.000290
684 0.000293
685 0.000298
686 0.000308
687 0.000317
688 0.000329
689 0.000332
690 0.000338
691 0.000341
692 0.000348
693 0.000353
694 0.000363
695 0.000365
696 0.000363
697 0.000361
698 0.000359
699 0.000365
700 0.000368
701 0.000366
702 0.000369
703 0.000372
704 0.000375
705 0.000371
706 0.000363
707 0.000351
708 0.000346
709 0.000341
710 0.000343
711 0.000344
712 0.000344
713 0.000338
714 0.000334
715 0.000331
716 0.000334
717 0.000335
718 0.000330
719 0.000316
720 0.000311
721 0.000299
722 0.000298
723 0.000296
724 0.000290
725 0.000284
726 0.000276
727 0.000277
728 0.000275
729 0.000281
730 0.000280
731 0.000280
732 0.000281
733 0.000284
734 0.000292
735 0.000297
736 0.000298
737 0.000305
738 0.000305
739 0.000309
740 0.000309
741 0.000310
742 0.000306
743 0.000301
744 0.000294
745 0.000285
746 0.000278
747 0.000270
748 0.000263
749 0.000255
750 0.000250
751 0.000245
752 0.000239
753 0.000230
754 0.000221
755 0.000216
756 0.000210
757 0.000207
758 0.000206
759 0.000208
760 0.000202
761 0.000199
762 0.000196
763 0.000194
764 0.000193
765 0.000198
766 0.000204
767 0.000207
768 0.000205
769 0.000206
770 0.000206
771 0.000200
772 0.000196
773 0.000195
774 0.000192
775 0.000188
776 0.000183
777 0.000176
778 0.000165
779 0.000153
780 0.000142
781 0.000130
782 0.000118
783 0.000108
784 0.000100
785 0.000097
786 0.000094
787 0.000096
788 0.000097
789 0.000096
790 0.000096
791 0.000090
792 0.000085
793 0.000080
794 0.000077
795 0.000075
796 0.000069
797 0.000069
798 0.000066
799 0.000062
800 0.000060
801 0.000058
802 0.000062
803 0.000060
804 0.000067
805 0.000069
806 0.000070
807 0.000073
808 0.000072
809 0.000072
