# i correlation
1 0.002263
2 0.002142
3 0.002035
4 0.001938
5 0.001858
6 0.001801
7 0.001753
8 0.001715
9 0.001685
10 0.001660
11 0.001628
12 0.001612
13 0.001588
14 0.001549
15 0.001511
16 0.001484
17 0.001468
18 0.001450
19 0.001432
20 0.001422
21 0.001402
22 0.001386
23 0.001371
24 0.001362
25 0.001356
26 0.001349
27 0.001346
28 0.001339
29 0.001342
30 0.001331
31 0.001332
32 0.001335
33 0.001333
34 0.001321
35 0.001309
36 0.001292
37 0.001284
38 0.001290
39 0.001291
40 0.001292
41 0.001289
42 0.001292
43 0.001297
44 0.001304
45 0.001322
46 0.001330
47 0.001323
48 0.001297
49 0.001275
50 0.001261
51 0.001242
52 0.001233
53 0.001237
54 0.001232
55 0.001235
56 0.001224
57 0.001216
58 0.001218
59 0.001218
60 0.001223
61 0.001211
62 0.001195
63 0.001181
64 0.001174
65 0.001171
66 0.001171
67 0.001170
68 0.001158
69 0.001156
70 0.001170
71 0.001180
72 0.001195
73 0.001214
74 0.001220
75 0.001226
76 0.001233
77 0.001244
78 0.001256
79 0.001254
80 0.001236
81 0.001211
82 0.001191
83 0.001172
84 0.001167
85 0.001173
86 0.001186
87 0.001195
88 0.001192
89 0.001183
90 0.001174
91 0.001160
92 0.001142
93 0.001113
94 0.001085
95 0.001066
96 0.001050
97 0.001044
98 0.001054
99 0.001075
100 0.001079
101 0.001073
102 0.001069
103 0.001061
104 0.001061
105 0.001065
106 0.001064
107 0.001063
108 0.001059
109 0.001046
110 0.001043
111 0.001037
112 0.001039
113 0.001034
114 0.001010
115 0.000997
116 0.000989
117 0.000990
118 0.000994
119 0.001001
120 0.001004
121 0.000996
122 0.000986
123 0.000971
124 0.000967
125 0.000947
126 0.000925
127 0.000914
128 0.000901
129 0.000896
130 0.000905
131 0.000916
132 0.000930
133 0.000949
134 0.000955
135 0.000953
136 0.000945
137 0.000942
138 0.000927
139 0.000920
140 0.000911
141 0.000900
142 0.000892
143 0.000880
144 0.000886
145 0.000895
146 0.000909
147 0.000918
148 0.000917
149 0.000910
150 0.000909
151 0.000915
152 0.000919
153 0.000916
154 0.000905
155 0.000892
156 0.000891
157 0.000891
158 0.000882
159 0.000879
160 0.000883
161 0.000868
162 0.000868
163 0.000873
164 0.000863
165 0.000853
166 0.000836
167 0.000818
168 0.000807
169 0.000794
170 0.000791
171 0.000793
172 0.000798
173 0.000812
174 0.000820
175 0.000827
176 0.000836
177 0.000854
178 0.000859
179 0.000857
180 0.000870
181 0.000871
182 0.000870
183 0.000875
184 0.000883
185 0.000898
186 0.000914
187 0.000916
188 0.000916
189 0.000926
190 0.000938
191 0.000943
192 0.000944
193 0.000930
194 0.000917
195 0.000901
196 0.000879
197 0.000860
198 0.000836
199 0.000816
200 0.000789
201 0.000760
202 0.000747
203 0.000737
204 0.000725
205 0.000709
206 0.000701
207 0.000701
208 0.000696
209 0.000689
210 0.000692
211 0.000687
212 0.000683
213 0.000670
214 0.000647
215 0.000631
216 0.000613
217 0.000604
218 0.000597
219 0.000591
220 0.000593
221 0.000598
222 0.000607
223 0.000626
224 0.000645
225 0.000655
226 0.000668
227 0.000682
228 0.000691
229 0.000694
230 0.000705
231 0.000713
232 0.000721
233 0.000729
234 0.000737
235 0.000748
236 0.000764
237 0.000780
238 0.000787
239 0.000799
240 0.000805
241 0.000803
242 0.000796
243 0.000782
244 0.000768
245 0.000758
246 0.000765
247 0.000769
248 0.000761
249 0.000753
250 0.000746
251 0.000732
252 0.000730
253 0.000730
254 0.000727
255 0.000721
256 0.000711
257 0.000701
258 0.000688
259 0.000683
260 0.000679
261 0.000679
262 0.000689
263 0.000703
264 0.000715
265 0.000727
266 0.000741
267 0.000747
268 0.000749
269 0.000750
270 0.000753
271 0.000742
272 0.000738
273 0.000735
274 0.000715
275 0.000702
276 0.000693
277 0.000684
278 0.000673
279 0.000658
280 0.000641
281 0.000631
282 0.000626
283 0.000630
284 0.000645
285 0.000648
286 0.000642
287 0.000640
288 0.000632
289 0.000623
290 0.000623
291 0.000621
292 0.000629
293 0.000633
294 0.000638
295 0.000640
296 0.000645
297 0.000660
298 0.000667
299 0.000655
300 0.000639
301 0.000624
302 0.000613
303 0.000594
304 0.000577
305 0.000550
306 0.000536
307 0.000539
308 0.000542
309 0.000550
310 0.000555
311 0.000559
312 0.000564
313 0.000566
314 0.000566
315 0.000565
316 0.000569
317 0.000567
318 0.000555
319 0.000548
320 0.000539
321 0.000536
322 0.000543
323 0.000563
324 0.000569
325 0.000586
326 0.000590
327 0.000594
328 0.000587
329 0.000578
330 0.000575
331 0.000576
332 0.000576
333 0.000581
334 0.000582
335 0.000585
336 0.000594
337 0.000600
338 0.000602
339 0.000596
340 0.000597
341 0.000592
342 0.000590
343 0.000591
344 0.000595
345 0.000605
346 0.000606
347 0.000595
348 0.000584
349 0.000569
350 0.000553
351 0.000543
352 0.000535
353 0.000523
354 0.000520
355 0.000509
356 0.000494
357 0.000495
358 0.000502
359 0.000504
360 0.000501
361 0.000504
362 0.000508
363 0.000510
364 0.000507
365 0.000496
366 0.000485
367 0.000478
368 0.000473
369 0.000480
370 0.000487
371 0.000499
372 0.000503
373 0.000505
374 0.000499
375 0.000505
376 0.000505
377 0.000500
378 0.000491
379 0.000488
380 0.000478
381 0.000461
382 0.000440
383 0.000428
384 0.000424
385 0.000423
386 0.000427
387 0.000423
388 0.000419
389 0.000419
390 0.000413
391 0.000399
392 0.000381
393 0.000367
394 0.000360
395 0.000349
396 0.000350
397 0.000362
398 0.000367
399 0.000375
400 0.000389
401 0.000400
402 0.000410
403 0.000422
404 0.000428
405 0.000422
406 0.000425
407 0.000429
408 0.000426
409 0.000420
410 0.000424
411 0.000431
412 0.000431
413 0.000427
414 0.000425
415 0.000418
416 0.000418
417 0.000425
418 0.000428
419 0.000425
420 0.000424
421 0.000421
422 0.000423
423 0.000430
424 0.000446
425 0.000454
426 0.000455
427 0.000448
428 0.000441
429 0.000444
430 0.000461
431 0.000482
432 0.000497
433 0.000500
434 0.000492
435 0.000494
436 0.000489
437 0.000479
438 0.000468
439 0.000464
440 0.000462
441 0.000464
442 0.000470
443 0.000475
444 0.000482
445 0.000477
446 0.000467
447 0.000462
448 0.000454
449 0.000451
450 0.000451
451 0.000449
452 0.000444
453 0.000437
454 0.000430
455 0.000421
456 0.000416
457 0.000412
458 0.000404
459 0.000398
460 0.000400
461 0.000390
462 0.000385
463 0.000382
464 0.000390
465 0.000386
466 0.000375
467 0.000366
468 0.000351
469 0.000342
470 0.000338
471 0.000331
472 0.000327
473 0.000321
474 0.000320
475 0.000320
476 0.000336
477 0.000357
478 0.000371
479 0.000384
480 0.000393
481 0.000395
482 0.000394
483 0.000398
484 0.000400
485 0.000393
486 0.000388
487 0.000392
488 0.000394
489 0.000398
490 0.000400
491 0.000395
492 0.000383
493 0.000378
494 0.000374
495 0.000367
496 0.000367
497 0.000377
498 0.000377
499 0.000377
500 0.000375
501 0.000372
502 0.000371
503 0.000374
504 0.000367
505 0.000364
506 0.000368
507 0.000369
508 0.000378
509 0.000397
510 0.000420
511 0.000439
512 0.000446
513 0.000448
514 0.000451
515 0.000448
516 0.000443
517 0.000434
518 0.000431
519 0.000437
520 0.000436
521 0.000437
522 0.000442
523 0.000447
524 0.000448
525 0.000451
526 0.000455
527 0.000454
528 0.000445
529 0.000437
530 0.000435
531 0.000440
532 0.000448
533 0.000451
534 0.000451
535 0.000459
536 0.000465
537 0.000473
538 0.000476
539 0.000473
540 0.000466
541 0.000453
542 0.000443
543 0.000438
544 0.000432
545 0.000415
546 0.000398
547 0.000379
548 0.000368
549 0.000361
550 0.000357
551 0.000350
552 0.000344
553 0.000343
554 0.000341
555 0.000345
556 0.000360
557 0.000368
558 0.000369
559 0.000375
560 0.000378
561 0.000381
562 0.000380
563 0.000375
564 0.000377
565 0.000377
566 0.000374
567 0.000360
568 0.000350
569 0.000337
570 0.000324
571 0.000312
572 0.000299
573 0.000281
574 0.000266
575 0.000255
576 0.000247
577 0.000246
578 0.000238
579 0.000236
580 0.000225
581 0.000218
582 0.000211
583 0.000202
584 0.000202
585 0.000205
586 0.000206
587 0.000213
588 0.000226
589 0.000236
590 0.000237
591 0.000240
592 0.000244
593 0.000253
594 0.000260
595 0.000270
596 0.000279
597 0.000287
598 0.000294
599 0.000305
600 0.000313
601 0.000323
602 0.000326
603 0.000330
604 0.000332
605 0.000331
606 0.000331
607 0.000334
608 0.000327
609 0.000321
610 0.000321
611 0.000318
612 0.000306
613 0.000297
614 0.000289
615 0.000285
616 0.000279
617 0.000279
618 0.000276
619 0.000276
620 0.000278
621 0.000273
622 0.000264
623 0.000258
624 0.000252
625 0.000242
626 0.000233
627 0.000225
628 0.000213
629 0.000200
630 0.000190
631 0.000178
632 0.000173
633 0.000169
634 0.000174
635 0.000182
636 0.000184
637 0.000183
638 0.000178
639 0.000175
640 0.000164
641 0.000148
642 0.000139
643 0.000133
644 0.000126
645 0.000117
646 0.000113
647 0.000115
648 0.000113
649 0.000107
650 0.000100
651 0.000087
652 0.000076
653 0.000064
654 0.000056
655 0.000050
656 0.000044
657 0.000040
658 0.000029
659 0.000019
660 0.000014
661 0.000006
662 -0.000004
663 -0.000005
664 -0.000007
665 -0.000007
666 -0.000003
667 0.000006
668 0.000009
669 0.000010
670 0.000018
671 0.000027
672 0.000034
673 0.000045
674 0.000055
675 0.000059
676 0.000060
677 0.000065
678 0.000068
679 0.000072
680 0.000073
681 0.000070
682 0.000064
683 0.000064
684 0.000067
685 0.000063
686 0.000059
687 0.000053
688 0.000049
689 0.000046
690 0.000038
691 0.000030
692 0.000024
693 0.000022
694 0.000025
695 0.000027
696 0.000031
697 0.000031
698 0.000032
699 0.000027
700 0.000025
701 0.000021
702 0.000018
703 0.000012
704 0.000003
705 0.000001
706 0.000006
707 0.000007
708 0.000013
709 0.000019
710 0.000024
711 0.000029
712 0.000032
713 0.000038
714 0.000040
715 0.000046
716 0.000048
717 0.000055
718 0.000061
719 0.000066
720 0.000070
721 0.000074
722 0.000075
723 0.000076
724 0.000081
725 0.000087
726 0.000092
727 0.000093
728 0.000089
729 0.000083
730 0.000077
731 0.000066
732 0.000052
733 0.000047
734 0.000048
735 0.000044
736 0.000038
737 0.000038
738 0.000040
739 0.000046
740 0.000053
741 0.000059
742 0.000065
743 0.000070
744 0.000072
745 0.000070
746 0.000072
747 0.000076
748 0.000081
749 0.000086
750 0.000086
751 0.000083
752 0.000082
753 0.000076
754 0.000069
755 0.000064
756 0.000064
757 0.000065
758 0.000066
759 0.000062
760 0.000053
761 0.000043
762 0.000038
763 0.000029
764 0.000024
765 0.000023
766 0.000024
767 0.000025
768 0.000025
769 0.000026
770 0.000023
771 0.000022
772 0.000023
773 0.000026
774 0.000028
775 0.000036
776 0.000045
777 0.000050
778 0.000058
779 0.000070
780 0.000079
781 0.000087
782 0.000088
783 0.000088
784 0.000092
785 0.000095
786 0.000095
787 0.000100
788 0.000103
789 0.000104
790 0.000100
791 0.000098
792 0.000097
793 0.000097
794 0.000098
795 0.000102
796 0.000105
797 0.000112
798 0.000114
799 0.000113
800 0.000112
801 0.000109
802 0.000102
803 0.000101
804 0.000103
805 0.000105
806 0.000111
807 0.000117
808 0.000115
809 0.000107
