# i correlation
1 0.001411
2 0.001304
3 0.001216
4 0.001150
5 0.001093
6 0.001061
7 0.001035
8 0.001006
9 0.000980
10 0.000962
11 0.000929
12 0.000897
13 0.000858
14 0.000839
15 0.000824
16 0.000821
17 0.000830
18 0.000833
19 0.000832
20 0.000831
21 0.000830
22 0.000819
23 0.000801
24 0.000788
25 0.000770
26 0.000764
27 0.000756
28 0.000768
29 0.000770
30 0.000776
31 0.000771
32 0.000767
33 0.000758
34 0.000762
35 0.000776
36 0.000785
37 0.000776
38 0.000779
39 0.000778
40 0.000778
41 0.000779
42 0.000773
43 0.000749
44 0.000747
45 0.000739
46 0.000731
47 0.000720
48 0.000718
49 0.000730
50 0.000750
51 0.000759
52 0.000747
53 0.000728
54 0.000716
55 0.000710
56 0.000714
57 0.000728
58 0.000733
59 0.000731
60 0.000723
61 0.000714
62 0.000707
63 0.000708
64 0.000716
65 0.000718
66 0.000720
67 0.000717
68 0.000716
69 0.000704
70 0.000696
71 0.000677
72 0.000665
73 0.000652
74 0.000651
75 0.000646
76 0.000650
77 0.000643
78 0.000645
79 0.000637
80 0.000641
81 0.000646
82 0.000642
83 0.000632
84 0.000636
85 0.000648
86 0.000648
87 0.000642
88 0.000626
89 0.000614
90 0.000614
91 0.000597
92 0.000589
93 0.000582
94 0.000572
95 0.000570
96 0.000566
97 0.000566
98 0.000554
99 0.000542
100 0.000540
101 0.000548
102 0.000553
103 0.000543
104 0.000536
105 0.000534
106 0.000547
107 0.000543
108 0.000542
109 0.000539
110 0.000535
111 0.000534
112 0.000528
113 0.000526
114 0.000518
115 0.000517
116 0.000517
117 0.000516
118 0.000518
119 0.000510
120 0.000514
121 0.000509
122 0.000506
123 0.000506
124 0.000499
125 0.000495
126 0.000494
127 0.000493
128 0.000491
129 0.000497
130 0.000498
131 0.000501
132 0.000504
133 0.000499
134 0.000502
135 0.000515
136 0.000526
137 0.000534
138 0.000525
139 0.000522
140 0.000509
141 0.000508
142 0.000505
143 0.000507
144 0.000517
145 0.000515
146 0.000512
147 0.000504
148 0.000494
149 0.000485
150 0.000479
151 0.000483
152 0.000477
153 0.000472
154 0.000463
155 0.000451
156 0.000438
157 0.000431
158 0.000423
159 0.000424
160 0.000418
161 0.000423
162 0.000418
163 0.000411
164 0.000397
165 0.000396
166 0.000388
167 0.000393
168 0.000389
169 0.000382
170 0.000389
171 0.000406
172 0.000426
173 0.000443
174 0.000462
175 0.000470
176 0.000464
177 0.000457
178 0.000446
179 0.000438
180 0.000433
181 0.000421
182 0.000415
183 0.000398
184 0.000397
185 0.000392
186 0.000394
187 0.000398
188 0.000398
189 0.000394
190 0.000388
191 0.000390
192 0.000393
193 0.000389
194 0.000384
195 0.000383
196 0.000386
197 0.000385
198 0.000387
199 0.000384
200 0.000372
201 0.000370
202 0.000365
203 0.000355
204 0.000338
205 0.000332
206 0.000330
207 0.000341
208 0.000356
209 0.000366
210 0.000373
211 0.000381
212 0.000389
213 0.000394
214 0.000391
215 0.000384
216 0.000379
217 0.000374
218 0.000369
219 0.000363
220 0.000356
221 0.000355
222 0.000352
223 0.000344
224 0.000340
225 0.000341
226 0.000346
227 0.000343
228 0.000349
229 0.000362
230 0.000369
231 0.000385
232 0.000388
233 0.000398
234 0.000400
235 0.000402
236 0.000397
237 0.000393
238 0.000382
239 0.000371
240 0.000352
241 0.000337
242 0.000336
243 0.000333
244 0.000328
245 0.000321
246 0.000323
247 0.000310
248 0.000288
249 0.000272
250 0.000260
251 0.000239
252 0.000236
253 0.000231
254 0.000230
255 0.000238
256 0.000258
257 0.000279
258 0.000280
259 0.000276
260 0.000282
261 0.000288
262 0.000290
263 0.000298
264 0.000310
265 0.000335
266 0.000352
267 0.000359
268 0.000357
269 0.000348
270 0.000337
271 0.000328
272 0.000329
273 0.000324
274 0.000324
275 0.000336
276 0.000343
277 0.000348
278 0.000363
279 0.000365
280 0.000365
281 0.000367
282 0.000370
283 0.000373
284 0.000369
285 0.000370
286 0.000373
287 0.000370
288 0.000371
289 0.000364
290 0.000362
291 0.000356
292 0.000349
293 0.000346
294 0.000338
295 0.000339
296 0.000350
297 0.000357
298 0.000366
299 0.000359
300 0.000352
301 0.000353
302 0.000358
303 0.000354
304 0.000345
305 0.000335
306 0.000320
307 0.000312
308 0.000297
309 0.000284
310 0.000281
311 0.000279
312 0.000268
313 0.000267
314 0.000283
315 0.000290
316 0.000296
317 0.000298
318 0.000302
319 0.000307
320 0.000316
321 0.000326
322 0.000330
323 0.000337
324 0.000339
325 0.000333
326 0.000327
327 0.000323
328 0.000324
329 0.000318
330 0.000317
331 0.000330
332 0.000340
333 0.000350
334 0.000343
335 0.000341
336 0.000339
337 0.000339
338 0.000337
339 0.000332
340 0.000322
341 0.000312
342 0.000319
343 0.000322
344 0.000314
345 0.000306
346 0.000307
347 0.000305
348 0.000298
349 0.000302
350 0.000292
351 0.000288
352 0.000293
353 0.000298
354 0.000299
355 0.000291
356 0.000287
357 0.000274
358 0.000265
359 0.000265
360 0.000264
361 0.000254
362 0.000249
363 0.000242
364 0.000234
365 0.000232
366 0.000242
367 0.000244
368 0.000248
369 0.000245
370 0.000243
371 0.000244
372 0.000247
373 0.000253
374 0.000252
375 0.000258
376 0.000248
377 0.000245
378 0.000241
379 0.000240
380 0.000242
381 0.000249
382 0.000256
383 0.000266
384 0.000268
385 0.000263
386 0.000254
387 0.000256
388 0.000262
389 0.000264
390 0.000260
391 0.000250
392 0.000243
393 0.000238
394 0.000232
395 0.000227
396 0.000223
397 0.000220
398 0.000214
399 0.000213
400 0.000215
401 0.000228
402 0.000236
403 0.000251
404 0.000261
405 0.000270
406 0.000274
407 0.000288
408 0.000297
409 0.000309
410 0.000315
411 0.000325
412 0.000327
413 0.000326
414 0.000311
415 0.000292
416 0.000284
417 0.000286
418 0.000280
419 0.000281
420 0.000276
421 0.000267
422 0.000254
423 0.000249
424 0.000245
425 0.000235
426 0.000227
427 0.000222
428 0.000219
429 0.000216
430 0.000220
431 0.000215
432 0.000211
433 0.000213
434 0.000218
435 0.000210
436 0.000201
437 0.000205
438 0.000200
439 0.000205
440 0.000215
441 0.000224
442 0.000230
443 0.000237
444 0.000250
445 0.000245
446 0.000235
447 0.000238
448 0.000235
449 0.000237
450 0.000235
451 0.000245
452 0.000246
453 0.000249
454 0.000251
455 0.000253
456 0.000246
457 0.000236
458 0.000231
459 0.000223
460 0.000210
461 0.000198
462 0.000191
463 0.000188
464 0.000190
465 0.000198
466 0.000194
467 0.000197
468 0.000211
469 0.000221
470 0.000228
471 0.000232
472 0.000240
473 0.000250
474 0.000257
475 0.000267
476 0.000271
477 0.000280
478 0.000276
479 0.000272
480 0.000254
481 0.000243
482 0.000234
483 0.000224
484 0.000207
485 0.000198
486 0.000186
487 0.000179
488 0.000181
489 0.000184
490 0.000189
491 0.000195
492 0.000200
493 0.000209
494 0.000222
495 0.000233
496 0.000236
497 0.000234
498 0.000225
499 0.000215
500 0.000214
501 0.000217
502 0.000217
503 0.000217
504 0.000206
505 0.000202
506 0.000198
507 0.000209
508 0.000209
509 0.000216
510 0.000219
511 0.000223
512 0.000235
513 0.000243
514 0.000250
515 0.000249
516 0.000238
517 0.000231
518 0.000224
519 0.000228
520 0.000226
521 0.000223
522 0.000220
523 0.000217
524 0.000224
525 0.000229
526 0.000231
527 0.000240
528 0.000243
529 0.000244
530 0.000235
531 0.000235
532 0.000242
533 0.000248
534 0.000255
535 0.000255
536 0.000254
537 0.000250
538 0.000245
539 0.000238
540 0.000234
541 0.000226
542 0.000221
543 0.000217
544 0.000224
545 0.000230
546 0.000234
547 0.000235
548 0.000239
549 0.000239
550 0.000242
551 0.000244
552 0.000239
553 0.000250
554 0.000257
555 0.000259
556 0.000262
557 0.000259
558 0.000257
559 0.000261
560 0.000267
561 0.000265
562 0.000265
563 0.000261
564 0.000262
565 0.000254
566 0.000246
567 0.000239
568 0.000232
569 0.000229
570 0.000231
571 0.000229
572 0.000221
573 0.000210
574 0.000201
575 0.000195
576 0.000197
577 0.000199
578 0.000203
579 0.000212
580 0.000216
581 0.000216
582 0.000207
583 0.000203
584 0.000201
585 0.000203
586 0.000198
587 0.000198
588 0.000204
589 0.000210
590 0.000209
591 0.000208
592 0.000206
593 0.000199
594 0.000185
595 0.000183
596 0.000172
597 0.000165
598 0.000167
599 0.000172
600 0.000179
601 0.000184
602 0.000192
603 0.000195
604 0.000197
605 0.000196
606 0.000196
607 0.000181
608 0.000179
609 0.000184
610 0.000197
611 0.000202
612 0.000211
613 0.000210
614 0.000212
615 0.000204
616 0.000204
617 0.000205
618 0.000212
619 0.000223
620 0.000231
621 0.000246
622 0.000244
623 0.000235
624 0.000228
625 0.000233
626 0.000237
627 0.000246
628 0.000256
629 0.000267
630 0.000269
631 0.000268
632 0.000259
633 0.000243
634 0.000228
635 0.000215
636 0.000203
637 0.000192
638 0.000188
639 0.000188
640 0.000188
641 0.000181
642 0.000177
643 0.000170
644 0.000165
645 0.000164
646 0.000167
647 0.000162
648 0.000159
649 0.000160
650 0.000161
651 0.000158
652 0.000151
653 0.000148
654 0.000145
655 0.000147
656 0.000152
657 0.000157
658 0.000152
659 0.000148
660 0.000144
661 0.000142
662 0.000146
663 0.000149
664 0.000146
665 0.000146
666 0.000149
667 0.000155
668 0.000165
669 0.000169
670 0.000178
671 0.000183
672 0.000177
673 0.000176
674 0.000176
675 0.000177
676 0.000176
677 0.000181
678 0.000180
679 0.000185
680 0.000187
681 0.000178
682 0.000175
683 0.000167
684 0.000167
685 0.000171
686 0.000180
687 0.000187
688 0.000187
689 0.000194
690 0.000203
691 0.000212
692 0.000210
693 0.000199
694 0.000190
695 0.000183
696 0.000178
697 0.000176
698 0.000175
699 0.000179
700 0.000176
701 0.000180
702 0.000171
703 0.000168
704 0.000159
705 0.000154
706 0.000152
707 0.000154
708 0.000163
709 0.000168
710 0.000167
711 0.000169
712 0.000172
713 0.000169
714 0.000159
715 0.000155
716 0.000143
717 0.000125
718 0.000110
719 0.000098
720 0.000091
721 0.000089
722 0.000085
723 0.000080
724 0.000077
725 0.000075
726 0.000079
727 0.000085
728 0.000081
729 0.000078
730 0.000086
731 0.000090
732 0.000093
733 0.000093
734 0.000098
735 0.000106
736 0.000109
737 0.000113
738 0.000115
739 0.000115
740 0.000122
741 0.000130
742 0.000141
743 0.000149
744 0.000151
745 0.000148
746 0.000145
747 0.000141
748 0.000135
749 0.000135
750 0.000136
751 0.000140
752 0.000147
753 0.000148
754 0.000149
755 0.000148
756 0.000144
757 0.000140
758 0.000139
759 0.000136
760 0.000133
761 0.000133
762 0.000136
763 0.000143
764 0.000142
765 0.000143
766 0.000144
767 0.000138
768 0.000133
769 0.000131
770 0.000125
771 0.000127
772 0.000140
773 0.000149
774 0.000148
775 0.000151
776 0.000153
777 0.000155
778 0.000150
779 0.000149
780 0.000146
781 0.000143
782 0.000137
783 0.000132
784 0.000127
785 0.000118
786 0.000114
787 0.000111
788 0.000103
789 0.000097
790 0.000098
791 0.000101
792 0.000109
793 0.000127
794 0.000139
795 0.000136
796 0.000132
797 0.000126
798 0.000124
799 0.000117
800 0.000120
801 0.000123
802 0.000128
803 0.000131
804 0.000131
805 0.000129
806 0.000120
807 0.000109
808 0.000096
809 0.000087
