# i correlation
1 0.001497
2 0.001403
3 0.001322
4 0.001253
5 0.001177
6 0.001121
7 0.001080
8 0.001048
9 0.001021
10 0.000993
11 0.000960
12 0.000935
13 0.000920
14 0.000919
15 0.000910
16 0.000890
17 0.000872
18 0.000857
19 0.000854
20 0.000851
21 0.000857
22 0.000859
23 0.000881
24 0.000886
25 0.000889
26 0.000883
27 0.000879
28 0.000875
29 0.000870
30 0.000864
31 0.000865
32 0.000872
33 0.000881
34 0.000873
35 0.000866
36 0.000858
37 0.000850
38 0.000846
39 0.000853
40 0.000852
41 0.000851
42 0.000849
43 0.000851
44 0.000845
45 0.000822
46 0.000795
47 0.000782
48 0.000763
49 0.000737
50 0.000719
51 0.000700
52 0.000690
53 0.000677
54 0.000669
55 0.000661
56 0.000657
57 0.000654
58 0.000657
59 0.000659
60 0.000655
61 0.000652
62 0.000653
63 0.000665
64 0.000667
65 0.000672
66 0.000662
67 0.000670
68 0.000684
69 0.000689
70 0.000699
71 0.000697
72 0.000708
73 0.000717
74 0.000731
75 0.000734
76 0.000735
77 0.000733
78 0.000727
79 0.000714
80 0.000707
81 0.000707
82 0.000714
83 0.000723
84 0.000741
85 0.000724
86 0.000718
87 0.000705
88 0.000695
89 0.000684
90 0.000667
91 0.000668
92 0.000667
93 0.000669
94 0.000668
95 0.000669
96 0.000677
97 0.000684
98 0.000680
99 0.000675
100 0.000673
101 0.000675
102 0.000672
103 0.000670
104 0.000673
105 0.000678
106 0.000681
107 0.000686
108 0.000700
109 0.000710
110 0.000719
111 0.000720
112 0.000714
113 0.000700
114 0.000684
115 0.000667
116 0.000659
117 0.000662
118 0.000661
119 0.000651
120 0.000645
121 0.000641
122 0.000634
123 0.000631
124 0.000633
125 0.000640
126 0.000648
127 0.000658
128 0.000665
129 0.000673
130 0.000671
131 0.000674
132 0.000675
133 0.000685
134 0.000675
135 0.000682
136 0.000675
137 0.000682
138 0.000683
139 0.000679
140 0.000673
141 0.000672
142 0.000661
143 0.000653
144 0.000639
145 0.000623
146 0.000615
147 0.000608
148 0.000593
149 0.000586
150 0.000578
151 0.000586
152 0.000597
153 0.000596
154 0.000591
155 0.000578
156 0.000583
157 0.000578
158 0.000584
159 0.000580
160 0.000586
161 0.000588
162 0.000574
163 0.000564
164 0.000562
165 0.000560
166 0.000563
167 0.000556
168 0.000556
169 0.000550
170 0.000549
171 0.000545
172 0.000558
173 0.000559
174 0.000569
175 0.000587
176 0.000604
177 0.000613
178 0.000621
179 0.000636
180 0.000648
181 0.000654
182 0.000648
183 0.000640
184 0.000628
185 0.000621
186 0.000608
187 0.000592
188 0.000570
189 0.000561
190 0.000540
191 0.000528
192 0.000526
193 0.000520
194 0.000522
195 0.000541
196 0.000552
197 0.000555
198 0.000555
199 0.000557
200 0.000557
201 0.000556
202 0.000552
203 0.000551
204 0.000552
205 0.000559
206 0.000568
207 0.000564
208 0.000554
209 0.000553
210 0.000548
211 0.000552
212 0.000556
213 0.000556
214 0.000554
215 0.000559
216 0.000567
217 0.000573
218 0.000567
219 0.000568
220 0.000573
221 0.000580
222 0.000575
223 0.000560
224 0.000553
225 0.000538
226 0.000529
227 0.000511
228 0.000506
229 0.000504
230 0.000500
231 0.000490
232 0.000484
233 0.000483
234 0.000489
235 0.000504
236 0.000528
237 0.000544
238 0.000561
239 0.000581
240 0.000601
241 0.000607
242 0.000602
243 0.000593
244 0.000588
245 0.000581
246 0.000555
247 0.000546
248 0.000539
249 0.000537
250 0.000541
251 0.000546
252 0.000546
253 0.000548
254 0.000553
255 0.000547
256 0.000537
257 0.000536
258 0.000526
259 0.000520
260 0.000525
261 0.000535
262 0.000553
263 0.000577
264 0.000594
265 0.000608
266 0.000602
267 0.000591
268 0.000579
269 0.000569
270 0.000551
271 0.000529
272 0.000509
273 0.000489
274 0.000477
275 0.000455
276 0.000455
277 0.000451
278 0.000454
279 0.000448
280 0.000449
281 0.000453
282 0.000443
283 0.000439
284 0.000442
285 0.000439
286 0.000442
287 0.000443
288 0.000438
289 0.000439
290 0.000446
291 0.000453
292 0.000446
293 0.000453
294 0.000448
295 0.000441
296 0.000435
297 0.000426
298 0.000420
299 0.000416
300 0.000405
301 0.000395
302 0.000382
303 0.000380
304 0.000384
305 0.000385
306 0.000386
307 0.000382
308 0.000384
309 0.000386
310 0.000403
311 0.000404
312 0.000410
313 0.000420
314 0.000427
315 0.000427
316 0.000426
317 0.000424
318 0.000426
319 0.000427
320 0.000427
321 0.000427
322 0.000422
323 0.000411
324 0.000412
325 0.000417
326 0.000424
327 0.000421
328 0.000419
329 0.000421
330 0.000418
331 0.000407
332 0.000394
333 0.000394
334 0.000390
335 0.000400
336 0.000412
337 0.000420
338 0.000427
339 0.000434
340 0.000428
341 0.000419
342 0.000412
343 0.000409
344 0.000402
345 0.000393
346 0.000387
347 0.000387
348 0.000377
349 0.000372
350 0.000369
351 0.000365
352 0.000354
353 0.000354
354 0.000358
355 0.000356
356 0.000351
357 0.000350
358 0.000360
359 0.000361
360 0.000356
361 0.000360
362 0.000359
363 0.000351
364 0.000342
365 0.000334
366 0.000331
367 0.000328
368 0.000335
369 0.000350
370 0.000360
371 0.000367
372 0.000373
373 0.000380
374 0.000386
375 0.000387
376 0.000387
377 0.000397
378 0.000412
379 0.000408
380 0.000409
381 0.000406
382 0.000404
383 0.000388
384 0.000373
385 0.000357
386 0.000351
387 0.000352
388 0.000348
389 0.000336
390 0.000332
391 0.000325
392 0.000329
393 0.000326
394 0.000340
395 0.000343
396 0.000346
397 0.000348
398 0.000349
399 0.000344
400 0.000349
401 0.000361
402 0.000376
403 0.000379
404 0.000376
405 0.000379
406 0.000365
407 0.000346
408 0.000321
409 0.000304
410 0.000292
411 0.000289
412 0.000284
413 0.000290
414 0.000290
415 0.000300
416 0.000305
417 0.000306
418 0.000304
419 0.000308
420 0.000312
421 0.000325
422 0.000328
423 0.000337
424 0.000341
425 0.000343
426 0.000341
427 0.000335
428 0.000336
429 0.000338
430 0.000337
431 0.000331
432 0.000331
433 0.000326
434 0.000317
435 0.000309
436 0.000314
437 0.000316
438 0.000313
439 0.000311
440 0.000304
441 0.000295
442 0.000298
443 0.000299
444 0.000304
445 0.000311
446 0.000320
447 0.000324
448 0.000321
449 0.000316
450 0.000315
451 0.000306
452 0.000296
453 0.000292
454 0.000273
455 0.000258
456 0.000251
457 0.000252
458 0.000244
459 0.000245
460 0.000251
461 0.000253
462 0.000255
463 0.000260
464 0.000260
465 0.000262
466 0.000268
467 0.000270
468 0.000267
469 0.000261
470 0.000267
471 0.000267
472 0.000253
473 0.000238
474 0.000238
475 0.000238
476 0.000245
477 0.000245
478 0.000247
479 0.000250
480 0.000255
481 0.000246
482 0.000243
483 0.000242
484 0.000237
485 0.000243
486 0.000248
487 0.000239
488 0.000234
489 0.000237
490 0.000240
491 0.000238
492 0.000227
493 0.000218
494 0.000209
495 0.000205
496 0.000201
497 0.000199
498 0.000201
499 0.000209
500 0.000210
501 0.000200
502 0.000197
503 0.000192
504 0.000192
505 0.000205
506 0.000207
507 0.000215
508 0.000211
509 0.000212
510 0.000217
511 0.000220
512 0.000221
513 0.000227
514 0.000236
515 0.000248
516 0.000250
517 0.000247
518 0.000237
519 0.000237
520 0.000239
521 0.000240
522 0.000244
523 0.000244
524 0.000237
525 0.000235
526 0.000236
527 0.000234
528 0.000228
529 0.000233
530 0.000234
531 0.000237
532 0.000233
533 0.000236
534 0.000234
535 0.000235
536 0.000230
537 0.000224
538 0.000223
539 0.000214
540 0.000206
541 0.000204
542 0.000205
543 0.000204
544 0.000202
545 0.000195
546 0.000193
547 0.000189
548 0.000187
549 0.000180
550 0.000185
551 0.000176
552 0.000175
553 0.000184
554 0.000211
555 0.000222
556 0.000230
557 0.000240
558 0.000258
559 0.000265
560 0.000268
561 0.000272
562 0.000274
563 0.000277
564 0.000271
565 0.000258
566 0.000242
567 0.000238
568 0.000233
569 0.000225
570 0.000224
571 0.000219
572 0.000215
573 0.000216
574 0.000219
575 0.000233
576 0.000243
577 0.000258
578 0.000263
579 0.000277
580 0.000282
581 0.000289
582 0.000296
583 0.000306
584 0.000312
585 0.000312
586 0.000310
587 0.000305
588 0.000299
589 0.000297
590 0.000293
591 0.000295
592 0.000286
593 0.000281
594 0.000277
595 0.000269
596 0.000263
597 0.000256
598 0.000253
599 0.000246
600 0.000243
601 0.000243
602 0.000236
603 0.000232
604 0.000226
605 0.000220
606 0.000221
607 0.000221
608 0.000224
609 0.000225
610 0.000228
611 0.000235
612 0.000241
613 0.000243
614 0.000243
615 0.000243
616 0.000245
617 0.000249
618 0.000253
619 0.000253
620 0.000252
621 0.000247
622 0.000244
623 0.000239
624 0.000237
625 0.000233
626 0.000231
627 0.000229
628 0.000229
629 0.000218
630 0.000211
631 0.000210
632 0.000209
633 0.000200
634 0.000200
635 0.000194
636 0.000190
637 0.000181
638 0.000176
639 0.000170
640 0.000165
641 0.000166
642 0.000175
643 0.000177
644 0.000178
645 0.000184
646 0.000184
647 0.000181
648 0.000170
649 0.000162
650 0.000157
651 0.000156
652 0.000155
653 0.000147
654 0.000146
655 0.000147
656 0.000155
657 0.000158
658 0.000161
659 0.000170
660 0.000168
661 0.000160
662 0.000152
663 0.000147
664 0.000146
665 0.000149
666 0.000158
667 0.000156
668 0.000163
669 0.000159
670 0.000153
671 0.000139
672 0.000128
673 0.000118
674 0.000111
675 0.000108
676 0.000102
677 0.000094
678 0.000089
679 0.000084
680 0.000085
681 0.000094
682 0.000099
683 0.000108
684 0.000111
685 0.000116
686 0.000122
687 0.000134
688 0.000135
689 0.000145
690 0.000150
691 0.000155
692 0.000157
693 0.000154
694 0.000149
695 0.000144
696 0.000142
697 0.000142
698 0.000140
699 0.000137
700 0.000137
701 0.000140
702 0.000142
703 0.000137
704 0.000134
705 0.000130
706 0.000133
707 0.000131
708 0.000133
709 0.000132
710 0.000135
711 0.000135
712 0.000140
713 0.000139
714 0.000141
715 0.000144
716 0.000151
717 0.000152
718 0.000152
719 0.000155
720 0.000158
721 0.000156
722 0.000159
723 0.000159
724 0.000156
725 0.000151
726 0.000154
727 0.000152
728 0.000150
729 0.000149
730 0.000147
731 0.000143
732 0.000134
733 0.000131
734 0.000124
735 0.000116
736 0.000109
737 0.000108
738 0.000098
739 0.000091
740 0.000089
741 0.000087
742 0.000085
743 0.000083
744 0.000078
745 0.000070
746 0.000061
747 0.000056
748 0.000051
749 0.000053
750 0.000057
751 0.000060
752 0.000069
753 0.000078
754 0.000086
755 0.000091
756 0.000099
757 0.000104
758 0.000107
759 0.000113
760 0.000116
761 0.000116
762 0.000120
763 0.000122
764 0.000123
765 0.000123
766 0.000120
767 0.000116
768 0.000105
769 0.000097
770 0.000090
771 0.000083
772 0.000072
773 0.000068
774 0.000065
775 0.000061
776 0.000061
777 0.000057
778 0.000055
779 0.000054
780 0.000057
781 0.000054
782 0.000053
783 0.000054
784 0.000053
785 0.000055
786 0.000058
787 0.000059
788 0.000059
789 0.000063
790 0.000068
791 0.000072
792 0.000080
793 0.000088
794 0.000096
795 0.000104
796 0.000113
797 0.000124
798 0.000134
799 0.000143
800 0.000154
801 0.000160
802 0.000160
803 0.000165
804 0.000163
805 0.000158
806 0.000155
807 0.000155
808 0.000147
809 0.000139
