# i correlation
1 0.001388
2 0.001344
3 0.001309
4 0.001278
5 0.001249
6 0.001223
7 0.001200
8 0.001182
9 0.001169
10 0.001158
11 0.001142
12 0.001133
13 0.001125
14 0.001118
15 0.001110
16 0.001103
17 0.001093
18 0.001082
19 0.001072
20 0.001062
21 0.001048
22 0.001038
23 0.001030
24 0.001022
25 0.001017
26 0.001014
27 0.001008
28 0.001005
29 0.001005
30 0.001002
31 0.000998
32 0.000994
33 0.000987
34 0.000984
35 0.000976
36 0.000971
37 0.000968
38 0.000967
39 0.000964
40 0.000960
41 0.000956
42 0.000950
43 0.000942
44 0.000935
45 0.000933
46 0.000934
47 0.000931
48 0.000929
49 0.000930
50 0.000933
51 0.000936
52 0.000936
53 0.000933
54 0.000928
55 0.000926
56 0.000916
57 0.000910
58 0.000907
59 0.000906
60 0.000904
61 0.000897
62 0.000887
63 0.000875
64 0.000861
65 0.000855
66 0.000848
67 0.000842
68 0.000837
69 0.000834
70 0.000831
71 0.000835
72 0.000832
73 0.000827
74 0.000817
75 0.000805
76 0.000793
77 0.000790
78 0.000789
79 0.000784
80 0.000774
81 0.000766
82 0.000760
83 0.000755
84 0.000748
85 0.000740
86 0.000733
87 0.000728
88 0.000725
89 0.000720
90 0.000715
91 0.000711
92 0.000710
93 0.000709
94 0.000708
95 0.000706
96 0.000704
97 0.000701
98 0.000698
99 0.000693
100 0.000693
101 0.000690
102 0.000683
103 0.000680
104 0.000680
105 0.000678
106 0.000682
107 0.000691
108 0.000699
109 0.000705
110 0.000711
111 0.000716
112 0.000718
113 0.000719
114 0.000718
115 0.000717
116 0.000717
117 0.000715
118 0.000713
119 0.000711
120 0.000715
121 0.000713
122 0.000712
123 0.000714
124 0.000715
125 0.000715
126 0.000714
127 0.000711
128 0.000706
129 0.000703
130 0.000700
131 0.000697
132 0.000700
133 0.000700
134 0.000696
135 0.000688
136 0.000685
137 0.000680
138 0.000673
139 0.000669
140 0.000666
141 0.000661
142 0.000659
143 0.000653
144 0.000651
145 0.000650
146 0.000650
147 0.000646
148 0.000642
149 0.000642
150 0.000644
151 0.000643
152 0.000645
153 0.000644
154 0.000645
155 0.000647
156 0.000650
157 0.000649
158 0.000647
159 0.000647
160 0.000648
161 0.000645
162 0.000645
163 0.000642
164 0.000636
165 0.000635
166 0.000635
167 0.000634
168 0.000630
169 0.000627
170 0.000624
171 0.000623
172 0.000626
173 0.000625
174 0.000624
175 0.000624
176 0.000621
177 0.000621
178 0.000625
179 0.000623
180 0.000619
181 0.000618
182 0.000620
183 0.000621
184 0.000617
185 0.000612
186 0.000607
187 0.000603
188 0.000596
189 0.000592
190 0.000589
191 0.000589
192 0.000587
193 0.000585
194 0.000584
195 0.000581
196 0.000574
197 0.000567
198 0.000561
199 0.000557
200 0.000551
201 0.000546
202 0.000540
203 0.000536
204 0.000537
205 0.000534
206 0.000531
207 0.000528
208 0.000527
209 0.000529
210 0.000527
211 0.000528
212 0.000533
213 0.000533
214 0.000532
215 0.000534
216 0.000538
217 0.000542
218 0.000547
219 0.000550
220 0.000553
221 0.000553
222 0.000553
223 0.000553
224 0.000550
225 0.000544
226 0.000538
227 0.000533
228 0.000530
229 0.000527
230 0.000517
231 0.000514
232 0.000515
233 0.000515
234 0.000513
235 0.000510
236 0.000509
237 0.000505
238 0.000503
239 0.000498
240 0.000495
241 0.000493
242 0.000491
243 0.000493
244 0.000490
245 0.000490
246 0.000489
247 0.000484
248 0.000480
249 0.000479
250 0.000473
251 0.000469
252 0.000466
253 0.000464
254 0.000462
255 0.000458
256 0.000454
257 0.000452
258 0.000449
259 0.000444
260 0.000442
261 0.000445
262 0.000445
263 0.000446
264 0.000446
265 0.000449
266 0.000452
267 0.000454
268 0.000453
269 0.000451
270 0.000453
271 0.000457
272 0.000463
273 0.000465
274 0.000465
275 0.000467
276 0.000468
277 0.000467
278 0.000470
279 0.000470
280 0.000468
281 0.000464
282 0.000462
283 0.000464
284 0.000464
285 0.000463
286 0.000461
287 0.000461
288 0.000461
289 0.000463
290 0.000464
291 0.000463
292 0.000465
293 0.000463
294 0.000462
295 0.000460
296 0.000454
297 0.000446
298 0.000441
299 0.000437
300 0.000431
301 0.000424
302 0.000420
303 0.000414
304 0.000409
305 0.000405
306 0.000405
307 0.000405
308 0.000407
309 0.000408
310 0.000406
311 0.000408
312 0.000410
313 0.000407
314 0.000405
315 0.000401
316 0.000400
317 0.000397
318 0.000395
319 0.000392
320 0.000390
321 0.000382
322 0.000378
323 0.000375
324 0.000375
325 0.000373
326 0.000377
327 0.000378
328 0.000381
329 0.000385
330 0.000386
331 0.000390
332 0.000394
333 0.000399
334 0.000400
335 0.000401
336 0.000406
337 0.000405
338 0.000405
339 0.000406
340 0.000407
341 0.000408
342 0.000411
343 0.000416
344 0.000416
345 0.000420
346 0.000421
347 0.000421
348 0.000421
349 0.000430
350 0.000437
351 0.000440
352 0.000443
353 0.000442
354 0.000438
355 0.000434
356 0.000432
357 0.000425
358 0.000418
359 0.000414
360 0.000407
361 0.000405
362 0.000400
363 0.000397
364 0.000395
365 0.000394
366 0.000390
367 0.000387
368 0.000384
369 0.000383
370 0.000378
371 0.000372
372 0.000365
373 0.000359
374 0.000352
375 0.000347
376 0.000343
377 0.000341
378 0.000338
379 0.000337
380 0.000334
381 0.000333
382 0.000333
383 0.000329
384 0.000324
385 0.000322
386 0.000322
387 0.000320
388 0.000319
389 0.000320
390 0.000322
391 0.000328
392 0.000322
393 0.000321
394 0.000322
395 0.000326
396 0.000328
397 0.000329
398 0.000335
399 0.000340
400 0.000345
401 0.000347
402 0.000351
403 0.000355
404 0.000357
405 0.000359
406 0.000355
407 0.000356
408 0.000357
409 0.000360
410 0.000365
411 0.000368
412 0.000367
413 0.000362
414 0.000361
415 0.000358
416 0.000358
417 0.000355
418 0.000349
419 0.000346
420 0.000345
421 0.000343
422 0.000341
423 0.000342
424 0.000343
425 0.000340
426 0.000336
427 0.000338
428 0.000340
429 0.000341
430 0.000336
431 0.000328
432 0.000323
433 0.000314
434 0.000304
435 0.000294
436 0.000285
437 0.000281
438 0.000279
439 0.000278
440 0.000277
441 0.000280
442 0.000280
443 0.000279
444 0.000279
445 0.000284
446 0.000286
447 0.000282
448 0.000282
449 0.000285
450 0.000290
451 0.000290
452 0.000286
453 0.000282
454 0.000279
455 0.000274
456 0.000271
457 0.000269
458 0.000269
459 0.000269
460 0.000271
461 0.000270
462 0.000271
463 0.000270
464 0.000270
465 0.000271
466 0.000271
467 0.000272
468 0.000276
469 0.000279
470 0.000281
471 0.000279
472 0.000277
473 0.000274
474 0.000274
475 0.000277
476 0.000279
477 0.000280
478 0.000282
479 0.000285
480 0.000284
481 0.000281
482 0.000282
483 0.000285
484 0.000288
485 0.000288
486 0.000283
487 0.000277
488 0.000275
489 0.000277
490 0.000274
491 0.000270
492 0.000268
493 0.000267
494 0.000268
495 0.000269
496 0.000268
497 0.000268
498 0.000272
499 0.000275
500 0.000277
501 0.000279
502 0.000280
503 0.000281
504 0.000278
505 0.000276
506 0.000275
507 0.000272
508 0.000271
509 0.000270
510 0.000271
511 0.000274
512 0.000275
513 0.000273
514 0.000268
515 0.000264
516 0.000262
517 0.000258
518 0.000254
519 0.000248
520 0.000246
521 0.000246
522 0.000245
523 0.000248
524 0.000253
525 0.000254
526 0.000251
527 0.000251
528 0.000254
529 0.000255
530 0.000259
531 0.000263
532 0.000265
533 0.000263
534 0.000260
535 0.000260
536 0.000261
537 0.000262
538 0.000261
539 0.000258
540 0.000254
541 0.000250
542 0.000244
543 0.000240
544 0.000237
545 0.000238
546 0.000237
547 0.000237
548 0.000239
549 0.000237
550 0.000237
551 0.000237
552 0.000235
553 0.000234
554 0.000236
555 0.000239
556 0.000241
557 0.000242
558 0.000246
559 0.000246
560 0.000248
561 0.000252
562 0.000254
563 0.000255
564 0.000256
565 0.000259
566 0.000258
567 0.000255
568 0.000252
569 0.000249
570 0.000247
571 0.000247
572 0.000249
573 0.000251
574 0.000254
575 0.000255
576 0.000253
577 0.000253
578 0.000251
579 0.000249
580 0.000245
581 0.000243
582 0.000243
583 0.000244
584 0.000247
585 0.000250
586 0.000251
587 0.000250
588 0.000247
589 0.000246
590 0.000247
591 0.000246
592 0.000245
593 0.000241
594 0.000240
595 0.000238
596 0.000237
597 0.000235
598 0.000233
599 0.000230
600 0.000229
601 0.000227
602 0.000227
603 0.000228
604 0.000228
605 0.000228
606 0.000230
607 0.000231
608 0.000234
609 0.000237
610 0.000239
611 0.000238
612 0.000237
613 0.000235
614 0.000234
615 0.000233
616 0.000234
617 0.000232
618 0.000230
619 0.000227
620 0.000227
621 0.000224
622 0.000228
623 0.000231
624 0.000236
625 0.000243
626 0.000247
627 0.000249
628 0.000252
629 0.000252
630 0.000251
631 0.000251
632 0.000254
633 0.000251
634 0.000248
635 0.000246
636 0.000243
637 0.000240
638 0.000238
639 0.000236
640 0.000237
641 0.000235
642 0.000236
643 0.000234
644 0.000233
645 0.000234
646 0.000229
647 0.000223
648 0.000220
649 0.000214
650 0.000208
651 0.000202
652 0.000199
653 0.000196
654 0.000195
655 0.000197
656 0.000198
657 0.000199
658 0.000202
659 0.000202
660 0.000201
661 0.000201
662 0.000204
663 0.000207
664 0.000208
665 0.000210
666 0.000210
667 0.000212
668 0.000217
669 0.000221
670 0.000222
671 0.000222
672 0.000222
673 0.000220
674 0.000218
675 0.000218
676 0.000214
677 0.000212
678 0.000209
679 0.000203
680 0.000196
681 0.000193
682 0.000190
683 0.000188
684 0.000188
685 0.000189
686 0.000190
687 0.000191
688 0.000193
689 0.000193
690 0.000193
691 0.000193
692 0.000194
693 0.000197
694 0.000202
695 0.000206
696 0.000207
697 0.000211
698 0.000212
699 0.000214
700 0.000215
701 0.000215
702 0.000217
703 0.000220
704 0.000222
705 0.000223
706 0.000225
707 0.000227
708 0.000225
709 0.000222
710 0.000219
711 0.000214
712 0.000210
713 0.000208
714 0.000206
715 0.000204
716 0.000203
717 0.000208
718 0.000210
719 0.000210
720 0.000210
721 0.000211
722 0.000214
723 0.000215
724 0.000214
725 0.000213
726 0.000213
727 0.000211
728 0.000212
729 0.000213
730 0.000213
731 0.000214
732 0.000215
733 0.000214
734 0.000213
735 0.000212
736 0.000214
737 0.000214
738 0.000215
739 0.000212
740 0.000214
741 0.000214
742 0.000215
743 0.000217
744 0.000216
745 0.000216
746 0.000220
747 0.000225
748 0.000230
749 0.000236
750 0.000241
751 0.000244
752 0.000248
753 0.000247
754 0.000247
755 0.000245
756 0.000246
757 0.000245
758 0.000242
759 0.000241
760 0.000239
761 0.000234
762 0.000230
763 0.000226
764 0.000223
765 0.000221
766 0.000221
767 0.000220
768 0.000220
769 0.000221
770 0.000218
771 0.000212
772 0.000209
773 0.000204
774 0.000203
775 0.000200
776 0.000199
777 0.000199
778 0.000203
779 0.000207
780 0.000211
781 0.000215
782 0.000219
783 0.000220
784 0.000221
785 0.000221
786 0.000219
787 0.000216
788 0.000213
789 0.000209
790 0.000206
791 0.000203
792 0.000201
793 0.000198
794 0.000199
795 0.000199
796 0.000197
797 0.000195
798 0.000193
799 0.000190
800 0.000188
801 0.000188
802 0.000187
803 0.000185
804 0.000184
805 0.000182
806 0.000176
807 0.000172
808 0.000168
809 0.000166
