# i correlation
1 0.001515
2 0.001475
3 0.001446
4 0.001417
5 0.001395
6 0.001372
7 0.001349
8 0.001332
9 0.001318
10 0.001299
11 0.001288
12 0.001277
13 0.001263
14 0.001253
15 0.001241
16 0.001233
17 0.001227
18 0.001221
19 0.001216
20 0.001209
21 0.001203
22 0.001197
23 0.001190
24 0.001181
25 0.001173
26 0.001167
27 0.001161
28 0.001160
29 0.001158
30 0.001154
31 0.001150
32 0.001145
33 0.001140
34 0.001136
35 0.001136
36 0.001134
37 0.001131
38 0.001124
39 0.001114
40 0.001106
41 0.001092
42 0.001079
43 0.001072
44 0.001066
45 0.001063
46 0.001059
47 0.001053
48 0.001047
49 0.001040
50 0.001032
51 0.001023
52 0.001016
53 0.001007
54 0.001002
55 0.000992
56 0.000986
57 0.000981
58 0.000976
59 0.000970
60 0.000963
61 0.000954
62 0.000948
63 0.000942
64 0.000934
65 0.000933
66 0.000932
67 0.000928
68 0.000925
69 0.000918
70 0.000912
71 0.000908
72 0.000900
73 0.000897
74 0.000895
75 0.000894
76 0.000893
77 0.000895
78 0.000898
79 0.000901
80 0.000907
81 0.000910
82 0.000910
83 0.000911
84 0.000916
85 0.000919
86 0.000926
87 0.000931
88 0.000927
89 0.000927
90 0.000920
91 0.000916
92 0.000915
93 0.000908
94 0.000899
95 0.000889
96 0.000882
97 0.000874
98 0.000866
99 0.000859
100 0.000854
101 0.000854
102 0.000852
103 0.000848
104 0.000845
105 0.000843
106 0.000843
107 0.000847
108 0.000847
109 0.000845
110 0.000843
111 0.000841
112 0.000837
113 0.000833
114 0.000833
115 0.000836
116 0.000838
117 0.000841
118 0.000847
119 0.000849
120 0.000848
121 0.000849
122 0.000855
123 0.000861
124 0.000864
125 0.000859
126 0.000855
127 0.000852
128 0.000846
129 0.000839
130 0.000833
131 0.000831
132 0.000827
133 0.000822
134 0.000817
135 0.000812
136 0.000808
137 0.000803
138 0.000796
139 0.000789
140 0.000784
141 0.000777
142 0.000772
143 0.000769
144 0.000769
145 0.000772
146 0.000774
147 0.000774
148 0.000768
149 0.000759
150 0.000748
151 0.000742
152 0.000740
153 0.000737
154 0.000735
155 0.000736
156 0.000733
157 0.000731
158 0.000726
159 0.000721
160 0.000713
161 0.000706
162 0.000699
163 0.000695
164 0.000691
165 0.000685
166 0.000680
167 0.000680
168 0.000676
169 0.000674
170 0.000674
171 0.000668
172 0.000663
173 0.000659
174 0.000654
175 0.000650
176 0.000648
177 0.000644
178 0.000638
179 0.000636
180 0.000636
181 0.000635
182 0.000636
183 0.000634
184 0.000629
185 0.000620
186 0.000614
187 0.000601
188 0.000592
189 0.000588
190 0.000582
191 0.000579
192 0.000575
193 0.000570
194 0.000566
195 0.000561
196 0.000555
197 0.000550
198 0.000546
199 0.000545
200 0.000545
201 0.000548
202 0.000553
203 0.000556
204 0.000558
205 0.000559
206 0.000554
207 0.000550
208 0.000549
209 0.000546
210 0.000547
211 0.000545
212 0.000540
213 0.000539
214 0.000538
215 0.000537
216 0.000534
217 0.000530
218 0.000523
219 0.000517
220 0.000511
221 0.000505
222 0.000498
223 0.000494
224 0.000489
225 0.000485
226 0.000481
227 0.000480
228 0.000478
229 0.000477
230 0.000476
231 0.000475
232 0.000475
233 0.000477
234 0.000480
235 0.000479
236 0.000480
237 0.000481
238 0.000484
239 0.000489
240 0.000494
241 0.000500
242 0.000506
243 0.000505
244 0.000505
245 0.000507
246 0.000504
247 0.000506
248 0.000511
249 0.000512
250 0.000514
251 0.000514
252 0.000512
253 0.000512
254 0.000514
255 0.000511
256 0.000511
257 0.000510
258 0.000506
259 0.000511
260 0.000514
261 0.000515
262 0.000518
263 0.000519
264 0.000520
265 0.000517
266 0.000516
267 0.000514
268 0.000514
269 0.000513
270 0.000510
271 0.000507
272 0.000499
273 0.000494
274 0.000483
275 0.000478
276 0.000475
277 0.000471
278 0.000470
279 0.000467
280 0.000466
281 0.000470
282 0.000473
283 0.000474
284 0.000473
285 0.000474
286 0.000473
287 0.000475
288 0.000479
289 0.000482
290 0.000488
291 0.000492
292 0.000490
293 0.000489
294 0.000491
295 0.000486
296 0.000480
297 0.000480
298 0.000481
299 0.000484
300 0.000486
301 0.000484
302 0.000483
303 0.000480
304 0.000478
305 0.000472
306 0.000469
307 0.000466
308 0.000462
309 0.000454
310 0.000448
311 0.000443
312 0.000437
313 0.000430
314 0.000422
315 0.000419
316 0.000418
317 0.000414
318 0.000413
319 0.000412
320 0.000412
321 0.000415
322 0.000415
323 0.000414
324 0.000413
325 0.000412
326 0.000414
327 0.000417
328 0.000420
329 0.000424
330 0.000425
331 0.000426
332 0.000423
333 0.000419
334 0.000420
335 0.000422
336 0.000420
337 0.000418
338 0.000416
339 0.000418
340 0.000419
341 0.000419
342 0.000412
343 0.000407
344 0.000402
345 0.000395
346 0.000393
347 0.000389
348 0.000391
349 0.000391
350 0.000392
351 0.000391
352 0.000391
353 0.000390
354 0.000384
355 0.000380
356 0.000378
357 0.000378
358 0.000377
359 0.000376
360 0.000373
361 0.000369
362 0.000366
363 0.000365
364 0.000366
365 0.000367
366 0.000366
367 0.000369
368 0.000376
369 0.000381
370 0.000387
371 0.000394
372 0.000398
373 0.000400
374 0.000404
375 0.000406
376 0.000405
377 0.000404
378 0.000406
379 0.000405
380 0.000404
381 0.000405
382 0.000405
383 0.000405
384 0.000407
385 0.000410
386 0.000415
387 0.000419
388 0.000417
389 0.000416
390 0.000414
391 0.000412
392 0.000413
393 0.000413
394 0.000410
395 0.000409
396 0.000406
397 0.000405
398 0.000401
399 0.000394
400 0.000392
401 0.000388
402 0.000383
403 0.000379
404 0.000376
405 0.000375
406 0.000376
407 0.000379
408 0.000382
409 0.000386
410 0.000384
411 0.000381
412 0.000376
413 0.000371
414 0.000371
415 0.000368
416 0.000366
417 0.000366
418 0.000364
419 0.000360
420 0.000360
421 0.000359
422 0.000362
423 0.000364
424 0.000366
425 0.000370
426 0.000374
427 0.000375
428 0.000374
429 0.000369
430 0.000366
431 0.000360
432 0.000354
433 0.000349
434 0.000345
435 0.000341
436 0.000339
437 0.000335
438 0.000332
439 0.000332
440 0.000329
441 0.000321
442 0.000320
443 0.000319
444 0.000320
445 0.000323
446 0.000327
447 0.000330
448 0.000331
449 0.000332
450 0.000332
451 0.000333
452 0.000335
453 0.000334
454 0.000336
455 0.000342
456 0.000344
457 0.000348
458 0.000352
459 0.000350
460 0.000350
461 0.000351
462 0.000349
463 0.000347
464 0.000343
465 0.000341
466 0.000337
467 0.000333
468 0.000327
469 0.000322
470 0.000317
471 0.000314
472 0.000313
473 0.000308
474 0.000306
475 0.000303
476 0.000299
477 0.000292
478 0.000286
479 0.000280
480 0.000276
481 0.000275
482 0.000275
483 0.000274
484 0.000275
485 0.000274
486 0.000277
487 0.000279
488 0.000280
489 0.000281
490 0.000284
491 0.000285
492 0.000288
493 0.000295
494 0.000300
495 0.000304
496 0.000307
497 0.000307
498 0.000307
499 0.000304
500 0.000303
501 0.000303
502 0.000303
503 0.000300
504 0.000301
505 0.000303
506 0.000302
507 0.000302
508 0.000301
509 0.000302
510 0.000304
511 0.000308
512 0.000308
513 0.000310
514 0.000311
515 0.000315
516 0.000318
517 0.000322
518 0.000323
519 0.000319
520 0.000316
521 0.000314
522 0.000308
523 0.000302
524 0.000296
525 0.000291
526 0.000288
527 0.000286
528 0.000282
529 0.000280
530 0.000283
531 0.000286
532 0.000293
533 0.000298
534 0.000299
535 0.000303
536 0.000303
537 0.000300
538 0.000300
539 0.000299
540 0.000298
541 0.000303
542 0.000306
543 0.000307
544 0.000308
545 0.000308
546 0.000305
547 0.000302
548 0.000300
549 0.000301
550 0.000303
551 0.000302
552 0.000301
553 0.000300
554 0.000305
555 0.000306
556 0.000306
557 0.000300
558 0.000294
559 0.000286
560 0.000276
561 0.000270
562 0.000266
563 0.000262
564 0.000258
565 0.000251
566 0.000246
567 0.000240
568 0.000233
569 0.000224
570 0.000220
571 0.000218
572 0.000214
573 0.000215
574 0.000213
575 0.000213
576 0.000214
577 0.000213
578 0.000212
579 0.000212
580 0.000214
581 0.000213
582 0.000216
583 0.000217
584 0.000219
585 0.000220
586 0.000220
587 0.000221
588 0.000218
589 0.000218
590 0.000216
591 0.000219
592 0.000220
593 0.000221
594 0.000222
595 0.000220
596 0.000216
597 0.000212
598 0.000207
599 0.000201
600 0.000195
601 0.000191
602 0.000189
603 0.000190
604 0.000188
605 0.000182
606 0.000178
607 0.000173
608 0.000171
609 0.000171
610 0.000172
611 0.000171
612 0.000171
613 0.000168
614 0.000164
615 0.000160
616 0.000157
617 0.000154
618 0.000154
619 0.000155
620 0.000153
621 0.000150
622 0.000150
623 0.000150
624 0.000150
625 0.000150
626 0.000150
627 0.000150
628 0.000153
629 0.000156
630 0.000157
631 0.000157
632 0.000157
633 0.000156
634 0.000155
635 0.000154
636 0.000151
637 0.000152
638 0.000154
639 0.000156
640 0.000161
641 0.000170
642 0.000175
643 0.000180
644 0.000182
645 0.000182
646 0.000184
647 0.000182
648 0.000179
649 0.000177
650 0.000175
651 0.000173
652 0.000171
653 0.000168
654 0.000167
655 0.000166
656 0.000165
657 0.000165
658 0.000164
659 0.000162
660 0.000162
661 0.000158
662 0.000157
663 0.000159
664 0.000162
665 0.000166
666 0.000171
667 0.000171
668 0.000171
669 0.000172
670 0.000173
671 0.000174
672 0.000176
673 0.000180
674 0.000184
675 0.000188
676 0.000194
677 0.000198
678 0.000203
679 0.000204
680 0.000204
681 0.000204
682 0.000203
683 0.000201
684 0.000202
685 0.000201
686 0.000200
687 0.000200
688 0.000200
689 0.000201
690 0.000205
691 0.000207
692 0.000208
693 0.000208
694 0.000208
695 0.000209
696 0.000210
697 0.000210
698 0.000210
699 0.000213
700 0.000215
701 0.000214
702 0.000212
703 0.000213
704 0.000214
705 0.000213
706 0.000211
707 0.000209
708 0.000209
709 0.000209
710 0.000209
711 0.000211
712 0.000211
713 0.000212
714 0.000214
715 0.000215
716 0.000213
717 0.000212
718 0.000209
719 0.000208
720 0.000206
721 0.000207
722 0.000208
723 0.000207
724 0.000204
725 0.000203
726 0.000203
727 0.000202
728 0.000198
729 0.000195
730 0.000193
731 0.000192
732 0.000190
733 0.000186
734 0.000183
735 0.000181
736 0.000179
737 0.000175
738 0.000173
739 0.000167
740 0.000161
741 0.000155
742 0.000150
743 0.000145
744 0.000138
745 0.000132
746 0.000130
747 0.000128
748 0.000125
749 0.000123
750 0.000123
751 0.000121
752 0.000120
753 0.000118
754 0.000114
755 0.000115
756 0.000115
757 0.000116
758 0.000116
759 0.000117
760 0.000117
761 0.000117
762 0.000116
763 0.000113
764 0.000111
765 0.000112
766 0.000113
767 0.000111
768 0.000109
769 0.000106
770 0.000102
771 0.000100
772 0.000097
773 0.000096
774 0.000095
775 0.000094
776 0.000094
777 0.000096
778 0.000098
779 0.000099
780 0.000099
781 0.000099
782 0.000098
783 0.000099
784 0.000102
785 0.000102
786 0.000102
787 0.000101
788 0.000100
789 0.000098
790 0.000095
791 0.000093
792 0.000094
793 0.000093
794 0.000093
795 0.000095
796 0.000097
797 0.000100
798 0.000103
799 0.000106
800 0.000108
801 0.000111
802 0.000115
803 0.000119
804 0.000121
805 0.000124
806 0.000126
807 0.000126
808 0.000127
809 0.000126
