# i correlation
1 0.001771
2 0.001731
3 0.001695
4 0.001666
5 0.001641
6 0.001618
7 0.001597
8 0.001580
9 0.001565
10 0.001556
11 0.001548
12 0.001542
13 0.001535
14 0.001524
15 0.001512
16 0.001497
17 0.001486
18 0.001473
19 0.001460
20 0.001449
21 0.001433
22 0.001422
23 0.001410
24 0.001403
25 0.001395
26 0.001383
27 0.001371
28 0.001359
29 0.001350
30 0.001342
31 0.001335
32 0.001328
33 0.001324
34 0.001319
35 0.001310
36 0.001298
37 0.001293
38 0.001287
39 0.001285
40 0.001280
41 0.001277
42 0.001275
43 0.001267
44 0.001262
45 0.001258
46 0.001253
47 0.001246
48 0.001237
49 0.001228
50 0.001218
51 0.001207
52 0.001195
53 0.001188
54 0.001182
55 0.001173
56 0.001164
57 0.001162
58 0.001164
59 0.001165
60 0.001166
61 0.001163
62 0.001154
63 0.001143
64 0.001134
65 0.001127
66 0.001124
67 0.001123
68 0.001119
69 0.001115
70 0.001114
71 0.001114
72 0.001115
73 0.001113
74 0.001106
75 0.001100
76 0.001092
77 0.001085
78 0.001077
79 0.001078
80 0.001080
81 0.001082
82 0.001086
83 0.001088
84 0.001089
85 0.001092
86 0.001093
87 0.001093
88 0.001090
89 0.001083
90 0.001076
91 0.001072
92 0.001065
93 0.001057
94 0.001049
95 0.001044
96 0.001038
97 0.001030
98 0.001023
99 0.001018
100 0.001014
101 0.001007
102 0.001004
103 0.001002
104 0.001003
105 0.001003
106 0.001002
107 0.000995
108 0.000989
109 0.000982
110 0.000975
111 0.000966
112 0.000960
113 0.000953
114 0.000950
115 0.000945
116 0.000941
117 0.000934
118 0.000929
119 0.000926
120 0.000928
121 0.000932
122 0.000931
123 0.000932
124 0.000934
125 0.000940
126 0.000946
127 0.000951
128 0.000954
129 0.000959
130 0.000959
131 0.000955
132 0.000949
133 0.000946
134 0.000943
135 0.000939
136 0.000934
137 0.000931
138 0.000931
139 0.000933
140 0.000940
141 0.000944
142 0.000944
143 0.000946
144 0.000948
145 0.000952
146 0.000955
147 0.000952
148 0.000952
149 0.000954
150 0.000952
151 0.000951
152 0.000951
153 0.000953
154 0.000955
155 0.000953
156 0.000948
157 0.000941
158 0.000937
159 0.000939
160 0.000939
161 0.000937
162 0.000937
163 0.000938
164 0.000938
165 0.000938
166 0.000935
167 0.000930
168 0.000928
169 0.000923
170 0.000917
171 0.000912
172 0.000909
173 0.000909
174 0.000908
175 0.000908
176 0.000905
177 0.000901
178 0.000899
179 0.000895
180 0.000888
181 0.000876
182 0.000863
183 0.000850
184 0.000840
185 0.000831
186 0.000824
187 0.000822
188 0.000823
189 0.000819
190 0.000816
191 0.000815
192 0.000813
193 0.000813
194 0.000810
195 0.000813
196 0.000815
197 0.000815
198 0.000816
199 0.000819
200 0.000819
201 0.000818
202 0.000816
203 0.000815
204 0.000811
205 0.000806
206 0.000804
207 0.000802
208 0.000803
209 0.000808
210 0.000816
211 0.000821
212 0.000828
213 0.000833
214 0.000836
215 0.000836
216 0.000833
217 0.000827
218 0.000821
219 0.000813
220 0.000810
221 0.000806
222 0.000799
223 0.000792
224 0.000783
225 0.000776
226 0.000771
227 0.000767
228 0.000760
229 0.000756
230 0.000753
231 0.000752
232 0.000755
233 0.000760
234 0.000762
235 0.000764
236 0.000760
237 0.000756
238 0.000755
239 0.000753
240 0.000751
241 0.000751
242 0.000748
243 0.000745
244 0.000744
245 0.000746
246 0.000746
247 0.000745
248 0.000747
249 0.000751
250 0.000756
251 0.000758
252 0.000756
253 0.000754
254 0.000751
255 0.000747
256 0.000743
257 0.000742
258 0.000740
259 0.000740
260 0.000739
261 0.000735
262 0.000727
263 0.000720
264 0.000712
265 0.000707
266 0.000701
267 0.000694
268 0.000689
269 0.000686
270 0.000686
271 0.000684
272 0.000680
273 0.000675
274 0.000672
275 0.000673
276 0.000668
277 0.000662
278 0.000652
279 0.000649
280 0.000647
281 0.000644
282 0.000642
283 0.000639
284 0.000638
285 0.000634
286 0.000628
287 0.000622
288 0.000618
289 0.000612
290 0.000610
291 0.000607
292 0.000612
293 0.000618
294 0.000625
295 0.000631
296 0.000632
297 0.000633
298 0.000631
299 0.000632
300 0.000631
301 0.000633
302 0.000634
303 0.000633
304 0.000630
305 0.000629
306 0.000630
307 0.000631
308 0.000637
309 0.000642
310 0.000641
311 0.000636
312 0.000633
313 0.000627
314 0.000622
315 0.000615
316 0.000609
317 0.000605
318 0.000603
319 0.000604
320 0.000605
321 0.000605
322 0.000605
323 0.000602
324 0.000600
325 0.000598
326 0.000594
327 0.000589
328 0.000583
329 0.000578
330 0.000572
331 0.000563
332 0.000556
333 0.000550
334 0.000544
335 0.000536
336 0.000529
337 0.000527
338 0.000531
339 0.000534
340 0.000537
341 0.000542
342 0.000550
343 0.000557
344 0.000561
345 0.000561
346 0.000559
347 0.000558
348 0.000557
349 0.000553
350 0.000546
351 0.000540
352 0.000536
353 0.000534
354 0.000533
355 0.000535
356 0.000536
357 0.000534
358 0.000528
359 0.000525
360 0.000522
361 0.000520
362 0.000518
363 0.000518
364 0.000516
365 0.000515
366 0.000513
367 0.000510
368 0.000509
369 0.000506
370 0.000500
371 0.000496
372 0.000492
373 0.000488
374 0.000487
375 0.000490
376 0.000492
377 0.000494
378 0.000492
379 0.000496
380 0.000495
381 0.000494
382 0.000491
383 0.000490
384 0.000489
385 0.000486
386 0.000482
387 0.000481
388 0.000480
389 0.000482
390 0.000484
391 0.000487
392 0.000491
393 0.000490
394 0.000492
395 0.000490
396 0.000489
397 0.000484
398 0.000482
399 0.000479
400 0.000477
401 0.000474
402 0.000471
403 0.000466
404 0.000465
405 0.000464
406 0.000463
407 0.000461
408 0.000464
409 0.000468
410 0.000467
411 0.000466
412 0.000465
413 0.000465
414 0.000466
415 0.000464
416 0.000459
417 0.000453
418 0.000448
419 0.000441
420 0.000435
421 0.000430
422 0.000427
423 0.000427
424 0.000427
425 0.000429
426 0.000430
427 0.000427
428 0.000428
429 0.000429
430 0.000431
431 0.000430
432 0.000424
433 0.000421
434 0.000420
435 0.000418
436 0.000416
437 0.000415
438 0.000416
439 0.000415
440 0.000409
441 0.000405
442 0.000400
443 0.000398
444 0.000394
445 0.000395
446 0.000395
447 0.000400
448 0.000403
449 0.000403
450 0.000404
451 0.000403
452 0.000401
453 0.000401
454 0.000403
455 0.000403
456 0.000400
457 0.000394
458 0.000389
459 0.000388
460 0.000388
461 0.000387
462 0.000387
463 0.000383
464 0.000379
465 0.000378
466 0.000374
467 0.000375
468 0.000377
469 0.000379
470 0.000382
471 0.000385
472 0.000391
473 0.000397
474 0.000399
475 0.000398
476 0.000395
477 0.000389
478 0.000385
479 0.000382
480 0.000379
481 0.000376
482 0.000370
483 0.000367
484 0.000367
485 0.000368
486 0.000366
487 0.000363
488 0.000360
489 0.000362
490 0.000362
491 0.000359
492 0.000355
493 0.000349
494 0.000343
495 0.000337
496 0.000335
497 0.000334
498 0.000331
499 0.000327
500 0.000325
501 0.000322
502 0.000323
503 0.000322
504 0.000321
505 0.000321
506 0.000318
507 0.000319
508 0.000320
509 0.000322
510 0.000321
511 0.000316
512 0.000312
513 0.000309
514 0.000308
515 0.000310
516 0.000308
517 0.000311
518 0.000312
519 0.000315
520 0.000320
521 0.000323
522 0.000327
523 0.000328
524 0.000323
525 0.000320
526 0.000313
527 0.000305
528 0.000298
529 0.000294
530 0.000290
531 0.000288
532 0.000288
533 0.000288
534 0.000288
535 0.000288
536 0.000283
537 0.000278
538 0.000272
539 0.000265
540 0.000260
541 0.000256
542 0.000252
543 0.000248
544 0.000245
545 0.000244
546 0.000240
547 0.000236
548 0.000231
549 0.000227
550 0.000224
551 0.000224
552 0.000227
553 0.000229
554 0.000233
555 0.000237
556 0.000239
557 0.000243
558 0.000245
559 0.000250
560 0.000254
561 0.000256
562 0.000257
563 0.000260
564 0.000262
565 0.000264
566 0.000263
567 0.000261
568 0.000258
569 0.000256
570 0.000251
571 0.000247
572 0.000243
573 0.000237
574 0.000233
575 0.000231
576 0.000230
577 0.000232
578 0.000235
579 0.000239
580 0.000242
581 0.000239
582 0.000239
583 0.000238
584 0.000236
585 0.000233
586 0.000228
587 0.000224
588 0.000220
589 0.000220
590 0.000221
591 0.000222
592 0.000222
593 0.000222
594 0.000224
595 0.000224
596 0.000224
597 0.000222
598 0.000219
599 0.000219
600 0.000220
601 0.000219
602 0.000220
603 0.000219
604 0.000223
605 0.000229
606 0.000233
607 0.000236
608 0.000238
609 0.000239
610 0.000240
611 0.000239
612 0.000237
613 0.000235
614 0.000232
615 0.000227
616 0.000223
617 0.000220
618 0.000218
619 0.000217
620 0.000215
621 0.000215
622 0.000215
623 0.000216
624 0.000216
625 0.000218
626 0.000218
627 0.000217
628 0.000214
629 0.000212
630 0.000209
631 0.000203
632 0.000195
633 0.000189
634 0.000182
635 0.000177
636 0.000175
637 0.000173
638 0.000172
639 0.000170
640 0.000169
641 0.000166
642 0.000161
643 0.000159
644 0.000157
645 0.000155
646 0.000152
647 0.000150
648 0.000151
649 0.000153
650 0.000159
651 0.000163
652 0.000166
653 0.000169
654 0.000169
655 0.000169
656 0.000167
657 0.000165
658 0.000162
659 0.000160
660 0.000158
661 0.000156
662 0.000153
663 0.000155
664 0.000157
665 0.000160
666 0.000161
667 0.000162
668 0.000164
669 0.000165
670 0.000166
671 0.000170
672 0.000170
673 0.000169
674 0.000167
675 0.000164
676 0.000161
677 0.000160
678 0.000160
679 0.000157
680 0.000156
681 0.000154
682 0.000155
683 0.000155
684 0.000156
685 0.000158
686 0.000157
687 0.000160
688 0.000164
689 0.000167
690 0.000169
691 0.000171
692 0.000170
693 0.000167
694 0.000165
695 0.000165
696 0.000165
697 0.000163
698 0.000162
699 0.000159
700 0.000159
701 0.000156
702 0.000155
703 0.000154
704 0.000153
705 0.000153
706 0.000153
707 0.000151
708 0.000149
709 0.000147
710 0.000147
711 0.000146
712 0.000144
713 0.000145
714 0.000142
715 0.000137
716 0.000131
717 0.000127
718 0.000124
719 0.000121
720 0.000119
721 0.000118
722 0.000118
723 0.000119
724 0.000120
725 0.000120
726 0.000121
727 0.000119
728 0.000116
729 0.000112
730 0.000109
731 0.000109
732 0.000109
733 0.000108
734 0.000108
735 0.000110
736 0.000109
737 0.000109
738 0.000110
739 0.000110
740 0.000110
741 0.000108
742 0.000106
743 0.000103
744 0.000103
745 0.000103
746 0.000101
747 0.000099
748 0.000097
749 0.000094
750 0.000094
751 0.000093
752 0.000094
753 0.000096
754 0.000095
755 0.000099
756 0.000102
757 0.000103
758 0.000104
759 0.000105
760 0.000106
761 0.000107
762 0.000109
763 0.000112
764 0.000117
765 0.000119
766 0.000122
767 0.000125
768 0.000128
769 0.000131
770 0.000135
771 0.000139
772 0.000142
773 0.000146
774 0.000150
775 0.000153
776 0.000154
777 0.000157
778 0.000157
779 0.000158
780 0.000158
781 0.000158
782 0.000158
783 0.000159
784 0.000160
785 0.000162
786 0.000165
787 0.000166
788 0.000165
789 0.000162
790 0.000160
791 0.000157
792 0.000157
793 0.000156
794 0.000156
795 0.000157
796 0.000156
797 0.000157
798 0.000159
799 0.000161
800 0.000163
801 0.000163
802 0.000164
803 0.000163
804 0.000162
805 0.000162
806 0.000161
807 0.000159
808 0.000155
809 0.000153
