# i correlation
1 0.001434
2 0.001391
3 0.001357
4 0.001322
5 0.001297
6 0.001278
7 0.001261
8 0.001253
9 0.001242
10 0.001230
11 0.001218
12 0.001205
13 0.001188
14 0.001176
15 0.001167
16 0.001157
17 0.001151
18 0.001143
19 0.001138
20 0.001138
21 0.001136
22 0.001132
23 0.001126
24 0.001113
25 0.001102
26 0.001093
27 0.001086
28 0.001081
29 0.001078
30 0.001077
31 0.001077
32 0.001078
33 0.001077
34 0.001072
35 0.001065
36 0.001061
37 0.001064
38 0.001066
39 0.001066
40 0.001064
41 0.001063
42 0.001062
43 0.001057
44 0.001049
45 0.001043
46 0.001037
47 0.001031
48 0.001021
49 0.001011
50 0.001003
51 0.000999
52 0.000989
53 0.000988
54 0.000989
55 0.000988
56 0.000982
57 0.000978
58 0.000974
59 0.000968
60 0.000964
61 0.000961
62 0.000964
63 0.000967
64 0.000967
65 0.000967
66 0.000964
67 0.000961
68 0.000957
69 0.000948
70 0.000942
71 0.000934
72 0.000927
73 0.000920
74 0.000917
75 0.000913
76 0.000910
77 0.000907
78 0.000899
79 0.000890
80 0.000883
81 0.000873
82 0.000861
83 0.000851
84 0.000839
85 0.000830
86 0.000823
87 0.000813
88 0.000808
89 0.000802
90 0.000796
91 0.000794
92 0.000791
93 0.000789
94 0.000783
95 0.000780
96 0.000780
97 0.000777
98 0.000773
99 0.000772
100 0.000774
101 0.000778
102 0.000782
103 0.000788
104 0.000791
105 0.000789
106 0.000788
107 0.000788
108 0.000785
109 0.000785
110 0.000780
111 0.000773
112 0.000770
113 0.000768
114 0.000763
115 0.000756
116 0.000751
117 0.000745
118 0.000745
119 0.000744
120 0.000738
121 0.000731
122 0.000722
123 0.000716
124 0.000713
125 0.000708
126 0.000706
127 0.000698
128 0.000696
129 0.000694
130 0.000694
131 0.000692
132 0.000690
133 0.000692
134 0.000689
135 0.000689
136 0.000688
137 0.000681
138 0.000674
139 0.000673
140 0.000673
141 0.000673
142 0.000673
143 0.000669
144 0.000663
145 0.000659
146 0.000658
147 0.000654
148 0.000654
149 0.000652
150 0.000648
151 0.000649
152 0.000648
153 0.000644
154 0.000638
155 0.000633
156 0.000631
157 0.000631
158 0.000631
159 0.000633
160 0.000632
161 0.000630
162 0.000626
163 0.000625
164 0.000625
165 0.000623
166 0.000621
167 0.000621
168 0.000621
169 0.000622
170 0.000620
171 0.000620
172 0.000621
173 0.000626
174 0.000631
175 0.000634
176 0.000641
177 0.000647
178 0.000647
179 0.000646
180 0.000643
181 0.000638
182 0.000632
183 0.000627
184 0.000626
185 0.000624
186 0.000622
187 0.000620
188 0.000616
189 0.000613
190 0.000610
191 0.000606
192 0.000604
193 0.000599
194 0.000598
195 0.000598
196 0.000598
197 0.000598
198 0.000599
199 0.000602
200 0.000605
201 0.000601
202 0.000597
203 0.000594
204 0.000591
205 0.000591
206 0.000591
207 0.000594
208 0.000592
209 0.000592
210 0.000592
211 0.000592
212 0.000594
213 0.000595
214 0.000597
215 0.000601
216 0.000600
217 0.000601
218 0.000602
219 0.000600
220 0.000593
221 0.000588
222 0.000585
223 0.000583
224 0.000581
225 0.000577
226 0.000572
227 0.000568
228 0.000565
229 0.000560
230 0.000552
231 0.000550
232 0.000552
233 0.000554
234 0.000559
235 0.000562
236 0.000565
237 0.000568
238 0.000569
239 0.000565
240 0.000561
241 0.000558
242 0.000560
243 0.000561
244 0.000565
245 0.000567
246 0.000567
247 0.000565
248 0.000560
249 0.000559
250 0.000555
251 0.000550
252 0.000552
253 0.000555
254 0.000558
255 0.000561
256 0.000561
257 0.000561
258 0.000560
259 0.000554
260 0.000547
261 0.000545
262 0.000541
263 0.000533
264 0.000527
265 0.000525
266 0.000525
267 0.000527
268 0.000524
269 0.000524
270 0.000520
271 0.000516
272 0.000512
273 0.000505
274 0.000499
275 0.000497
276 0.000495
277 0.000494
278 0.000493
279 0.000490
280 0.000488
281 0.000490
282 0.000492
283 0.000491
284 0.000485
285 0.000478
286 0.000471
287 0.000465
288 0.000456
289 0.000449
290 0.000442
291 0.000436
292 0.000433
293 0.000429
294 0.000425
295 0.000423
296 0.000420
297 0.000416
298 0.000415
299 0.000415
300 0.000414
301 0.000416
302 0.000413
303 0.000411
304 0.000416
305 0.000412
306 0.000412
307 0.000411
308 0.000407
309 0.000408
310 0.000408
311 0.000405
312 0.000408
313 0.000409
314 0.000410
315 0.000415
316 0.000420
317 0.000425
318 0.000433
319 0.000437
320 0.000439
321 0.000438
322 0.000437
323 0.000437
324 0.000440
325 0.000443
326 0.000443
327 0.000443
328 0.000444
329 0.000443
330 0.000440
331 0.000433
332 0.000426
333 0.000424
334 0.000420
335 0.000418
336 0.000418
337 0.000419
338 0.000422
339 0.000421
340 0.000418
341 0.000417
342 0.000413
343 0.000406
344 0.000397
345 0.000394
346 0.000394
347 0.000394
348 0.000396
349 0.000396
350 0.000396
351 0.000397
352 0.000392
353 0.000384
354 0.000376
355 0.000369
356 0.000364
357 0.000364
358 0.000368
359 0.000372
360 0.000375
361 0.000378
362 0.000380
363 0.000382
364 0.000384
365 0.000384
366 0.000384
367 0.000383
368 0.000384
369 0.000382
370 0.000382
371 0.000382
372 0.000382
373 0.000380
374 0.000377
375 0.000374
376 0.000371
377 0.000369
378 0.000370
379 0.000370
380 0.000372
381 0.000373
382 0.000372
383 0.000375
384 0.000379
385 0.000382
386 0.000385
387 0.000391
388 0.000396
389 0.000397
390 0.000399
391 0.000402
392 0.000404
393 0.000407
394 0.000409
395 0.000416
396 0.000418
397 0.000419
398 0.000419
399 0.000419
400 0.000417
401 0.000422
402 0.000428
403 0.000431
404 0.000429
405 0.000430
406 0.000428
407 0.000426
408 0.000422
409 0.000420
410 0.000416
411 0.000412
412 0.000408
413 0.000407
414 0.000409
415 0.000409
416 0.000408
417 0.000406
418 0.000403
419 0.000401
420 0.000399
421 0.000399
422 0.000400
423 0.000395
424 0.000389
425 0.000388
426 0.000384
427 0.000378
428 0.000372
429 0.000366
430 0.000366
431 0.000366
432 0.000368
433 0.000370
434 0.000375
435 0.000376
436 0.000377
437 0.000375
438 0.000375
439 0.000376
440 0.000380
441 0.000386
442 0.000396
443 0.000400
444 0.000403
445 0.000402
446 0.000398
447 0.000393
448 0.000394
449 0.000393
450 0.000392
451 0.000389
452 0.000386
453 0.000385
454 0.000382
455 0.000377
456 0.000375
457 0.000374
458 0.000372
459 0.000372
460 0.000373
461 0.000372
462 0.000371
463 0.000369
464 0.000367
465 0.000363
466 0.000358
467 0.000358
468 0.000357
469 0.000356
470 0.000354
471 0.000355
472 0.000356
473 0.000355
474 0.000352
475 0.000348
476 0.000347
477 0.000347
478 0.000345
479 0.000344
480 0.000347
481 0.000352
482 0.000355
483 0.000360
484 0.000363
485 0.000361
486 0.000356
487 0.000354
488 0.000350
489 0.000347
490 0.000346
491 0.000346
492 0.000343
493 0.000338
494 0.000337
495 0.000335
496 0.000330
497 0.000327
498 0.000325
499 0.000326
500 0.000329
501 0.000328
502 0.000326
503 0.000325
504 0.000324
505 0.000323
506 0.000323
507 0.000322
508 0.000319
509 0.000317
510 0.000315
511 0.000315
512 0.000315
513 0.000317
514 0.000321
515 0.000322
516 0.000326
517 0.000328
518 0.000329
519 0.000331
520 0.000330
521 0.000332
522 0.000333
523 0.000335
524 0.000337
525 0.000338
526 0.000337
527 0.000337
528 0.000334
529 0.000328
530 0.000319
531 0.000309
532 0.000302
533 0.000294
534 0.000288
535 0.000286
536 0.000283
537 0.000282
538 0.000282
539 0.000282
540 0.000278
541 0.000274
542 0.000269
543 0.000264
544 0.000262
545 0.000261
546 0.000262
547 0.000262
548 0.000262
549 0.000262
550 0.000261
551 0.000261
552 0.000260
553 0.000257
554 0.000256
555 0.000252
556 0.000250
557 0.000249
558 0.000251
559 0.000255
560 0.000259
561 0.000264
562 0.000269
563 0.000269
564 0.000267
565 0.000267
566 0.000266
567 0.000264
568 0.000263
569 0.000260
570 0.000258
571 0.000254
572 0.000250
573 0.000249
574 0.000247
575 0.000244
576 0.000242
577 0.000240
578 0.000239
579 0.000239
580 0.000240
581 0.000243
582 0.000244
583 0.000248
584 0.000249
585 0.000248
586 0.000247
587 0.000245
588 0.000239
589 0.000232
590 0.000231
591 0.000233
592 0.000230
593 0.000230
594 0.000230
595 0.000232
596 0.000232
597 0.000227
598 0.000223
599 0.000224
600 0.000222
601 0.000224
602 0.000227
603 0.000229
604 0.000230
605 0.000230
606 0.000228
607 0.000228
608 0.000225
609 0.000221
610 0.000220
611 0.000218
612 0.000217
613 0.000216
614 0.000215
615 0.000211
616 0.000211
617 0.000210
618 0.000210
619 0.000209
620 0.000211
621 0.000212
622 0.000211
623 0.000209
624 0.000210
625 0.000209
626 0.000210
627 0.000210
628 0.000208
629 0.000207
630 0.000204
631 0.000200
632 0.000197
633 0.000196
634 0.000193
635 0.000190
636 0.000186
637 0.000184
638 0.000179
639 0.000176
640 0.000177
641 0.000177
642 0.000175
643 0.000172
644 0.000168
645 0.000166
646 0.000164
647 0.000161
648 0.000161
649 0.000164
650 0.000167
651 0.000167
652 0.000168
653 0.000168
654 0.000171
655 0.000172
656 0.000171
657 0.000171
658 0.000173
659 0.000170
660 0.000170
661 0.000170
662 0.000168
663 0.000172
664 0.000174
665 0.000174
666 0.000175
667 0.000180
668 0.000182
669 0.000186
670 0.000187
671 0.000187
672 0.000187
673 0.000185
674 0.000183
675 0.000179
676 0.000176
677 0.000174
678 0.000174
679 0.000172
680 0.000172
681 0.000170
682 0.000167
683 0.000161
684 0.000158
685 0.000154
686 0.000151
687 0.000151
688 0.000153
689 0.000153
690 0.000153
691 0.000152
692 0.000148
693 0.000143
694 0.000140
695 0.000138
696 0.000136
697 0.000135
698 0.000132
699 0.000132
700 0.000130
701 0.000131
702 0.000133
703 0.000137
704 0.000138
705 0.000138
706 0.000137
707 0.000134
708 0.000132
709 0.000133
710 0.000130
711 0.000130
712 0.000130
713 0.000128
714 0.000128
715 0.000126
716 0.000124
717 0.000125
718 0.000126
719 0.000128
720 0.000132
721 0.000134
722 0.000132
723 0.000130
724 0.000128
725 0.000128
726 0.000133
727 0.000137
728 0.000141
729 0.000145
730 0.000146
731 0.000149
732 0.000151
733 0.000150
734 0.000149
735 0.000151
736 0.000152
737 0.000154
738 0.000157
739 0.000157
740 0.000160
741 0.000161
742 0.000162
743 0.000161
744 0.000161
745 0.000155
746 0.000151
747 0.000144
748 0.000137
749 0.000130
750 0.000126
751 0.000123
752 0.000121
753 0.000118
754 0.000117
755 0.000116
756 0.000113
757 0.000111
758 0.000111
759 0.000113
760 0.000116
761 0.000118
762 0.000120
763 0.000119
764 0.000117
765 0.000114
766 0.000113
767 0.000114
768 0.000115
769 0.000116
770 0.000117
771 0.000118
772 0.000116
773 0.000115
774 0.000115
775 0.000115
776 0.000115
777 0.000116
778 0.000115
779 0.000115
780 0.000116
781 0.000119
782 0.000124
783 0.000128
784 0.000129
785 0.000130
786 0.000130
787 0.000130
788 0.000127
789 0.000123
790 0.000119
791 0.000116
792 0.000112
793 0.000111
794 0.000108
795 0.000106
796 0.000104
797 0.000103
798 0.000102
799 0.000101
800 0.000100
801 0.000098
802 0.000097
803 0.000095
804 0.000092
805 0.000091
806 0.000091
807 0.000090
808 0.000089
809 0.000091
