# i correlation
1 0.001752
2 0.001707
3 0.001668
4 0.001632
5 0.001601
6 0.001578
7 0.001557
8 0.001540
9 0.001525
10 0.001511
11 0.001500
12 0.001492
13 0.001487
14 0.001484
15 0.001483
16 0.001480
17 0.001479
18 0.001477
19 0.001468
20 0.001461
21 0.001453
22 0.001445
23 0.001436
24 0.001425
25 0.001410
26 0.001400
27 0.001392
28 0.001390
29 0.001389
30 0.001391
31 0.001393
32 0.001398
33 0.001401
34 0.001399
35 0.001399
36 0.001404
37 0.001404
38 0.001400
39 0.001392
40 0.001383
41 0.001373
42 0.001363
43 0.001353
44 0.001345
45 0.001340
46 0.001335
47 0.001328
48 0.001322
49 0.001319
50 0.001315
51 0.001313
52 0.001310
53 0.001308
54 0.001306
55 0.001308
56 0.001307
57 0.001304
58 0.001306
59 0.001306
60 0.001302
61 0.001296
62 0.001288
63 0.001277
64 0.001275
65 0.001273
66 0.001270
67 0.001272
68 0.001272
69 0.001271
70 0.001269
71 0.001262
72 0.001257
73 0.001253
74 0.001251
75 0.001248
76 0.001248
77 0.001246
78 0.001244
79 0.001246
80 0.001249
81 0.001251
82 0.001254
83 0.001257
84 0.001255
85 0.001250
86 0.001242
87 0.001235
88 0.001229
89 0.001221
90 0.001213
91 0.001209
92 0.001201
93 0.001194
94 0.001187
95 0.001184
96 0.001181
97 0.001178
98 0.001179
99 0.001177
100 0.001178
101 0.001181
102 0.001183
103 0.001182
104 0.001183
105 0.001182
106 0.001178
107 0.001170
108 0.001164
109 0.001159
110 0.001150
111 0.001139
112 0.001129
113 0.001125
114 0.001123
115 0.001122
116 0.001118
117 0.001115
118 0.001112
119 0.001115
120 0.001118
121 0.001116
122 0.001112
123 0.001110
124 0.001108
125 0.001108
126 0.001101
127 0.001094
128 0.001090
129 0.001089
130 0.001086
131 0.001083
132 0.001080
133 0.001076
134 0.001072
135 0.001070
136 0.001067
137 0.001065
138 0.001066
139 0.001067
140 0.001068
141 0.001075
142 0.001081
143 0.001083
144 0.001085
145 0.001084
146 0.001085
147 0.001083
148 0.001075
149 0.001071
150 0.001066
151 0.001063
152 0.001061
153 0.001063
154 0.001064
155 0.001066
156 0.001069
157 0.001071
158 0.001073
159 0.001077
160 0.001080
161 0.001080
162 0.001080
163 0.001080
164 0.001079
165 0.001078
166 0.001074
167 0.001069
168 0.001065
169 0.001063
170 0.001059
171 0.001056
172 0.001053
173 0.001049
174 0.001049
175 0.001052
176 0.001054
177 0.001056
178 0.001056
179 0.001055
180 0.001050
181 0.001047
182 0.001040
183 0.001039
184 0.001034
185 0.001022
186 0.001008
187 0.000997
188 0.000987
189 0.000985
190 0.000986
191 0.000989
192 0.000990
193 0.000992
194 0.000991
195 0.000990
196 0.000990
197 0.000986
198 0.000981
199 0.000979
200 0.000976
201 0.000976
202 0.000976
203 0.000972
204 0.000970
205 0.000964
206 0.000956
207 0.000946
208 0.000939
209 0.000935
210 0.000933
211 0.000935
212 0.000938
213 0.000944
214 0.000949
215 0.000952
216 0.000952
217 0.000945
218 0.000937
219 0.000931
220 0.000921
221 0.000916
222 0.000911
223 0.000906
224 0.000901
225 0.000898
226 0.000895
227 0.000891
228 0.000889
229 0.000890
230 0.000894
231 0.000894
232 0.000894
233 0.000898
234 0.000901
235 0.000900
236 0.000900
237 0.000897
238 0.000894
239 0.000896
240 0.000897
241 0.000896
242 0.000893
243 0.000890
244 0.000883
245 0.000880
246 0.000875
247 0.000872
248 0.000875
249 0.000875
250 0.000877
251 0.000878
252 0.000874
253 0.000867
254 0.000863
255 0.000861
256 0.000859
257 0.000855
258 0.000854
259 0.000855
260 0.000854
261 0.000851
262 0.000847
263 0.000846
264 0.000841
265 0.000834
266 0.000830
267 0.000827
268 0.000824
269 0.000825
270 0.000828
271 0.000832
272 0.000833
273 0.000833
274 0.000834
275 0.000835
276 0.000835
277 0.000834
278 0.000833
279 0.000831
280 0.000830
281 0.000830
282 0.000823
283 0.000818
284 0.000818
285 0.000815
286 0.000811
287 0.000807
288 0.000801
289 0.000794
290 0.000788
291 0.000784
292 0.000787
293 0.000788
294 0.000787
295 0.000788
296 0.000790
297 0.000791
298 0.000794
299 0.000797
300 0.000800
301 0.000799
302 0.000793
303 0.000788
304 0.000784
305 0.000778
306 0.000772
307 0.000767
308 0.000766
309 0.000763
310 0.000761
311 0.000756
312 0.000751
313 0.000745
314 0.000740
315 0.000739
316 0.000741
317 0.000744
318 0.000749
319 0.000751
320 0.000752
321 0.000751
322 0.000751
323 0.000752
324 0.000751
325 0.000748
326 0.000743
327 0.000738
328 0.000732
329 0.000729
330 0.000727
331 0.000726
332 0.000725
333 0.000725
334 0.000726
335 0.000729
336 0.000733
337 0.000735
338 0.000736
339 0.000740
340 0.000740
341 0.000737
342 0.000733
343 0.000728
344 0.000719
345 0.000715
346 0.000708
347 0.000701
348 0.000696
349 0.000693
350 0.000692
351 0.000690
352 0.000687
353 0.000684
354 0.000685
355 0.000686
356 0.000684
357 0.000684
358 0.000686
359 0.000691
360 0.000701
361 0.000707
362 0.000710
363 0.000712
364 0.000712
365 0.000713
366 0.000708
367 0.000702
368 0.000699
369 0.000697
370 0.000691
371 0.000684
372 0.000679
373 0.000676
374 0.000673
375 0.000674
376 0.000677
377 0.000679
378 0.000676
379 0.000675
380 0.000671
381 0.000670
382 0.000667
383 0.000663
384 0.000657
385 0.000651
386 0.000644
387 0.000640
388 0.000636
389 0.000630
390 0.000627
391 0.000626
392 0.000627
393 0.000630
394 0.000635
395 0.000638
396 0.000642
397 0.000644
398 0.000646
399 0.000649
400 0.000650
401 0.000651
402 0.000650
403 0.000648
404 0.000646
405 0.000646
406 0.000647
407 0.000648
408 0.000647
409 0.000648
410 0.000651
411 0.000649
412 0.000647
413 0.000643
414 0.000639
415 0.000635
416 0.000633
417 0.000633
418 0.000634
419 0.000632
420 0.000631
421 0.000625
422 0.000617
423 0.000610
424 0.000604
425 0.000602
426 0.000596
427 0.000592
428 0.000586
429 0.000581
430 0.000578
431 0.000579
432 0.000579
433 0.000580
434 0.000582
435 0.000580
436 0.000575
437 0.000572
438 0.000569
439 0.000569
440 0.000572
441 0.000577
442 0.000578
443 0.000578
444 0.000577
445 0.000572
446 0.000567
447 0.000564
448 0.000562
449 0.000562
450 0.000564
451 0.000565
452 0.000563
453 0.000563
454 0.000564
455 0.000565
456 0.000562
457 0.000559
458 0.000555
459 0.000550
460 0.000544
461 0.000538
462 0.000531
463 0.000526
464 0.000526
465 0.000527
466 0.000526
467 0.000524
468 0.000522
469 0.000520
470 0.000519
471 0.000521
472 0.000523
473 0.000528
474 0.000533
475 0.000534
476 0.000535
477 0.000538
478 0.000539
479 0.000542
480 0.000545
481 0.000544
482 0.000543
483 0.000538
484 0.000533
485 0.000528
486 0.000523
487 0.000517
488 0.000514
489 0.000514
490 0.000512
491 0.000513
492 0.000514
493 0.000517
494 0.000518
495 0.000519
496 0.000520
497 0.000522
498 0.000520
499 0.000518
500 0.000516
501 0.000515
502 0.000514
503 0.000510
504 0.000503
505 0.000497
506 0.000492
507 0.000487
508 0.000486
509 0.000484
510 0.000486
511 0.000489
512 0.000492
513 0.000493
514 0.000496
515 0.000498
516 0.000496
517 0.000493
518 0.000490
519 0.000489
520 0.000486
521 0.000482
522 0.000480
523 0.000481
524 0.000483
525 0.000483
526 0.000486
527 0.000483
528 0.000481
529 0.000481
530 0.000479
531 0.000474
532 0.000473
533 0.000474
534 0.000473
535 0.000473
536 0.000470
537 0.000467
538 0.000465
539 0.000462
540 0.000462
541 0.000464
542 0.000463
543 0.000458
544 0.000453
545 0.000445
546 0.000440
547 0.000434
548 0.000431
549 0.000428
550 0.000425
551 0.000421
552 0.000419
553 0.000415
554 0.000412
555 0.000411
556 0.000414
557 0.000415
558 0.000416
559 0.000421
560 0.000423
561 0.000427
562 0.000426
563 0.000424
564 0.000421
565 0.000419
566 0.000417
567 0.000414
568 0.000408
569 0.000403
570 0.000401
571 0.000397
572 0.000394
573 0.000396
574 0.000399
575 0.000401
576 0.000404
577 0.000409
578 0.000413
579 0.000420
580 0.000424
581 0.000427
582 0.000427
583 0.000424
584 0.000422
585 0.000420
586 0.000416
587 0.000409
588 0.000403
589 0.000396
590 0.000390
591 0.000386
592 0.000382
593 0.000383
594 0.000386
595 0.000389
596 0.000392
597 0.000394
598 0.000396
599 0.000399
600 0.000400
601 0.000400
602 0.000401
603 0.000403
604 0.000400
605 0.000398
606 0.000395
607 0.000393
608 0.000392
609 0.000394
610 0.000398
611 0.000399
612 0.000398
613 0.000396
614 0.000394
615 0.000391
616 0.000391
617 0.000393
618 0.000392
619 0.000390
620 0.000386
621 0.000385
622 0.000384
623 0.000385
624 0.000386
625 0.000386
626 0.000385
627 0.000382
628 0.000377
629 0.000372
630 0.000365
631 0.000363
632 0.000362
633 0.000360
634 0.000359
635 0.000362
636 0.000360
637 0.000357
638 0.000354
639 0.000355
640 0.000355
641 0.000353
642 0.000349
643 0.000348
644 0.000348
645 0.000345
646 0.000344
647 0.000343
648 0.000338
649 0.000334
650 0.000331
651 0.000328
652 0.000325
653 0.000323
654 0.000323
655 0.000325
656 0.000326
657 0.000330
658 0.000332
659 0.000331
660 0.000330
661 0.000333
662 0.000334
663 0.000337
664 0.000338
665 0.000339
666 0.000336
667 0.000332
668 0.000330
669 0.000329
670 0.000326
671 0.000323
672 0.000320
673 0.000317
674 0.000311
675 0.000309
676 0.000306
677 0.000304
678 0.000300
679 0.000299
680 0.000296
681 0.000297
682 0.000299
683 0.000302
684 0.000305
685 0.000305
686 0.000304
687 0.000303
688 0.000300
689 0.000299
690 0.000299
691 0.000301
692 0.000299
693 0.000300
694 0.000302
695 0.000304
696 0.000303
697 0.000302
698 0.000298
699 0.000295
700 0.000292
701 0.000291
702 0.000289
703 0.000287
704 0.000286
705 0.000286
706 0.000284
707 0.000281
708 0.000278
709 0.000273
710 0.000270
711 0.000265
712 0.000260
713 0.000256
714 0.000253
715 0.000251
716 0.000247
717 0.000243
718 0.000240
719 0.000237
720 0.000233
721 0.000228
722 0.000223
723 0.000221
724 0.000221
725 0.000223
726 0.000222
727 0.000224
728 0.000226
729 0.000226
730 0.000226
731 0.000225
732 0.000224
733 0.000222
734 0.000218
735 0.000215
736 0.000213
737 0.000213
738 0.000212
739 0.000209
740 0.000205
741 0.000204
742 0.000207
743 0.000210
744 0.000213
745 0.000217
746 0.000219
747 0.000220
748 0.000222
749 0.000223
750 0.000224
751 0.000225
752 0.000226
753 0.000228
754 0.000230
755 0.000230
756 0.000230
757 0.000230
758 0.000229
759 0.000230
760 0.000232
761 0.000234
762 0.000236
763 0.000237
764 0.000240
765 0.000243
766 0.000246
767 0.000247
768 0.000246
769 0.000245
770 0.000245
771 0.000245
772 0.000247
773 0.000248
774 0.000250
775 0.000253
776 0.000254
777 0.000254
778 0.000253
779 0.000249
780 0.000247
781 0.000245
782 0.000244
783 0.000241
784 0.000238
785 0.000235
786 0.000231
787 0.000228
788 0.000226
789 0.000223
790 0.000220
791 0.000215
792 0.000213
793 0.000211
794 0.000209
795 0.000205
796 0.000201
797 0.000196
798 0.000192
799 0.000190
800 0.000190
801 0.000190
802 0.000187
803 0.000186
804 0.000185
805 0.000183
806 0.000182
807 0.000182
808 0.000181
809 0.000180
