# i correlation
1 0.001787
2 0.001751
3 0.001722
4 0.001694
5 0.001668
6 0.001645
7 0.001623
8 0.001599
9 0.001576
10 0.001557
11 0.001539
12 0.001527
13 0.001520
14 0.001512
15 0.001507
16 0.001501
17 0.001495
18 0.001489
19 0.001482
20 0.001473
21 0.001466
22 0.001460
23 0.001454
24 0.001445
25 0.001434
26 0.001420
27 0.001401
28 0.001385
29 0.001370
30 0.001356
31 0.001348
32 0.001340
33 0.001328
34 0.001319
35 0.001309
36 0.001300
37 0.001296
38 0.001295
39 0.001297
40 0.001295
41 0.001291
42 0.001286
43 0.001278
44 0.001273
45 0.001268
46 0.001262
47 0.001259
48 0.001254
49 0.001250
50 0.001246
51 0.001240
52 0.001234
53 0.001231
54 0.001227
55 0.001224
56 0.001218
57 0.001211
58 0.001203
59 0.001196
60 0.001187
61 0.001179
62 0.001177
63 0.001175
64 0.001169
65 0.001163
66 0.001154
67 0.001143
68 0.001135
69 0.001127
70 0.001123
71 0.001120
72 0.001113
73 0.001108
74 0.001101
75 0.001093
76 0.001086
77 0.001080
78 0.001076
79 0.001069
80 0.001057
81 0.001048
82 0.001035
83 0.001025
84 0.001015
85 0.001012
86 0.001007
87 0.001005
88 0.001001
89 0.000995
90 0.000989
91 0.000983
92 0.000979
93 0.000979
94 0.000981
95 0.000979
96 0.000978
97 0.000979
98 0.000977
99 0.000974
100 0.000970
101 0.000965
102 0.000962
103 0.000957
104 0.000955
105 0.000951
106 0.000948
107 0.000940
108 0.000936
109 0.000938
110 0.000933
111 0.000933
112 0.000935
113 0.000933
114 0.000933
115 0.000936
116 0.000937
117 0.000937
118 0.000937
119 0.000941
120 0.000941
121 0.000940
122 0.000942
123 0.000939
124 0.000936
125 0.000935
126 0.000936
127 0.000934
128 0.000932
129 0.000930
130 0.000926
131 0.000921
132 0.000915
133 0.000913
134 0.000912
135 0.000906
136 0.000900
137 0.000898
138 0.000894
139 0.000889
140 0.000884
141 0.000880
142 0.000874
143 0.000871
144 0.000871
145 0.000869
146 0.000866
147 0.000867
148 0.000868
149 0.000868
150 0.000866
151 0.000865
152 0.000861
153 0.000857
154 0.000851
155 0.000846
156 0.000847
157 0.000845
158 0.000840
159 0.000838
160 0.000837
161 0.000834
162 0.000832
163 0.000830
164 0.000830
165 0.000836
166 0.000842
167 0.000847
168 0.000847
169 0.000847
170 0.000848
171 0.000850
172 0.000854
173 0.000860
174 0.000864
175 0.000868
176 0.000864
177 0.000857
178 0.000851
179 0.000846
180 0.000839
181 0.000832
182 0.000827
183 0.000821
184 0.000814
185 0.000809
186 0.000802
187 0.000799
188 0.000796
189 0.000796
190 0.000799
191 0.000802
192 0.000800
193 0.000800
194 0.000798
195 0.000793
196 0.000793
197 0.000796
198 0.000794
199 0.000791
200 0.000786
201 0.000782
202 0.000775
203 0.000768
204 0.000764
205 0.000754
206 0.000746
207 0.000742
208 0.000740
209 0.000737
210 0.000735
211 0.000735
212 0.000735
213 0.000736
214 0.000739
215 0.000741
216 0.000742
217 0.000740
218 0.000740
219 0.000739
220 0.000738
221 0.000739
222 0.000741
223 0.000743
224 0.000741
225 0.000736
226 0.000730
227 0.000724
228 0.000718
229 0.000713
230 0.000710
231 0.000708
232 0.000708
233 0.000708
234 0.000707
235 0.000707
236 0.000708
237 0.000712
238 0.000717
239 0.000722
240 0.000722
241 0.000722
242 0.000719
243 0.000718
244 0.000718
245 0.000717
246 0.000718
247 0.000716
248 0.000717
249 0.000717
250 0.000715
251 0.000710
252 0.000713
253 0.000722
254 0.000727
255 0.000735
256 0.000740
257 0.000741
258 0.000743
259 0.000749
260 0.000754
261 0.000759
262 0.000765
263 0.000768
264 0.000768
265 0.000769
266 0.000771
267 0.000772
268 0.000773
269 0.000773
270 0.000773
271 0.000774
272 0.000773
273 0.000770
274 0.000772
275 0.000772
276 0.000767
277 0.000763
278 0.000760
279 0.000758
280 0.000749
281 0.000740
282 0.000732
283 0.000723
284 0.000717
285 0.000713
286 0.000713
287 0.000715
288 0.000716
289 0.000718
290 0.000719
291 0.000719
292 0.000720
293 0.000720
294 0.000722
295 0.000725
296 0.000726
297 0.000728
298 0.000726
299 0.000725
300 0.000724
301 0.000723
302 0.000724
303 0.000721
304 0.000716
305 0.000711
306 0.000706
307 0.000702
308 0.000700
309 0.000698
310 0.000701
311 0.000697
312 0.000698
313 0.000700
314 0.000697
315 0.000692
316 0.000692
317 0.000692
318 0.000693
319 0.000693
320 0.000694
321 0.000693
322 0.000692
323 0.000690
324 0.000688
325 0.000683
326 0.000679
327 0.000675
328 0.000667
329 0.000659
330 0.000655
331 0.000653
332 0.000652
333 0.000653
334 0.000653
335 0.000650
336 0.000649
337 0.000645
338 0.000644
339 0.000641
340 0.000641
341 0.000642
342 0.000641
343 0.000636
344 0.000630
345 0.000627
346 0.000624
347 0.000622
348 0.000620
349 0.000620
350 0.000620
351 0.000618
352 0.000617
353 0.000617
354 0.000616
355 0.000613
356 0.000611
357 0.000610
358 0.000610
359 0.000610
360 0.000610
361 0.000605
362 0.000601
363 0.000597
364 0.000597
365 0.000596
366 0.000594
367 0.000590
368 0.000587
369 0.000582
370 0.000576
371 0.000571
372 0.000568
373 0.000564
374 0.000561
375 0.000559
376 0.000556
377 0.000551
378 0.000546
379 0.000542
380 0.000539
381 0.000538
382 0.000539
383 0.000542
384 0.000545
385 0.000545
386 0.000547
387 0.000549
388 0.000552
389 0.000558
390 0.000561
391 0.000564
392 0.000563
393 0.000561
394 0.000558
395 0.000556
396 0.000554
397 0.000552
398 0.000550
399 0.000547
400 0.000544
401 0.000540
402 0.000536
403 0.000531
404 0.000527
405 0.000524
406 0.000521
407 0.000518
408 0.000517
409 0.000517
410 0.000515
411 0.000515
412 0.000516
413 0.000517
414 0.000519
415 0.000521
416 0.000522
417 0.000517
418 0.000513
419 0.000511
420 0.000508
421 0.000508
422 0.000507
423 0.000505
424 0.000501
425 0.000495
426 0.000489
427 0.000487
428 0.000485
429 0.000483
430 0.000478
431 0.000478
432 0.000476
433 0.000473
434 0.000472
435 0.000474
436 0.000476
437 0.000476
438 0.000474
439 0.000473
440 0.000472
441 0.000471
442 0.000472
443 0.000469
444 0.000466
445 0.000466
446 0.000463
447 0.000464
448 0.000462
449 0.000459
450 0.000454
451 0.000447
452 0.000443
453 0.000440
454 0.000441
455 0.000439
456 0.000437
457 0.000435
458 0.000432
459 0.000428
460 0.000429
461 0.000429
462 0.000430
463 0.000432
464 0.000432
465 0.000431
466 0.000432
467 0.000433
468 0.000434
469 0.000435
470 0.000438
471 0.000439
472 0.000436
473 0.000434
474 0.000432
475 0.000430
476 0.000428
477 0.000426
478 0.000425
479 0.000425
480 0.000427
481 0.000429
482 0.000426
483 0.000426
484 0.000424
485 0.000422
486 0.000424
487 0.000425
488 0.000425
489 0.000423
490 0.000418
491 0.000410
492 0.000407
493 0.000405
494 0.000402
495 0.000397
496 0.000393
497 0.000394
498 0.000395
499 0.000394
500 0.000392
501 0.000394
502 0.000393
503 0.000389
504 0.000384
505 0.000378
506 0.000374
507 0.000370
508 0.000369
509 0.000368
510 0.000366
511 0.000362
512 0.000360
513 0.000358
514 0.000358
515 0.000359
516 0.000359
517 0.000361
518 0.000365
519 0.000364
520 0.000371
521 0.000377
522 0.000379
523 0.000382
524 0.000383
525 0.000386
526 0.000385
527 0.000382
528 0.000381
529 0.000375
530 0.000372
531 0.000368
532 0.000363
533 0.000362
534 0.000363
535 0.000364
536 0.000366
537 0.000366
538 0.000366
539 0.000368
540 0.000370
541 0.000372
542 0.000373
543 0.000375
544 0.000373
545 0.000370
546 0.000367
547 0.000366
548 0.000363
549 0.000363
550 0.000361
551 0.000360
552 0.000356
553 0.000351
554 0.000348
555 0.000343
556 0.000340
557 0.000339
558 0.000339
559 0.000338
560 0.000339
561 0.000340
562 0.000343
563 0.000346
564 0.000348
565 0.000351
566 0.000351
567 0.000347
568 0.000344
569 0.000340
570 0.000334
571 0.000331
572 0.000329
573 0.000327
574 0.000324
575 0.000325
576 0.000324
577 0.000323
578 0.000322
579 0.000323
580 0.000325
581 0.000326
582 0.000327
583 0.000327
584 0.000326
585 0.000324
586 0.000325
587 0.000326
588 0.000329
589 0.000332
590 0.000331
591 0.000329
592 0.000326
593 0.000323
594 0.000320
595 0.000317
596 0.000315
597 0.000313
598 0.000310
599 0.000309
600 0.000303
601 0.000300
602 0.000299
603 0.000295
604 0.000294
605 0.000294
606 0.000295
607 0.000298
608 0.000300
609 0.000302
610 0.000304
611 0.000304
612 0.000306
613 0.000310
614 0.000314
615 0.000318
616 0.000318
617 0.000315
618 0.000312
619 0.000312
620 0.000312
621 0.000311
622 0.000312
623 0.000310
624 0.000310
625 0.000306
626 0.000304
627 0.000303
628 0.000303
629 0.000304
630 0.000305
631 0.000305
632 0.000305
633 0.000304
634 0.000304
635 0.000303
636 0.000304
637 0.000307
638 0.000308
639 0.000310
640 0.000310
641 0.000305
642 0.000302
643 0.000296
644 0.000291
645 0.000287
646 0.000283
647 0.000280
648 0.000274
649 0.000270
650 0.000267
651 0.000266
652 0.000266
653 0.000267
654 0.000270
655 0.000273
656 0.000275
657 0.000277
658 0.000280
659 0.000285
660 0.000286
661 0.000288
662 0.000288
663 0.000289
664 0.000290
665 0.000291
666 0.000288
667 0.000285
668 0.000283
669 0.000280
670 0.000277
671 0.000275
672 0.000271
673 0.000268
674 0.000267
675 0.000264
676 0.000263
677 0.000264
678 0.000266
679 0.000267
680 0.000268
681 0.000270
682 0.000271
683 0.000273
684 0.000275
685 0.000276
686 0.000277
687 0.000278
688 0.000279
689 0.000277
690 0.000277
691 0.000278
692 0.000277
693 0.000275
694 0.000272
695 0.000271
696 0.000268
697 0.000265
698 0.000263
699 0.000260
700 0.000259
701 0.000257
702 0.000255
703 0.000254
704 0.000252
705 0.000251
706 0.000250
707 0.000247
708 0.000246
709 0.000244
710 0.000245
711 0.000244
712 0.000243
713 0.000243
714 0.000244
715 0.000243
716 0.000243
717 0.000241
718 0.000239
719 0.000237
720 0.000234
721 0.000232
722 0.000232
723 0.000233
724 0.000236
725 0.000238
726 0.000240
727 0.000242
728 0.000243
729 0.000245
730 0.000248
731 0.000251
732 0.000253
733 0.000257
734 0.000260
735 0.000262
736 0.000266
737 0.000271
738 0.000276
739 0.000279
740 0.000282
741 0.000284
742 0.000286
743 0.000286
744 0.000287
745 0.000288
746 0.000288
747 0.000288
748 0.000288
749 0.000285
750 0.000282
751 0.000279
752 0.000276
753 0.000274
754 0.000274
755 0.000275
756 0.000275
757 0.000274
758 0.000274
759 0.000275
760 0.000273
761 0.000272
762 0.000272
763 0.000272
764 0.000269
765 0.000264
766 0.000258
767 0.000251
768 0.000245
769 0.000238
770 0.000232
771 0.000225
772 0.000218
773 0.000213
774 0.000209
775 0.000203
776 0.000201
777 0.000198
778 0.000197
779 0.000195
780 0.000194
781 0.000194
782 0.000193
783 0.000191
784 0.000190
785 0.000188
786 0.000189
787 0.000190
788 0.000191
789 0.000192
790 0.000193
791 0.000192
792 0.000190
793 0.000190
794 0.000188
795 0.000187
796 0.000188
797 0.000185
798 0.000184
799 0.000182
800 0.000181
801 0.000182
802 0.000183
803 0.000184
804 0.000185
805 0.000185
806 0.000184
807 0.000183
808 0.000180
809 0.000178
