# i correlation
1 0.001714
2 0.001672
3 0.001635
4 0.001602
5 0.001583
6 0.001565
7 0.001546
8 0.001532
9 0.001514
10 0.001499
11 0.001484
12 0.001471
13 0.001459
14 0.001449
15 0.001434
16 0.001424
17 0.001418
18 0.001410
19 0.001400
20 0.001389
21 0.001378
22 0.001373
23 0.001370
24 0.001366
25 0.001360
26 0.001353
27 0.001346
28 0.001339
29 0.001329
30 0.001322
31 0.001319
32 0.001316
33 0.001313
34 0.001312
35 0.001311
36 0.001310
37 0.001305
38 0.001299
39 0.001291
40 0.001284
41 0.001278
42 0.001271
43 0.001265
44 0.001263
45 0.001259
46 0.001255
47 0.001251
48 0.001246
49 0.001244
50 0.001240
51 0.001232
52 0.001227
53 0.001223
54 0.001225
55 0.001225
56 0.001220
57 0.001217
58 0.001209
59 0.001200
60 0.001193
61 0.001182
62 0.001171
63 0.001163
64 0.001151
65 0.001138
66 0.001131
67 0.001121
68 0.001112
69 0.001100
70 0.001089
71 0.001082
72 0.001076
73 0.001072
74 0.001068
75 0.001064
76 0.001061
77 0.001055
78 0.001050
79 0.001046
80 0.001045
81 0.001043
82 0.001047
83 0.001049
84 0.001046
85 0.001037
86 0.001027
87 0.001022
88 0.001021
89 0.001019
90 0.001018
91 0.001017
92 0.001012
93 0.001007
94 0.001006
95 0.001008
96 0.001009
97 0.001010
98 0.001012
99 0.001013
100 0.001011
101 0.001011
102 0.001005
103 0.000999
104 0.000995
105 0.000993
106 0.000993
107 0.000994
108 0.000991
109 0.000989
110 0.000985
111 0.000979
112 0.000974
113 0.000968
114 0.000964
115 0.000964
116 0.000961
117 0.000961
118 0.000962
119 0.000963
120 0.000958
121 0.000954
122 0.000945
123 0.000937
124 0.000931
125 0.000922
126 0.000914
127 0.000910
128 0.000901
129 0.000900
130 0.000898
131 0.000894
132 0.000891
133 0.000884
134 0.000877
135 0.000876
136 0.000872
137 0.000869
138 0.000866
139 0.000861
140 0.000857
141 0.000854
142 0.000853
143 0.000857
144 0.000862
145 0.000869
146 0.000869
147 0.000868
148 0.000861
149 0.000855
150 0.000851
151 0.000847
152 0.000844
153 0.000837
154 0.000832
155 0.000829
156 0.000827
157 0.000824
158 0.000819
159 0.000813
160 0.000808
161 0.000803
162 0.000801
163 0.000803
164 0.000802
165 0.000801
166 0.000801
167 0.000797
168 0.000796
169 0.000795
170 0.000794
171 0.000796
172 0.000795
173 0.000795
174 0.000791
175 0.000786
176 0.000781
177 0.000776
178 0.000768
179 0.000764
180 0.000761
181 0.000758
182 0.000752
183 0.000745
184 0.000733
185 0.000721
186 0.000713
187 0.000707
188 0.000704
189 0.000701
190 0.000700
191 0.000697
192 0.000694
193 0.000691
194 0.000687
195 0.000685
196 0.000682
197 0.000680
198 0.000682
199 0.000681
200 0.000681
201 0.000682
202 0.000685
203 0.000688
204 0.000690
205 0.000692
206 0.000693
207 0.000692
208 0.000693
209 0.000688
210 0.000683
211 0.000679
212 0.000679
213 0.000676
214 0.000671
215 0.000664
216 0.000663
217 0.000664
218 0.000666
219 0.000665
220 0.000664
221 0.000661
222 0.000656
223 0.000652
224 0.000649
225 0.000649
226 0.000648
227 0.000647
228 0.000651
229 0.000654
230 0.000656
231 0.000654
232 0.000649
233 0.000643
234 0.000640
235 0.000641
236 0.000644
237 0.000643
238 0.000642
239 0.000640
240 0.000637
241 0.000633
242 0.000627
243 0.000621
244 0.000619
245 0.000617
246 0.000620
247 0.000622
248 0.000624
249 0.000626
250 0.000628
251 0.000629
252 0.000628
253 0.000624
254 0.000623
255 0.000621
256 0.000620
257 0.000619
258 0.000618
259 0.000614
260 0.000609
261 0.000601
262 0.000600
263 0.000599
264 0.000598
265 0.000598
266 0.000597
267 0.000593
268 0.000588
269 0.000583
270 0.000578
271 0.000578
272 0.000575
273 0.000576
274 0.000577
275 0.000572
276 0.000569
277 0.000566
278 0.000562
279 0.000564
280 0.000566
281 0.000567
282 0.000570
283 0.000569
284 0.000568
285 0.000568
286 0.000565
287 0.000568
288 0.000567
289 0.000566
290 0.000563
291 0.000560
292 0.000555
293 0.000553
294 0.000548
295 0.000545
296 0.000546
297 0.000542
298 0.000540
299 0.000537
300 0.000534
301 0.000530
302 0.000521
303 0.000515
304 0.000507
305 0.000501
306 0.000495
307 0.000492
308 0.000485
309 0.000479
310 0.000471
311 0.000466
312 0.000467
313 0.000468
314 0.000467
315 0.000465
316 0.000459
317 0.000457
318 0.000459
319 0.000459
320 0.000459
321 0.000454
322 0.000450
323 0.000448
324 0.000445
325 0.000444
326 0.000446
327 0.000444
328 0.000446
329 0.000449
330 0.000451
331 0.000452
332 0.000452
333 0.000447
334 0.000448
335 0.000447
336 0.000442
337 0.000441
338 0.000437
339 0.000435
340 0.000433
341 0.000431
342 0.000432
343 0.000433
344 0.000434
345 0.000433
346 0.000433
347 0.000434
348 0.000434
349 0.000433
350 0.000431
351 0.000426
352 0.000422
353 0.000421
354 0.000419
355 0.000417
356 0.000412
357 0.000409
358 0.000409
359 0.000404
360 0.000397
361 0.000390
362 0.000384
363 0.000380
364 0.000380
365 0.000380
366 0.000376
367 0.000376
368 0.000371
369 0.000367
370 0.000366
371 0.000366
372 0.000369
373 0.000371
374 0.000371
375 0.000373
376 0.000376
377 0.000379
378 0.000385
379 0.000389
380 0.000396
381 0.000405
382 0.000410
383 0.000415
384 0.000420
385 0.000420
386 0.000422
387 0.000420
388 0.000420
389 0.000422
390 0.000423
391 0.000423
392 0.000422
393 0.000417
394 0.000416
395 0.000417
396 0.000420
397 0.000421
398 0.000420
399 0.000418
400 0.000417
401 0.000421
402 0.000427
403 0.000433
404 0.000436
405 0.000433
406 0.000427
407 0.000422
408 0.000422
409 0.000421
410 0.000420
411 0.000419
412 0.000417
413 0.000414
414 0.000414
415 0.000411
416 0.000411
417 0.000410
418 0.000410
419 0.000412
420 0.000410
421 0.000409
422 0.000409
423 0.000405
424 0.000404
425 0.000400
426 0.000397
427 0.000399
428 0.000398
429 0.000398
430 0.000399
431 0.000397
432 0.000395
433 0.000395
434 0.000391
435 0.000387
436 0.000385
437 0.000383
438 0.000383
439 0.000383
440 0.000378
441 0.000375
442 0.000372
443 0.000367
444 0.000364
445 0.000361
446 0.000357
447 0.000355
448 0.000353
449 0.000351
450 0.000351
451 0.000346
452 0.000346
453 0.000345
454 0.000342
455 0.000341
456 0.000338
457 0.000337
458 0.000340
459 0.000344
460 0.000346
461 0.000348
462 0.000349
463 0.000348
464 0.000346
465 0.000342
466 0.000341
467 0.000340
468 0.000339
469 0.000340
470 0.000340
471 0.000339
472 0.000337
473 0.000330
474 0.000327
475 0.000324
476 0.000326
477 0.000328
478 0.000325
479 0.000325
480 0.000322
481 0.000316
482 0.000310
483 0.000306
484 0.000302
485 0.000301
486 0.000301
487 0.000299
488 0.000295
489 0.000290
490 0.000284
491 0.000280
492 0.000275
493 0.000274
494 0.000278
495 0.000282
496 0.000285
497 0.000286
498 0.000291
499 0.000297
500 0.000301
501 0.000303
502 0.000309
503 0.000316
504 0.000320
505 0.000325
506 0.000324
507 0.000323
508 0.000323
509 0.000325
510 0.000324
511 0.000322
512 0.000323
513 0.000323
514 0.000321
515 0.000320
516 0.000320
517 0.000322
518 0.000325
519 0.000327
520 0.000326
521 0.000330
522 0.000332
523 0.000331
524 0.000332
525 0.000332
526 0.000336
527 0.000337
528 0.000335
529 0.000335
530 0.000333
531 0.000332
532 0.000331
533 0.000331
534 0.000333
535 0.000337
536 0.000340
537 0.000343
538 0.000343
539 0.000344
540 0.000345
541 0.000342
542 0.000339
543 0.000337
544 0.000331
545 0.000325
546 0.000320
547 0.000317
548 0.000319
549 0.000320
550 0.000320
551 0.000320
552 0.000319
553 0.000322
554 0.000326
555 0.000327
556 0.000329
557 0.000330
558 0.000333
559 0.000336
560 0.000339
561 0.000341
562 0.000344
563 0.000345
564 0.000344
565 0.000342
566 0.000343
567 0.000344
568 0.000344
569 0.000346
570 0.000346
571 0.000346
572 0.000345
573 0.000342
574 0.000340
575 0.000338
576 0.000339
577 0.000341
578 0.000343
579 0.000343
580 0.000339
581 0.000337
582 0.000334
583 0.000330
584 0.000328
585 0.000329
586 0.000329
587 0.000329
588 0.000327
589 0.000324
590 0.000318
591 0.000313
592 0.000308
593 0.000303
594 0.000300
595 0.000296
596 0.000294
597 0.000292
598 0.000289
599 0.000284
600 0.000281
601 0.000280
602 0.000279
603 0.000277
604 0.000275
605 0.000274
606 0.000272
607 0.000269
608 0.000271
609 0.000275
610 0.000281
611 0.000286
612 0.000291
613 0.000294
614 0.000299
615 0.000305
616 0.000311
617 0.000314
618 0.000315
619 0.000314
620 0.000313
621 0.000312
622 0.000312
623 0.000310
624 0.000310
625 0.000310
626 0.000312
627 0.000314
628 0.000315
629 0.000315
630 0.000316
631 0.000316
632 0.000321
633 0.000323
634 0.000322
635 0.000320
636 0.000319
637 0.000315
638 0.000312
639 0.000307
640 0.000306
641 0.000307
642 0.000308
643 0.000308
644 0.000306
645 0.000305
646 0.000305
647 0.000304
648 0.000301
649 0.000299
650 0.000297
651 0.000296
652 0.000297
653 0.000297
654 0.000298
655 0.000299
656 0.000296
657 0.000294
658 0.000291
659 0.000288
660 0.000288
661 0.000287
662 0.000286
663 0.000285
664 0.000286
665 0.000290
666 0.000293
667 0.000295
668 0.000298
669 0.000302
670 0.000306
671 0.000308
672 0.000312
673 0.000313
674 0.000313
675 0.000312
676 0.000311
677 0.000312
678 0.000316
679 0.000318
680 0.000319
681 0.000320
682 0.000318
683 0.000315
684 0.000314
685 0.000312
686 0.000311
687 0.000309
688 0.000308
689 0.000306
690 0.000301
691 0.000296
692 0.000292
693 0.000288
694 0.000280
695 0.000276
696 0.000272
697 0.000271
698 0.000270
699 0.000268
700 0.000263
701 0.000262
702 0.000256
703 0.000253
704 0.000247
705 0.000242
706 0.000239
707 0.000237
708 0.000235
709 0.000236
710 0.000238
711 0.000238
712 0.000240
713 0.000241
714 0.000241
715 0.000243
716 0.000245
717 0.000245
718 0.000241
719 0.000237
720 0.000235
721 0.000236
722 0.000238
723 0.000242
724 0.000245
725 0.000246
726 0.000248
727 0.000250
728 0.000253
729 0.000255
730 0.000257
731 0.000260
732 0.000264
733 0.000269
734 0.000276
735 0.000281
736 0.000283
737 0.000282
738 0.000281
739 0.000280
740 0.000278
741 0.000276
742 0.000274
743 0.000273
744 0.000269
745 0.000269
746 0.000267
747 0.000267
748 0.000267
749 0.000265
750 0.000262
751 0.000260
752 0.000260
753 0.000260
754 0.000260
755 0.000259
756 0.000258
757 0.000256
758 0.000254
759 0.000252
760 0.000251
761 0.000252
762 0.000253
763 0.000249
764 0.000243
765 0.000239
766 0.000233
767 0.000231
768 0.000228
769 0.000225
770 0.000222
771 0.000216
772 0.000212
773 0.000209
774 0.000203
775 0.000200
776 0.000200
777 0.000200
778 0.000199
779 0.000200
780 0.000198
781 0.000195
782 0.000191
783 0.000188
784 0.000186
785 0.000186
786 0.000186
787 0.000187
788 0.000185
789 0.000188
790 0.000188
791 0.000189
792 0.000190
793 0.000188
794 0.000186
795 0.000182
796 0.000178
797 0.000175
798 0.000171
799 0.000167
800 0.000164
801 0.000160
802 0.000157
803 0.000153
804 0.000149
805 0.000146
806 0.000145
807 0.000143
808 0.000142
809 0.000139
