# i correlation
1 0.001549
2 0.001505
3 0.001467
4 0.001436
5 0.001415
6 0.001395
7 0.001379
8 0.001358
9 0.001340
10 0.001325
11 0.001309
12 0.001295
13 0.001288
14 0.001276
15 0.001265
16 0.001251
17 0.001237
18 0.001226
19 0.001215
20 0.001199
21 0.001185
22 0.001176
23 0.001167
24 0.001160
25 0.001154
26 0.001150
27 0.001145
28 0.001140
29 0.001134
30 0.001126
31 0.001114
32 0.001106
33 0.001093
34 0.001077
35 0.001065
36 0.001058
37 0.001056
38 0.001054
39 0.001052
40 0.001051
41 0.001050
42 0.001050
43 0.001051
44 0.001048
45 0.001048
46 0.001041
47 0.001035
48 0.001028
49 0.001016
50 0.001007
51 0.001004
52 0.000998
53 0.000994
54 0.000986
55 0.000981
56 0.000979
57 0.000977
58 0.000976
59 0.000972
60 0.000965
61 0.000963
62 0.000960
63 0.000954
64 0.000950
65 0.000945
66 0.000942
67 0.000937
68 0.000930
69 0.000925
70 0.000917
71 0.000909
72 0.000903
73 0.000896
74 0.000891
75 0.000892
76 0.000891
77 0.000887
78 0.000881
79 0.000874
80 0.000866
81 0.000863
82 0.000857
83 0.000850
84 0.000842
85 0.000835
86 0.000835
87 0.000830
88 0.000828
89 0.000825
90 0.000827
91 0.000832
92 0.000838
93 0.000842
94 0.000842
95 0.000838
96 0.000830
97 0.000826
98 0.000820
99 0.000816
100 0.000809
101 0.000804
102 0.000796
103 0.000788
104 0.000780
105 0.000775
106 0.000771
107 0.000765
108 0.000757
109 0.000752
110 0.000746
111 0.000740
112 0.000734
113 0.000729
114 0.000727
115 0.000731
116 0.000734
117 0.000735
118 0.000735
119 0.000739
120 0.000744
121 0.000745
122 0.000744
123 0.000740
124 0.000736
125 0.000732
126 0.000726
127 0.000720
128 0.000714
129 0.000710
130 0.000707
131 0.000702
132 0.000693
133 0.000688
134 0.000687
135 0.000684
136 0.000680
137 0.000679
138 0.000681
139 0.000679
140 0.000671
141 0.000664
142 0.000654
143 0.000646
144 0.000639
145 0.000632
146 0.000625
147 0.000618
148 0.000614
149 0.000611
150 0.000605
151 0.000599
152 0.000595
153 0.000590
154 0.000583
155 0.000577
156 0.000571
157 0.000567
158 0.000565
159 0.000561
160 0.000557
161 0.000554
162 0.000556
163 0.000555
164 0.000555
165 0.000552
166 0.000552
167 0.000556
168 0.000562
169 0.000564
170 0.000566
171 0.000563
172 0.000564
173 0.000565
174 0.000564
175 0.000562
176 0.000559
177 0.000555
178 0.000553
179 0.000553
180 0.000555
181 0.000558
182 0.000563
183 0.000569
184 0.000571
185 0.000578
186 0.000581
187 0.000580
188 0.000578
189 0.000573
190 0.000567
191 0.000561
192 0.000560
193 0.000558
194 0.000559
195 0.000559
196 0.000558
197 0.000562
198 0.000567
199 0.000570
200 0.000575
201 0.000577
202 0.000579
203 0.000578
204 0.000572
205 0.000566
206 0.000556
207 0.000552
208 0.000547
209 0.000541
210 0.000541
211 0.000543
212 0.000544
213 0.000546
214 0.000546
215 0.000546
216 0.000544
217 0.000542
218 0.000539
219 0.000534
220 0.000533
221 0.000530
222 0.000525
223 0.000516
224 0.000511
225 0.000510
226 0.000511
227 0.000513
228 0.000514
229 0.000514
230 0.000515
231 0.000520
232 0.000516
233 0.000513
234 0.000510
235 0.000507
236 0.000508
237 0.000510
238 0.000508
239 0.000511
240 0.000512
241 0.000512
242 0.000512
243 0.000512
244 0.000513
245 0.000515
246 0.000516
247 0.000515
248 0.000512
249 0.000509
250 0.000509
251 0.000507
252 0.000504
253 0.000503
254 0.000502
255 0.000501
256 0.000501
257 0.000505
258 0.000511
259 0.000514
260 0.000516
261 0.000517
262 0.000511
263 0.000506
264 0.000505
265 0.000505
266 0.000503
267 0.000502
268 0.000504
269 0.000506
270 0.000502
271 0.000499
272 0.000494
273 0.000489
274 0.000483
275 0.000476
276 0.000471
277 0.000465
278 0.000462
279 0.000457
280 0.000450
281 0.000442
282 0.000442
283 0.000443
284 0.000445
285 0.000445
286 0.000447
287 0.000447
288 0.000445
289 0.000444
290 0.000449
291 0.000452
292 0.000455
293 0.000457
294 0.000459
295 0.000456
296 0.000453
297 0.000454
298 0.000457
299 0.000462
300 0.000467
301 0.000471
302 0.000470
303 0.000471
304 0.000467
305 0.000461
306 0.000456
307 0.000450
308 0.000449
309 0.000450
310 0.000451
311 0.000452
312 0.000453
313 0.000457
314 0.000459
315 0.000460
316 0.000458
317 0.000456
318 0.000452
319 0.000452
320 0.000450
321 0.000449
322 0.000448
323 0.000448
324 0.000446
325 0.000446
326 0.000448
327 0.000450
328 0.000450
329 0.000449
330 0.000448
331 0.000450
332 0.000449
333 0.000450
334 0.000449
335 0.000453
336 0.000454
337 0.000454
338 0.000455
339 0.000452
340 0.000448
341 0.000449
342 0.000451
343 0.000450
344 0.000448
345 0.000445
346 0.000442
347 0.000439
348 0.000436
349 0.000431
350 0.000426
351 0.000423
352 0.000424
353 0.000422
354 0.000423
355 0.000422
356 0.000419
357 0.000413
358 0.000407
359 0.000402
360 0.000405
361 0.000405
362 0.000404
363 0.000402
364 0.000401
365 0.000399
366 0.000396
367 0.000398
368 0.000402
369 0.000405
370 0.000409
371 0.000409
372 0.000404
373 0.000399
374 0.000396
375 0.000393
376 0.000389
377 0.000390
378 0.000390
379 0.000387
380 0.000388
381 0.000383
382 0.000377
383 0.000376
384 0.000379
385 0.000384
386 0.000386
387 0.000389
388 0.000394
389 0.000396
390 0.000396
391 0.000395
392 0.000401
393 0.000407
394 0.000409
395 0.000411
396 0.000410
397 0.000411
398 0.000410
399 0.000409
400 0.000408
401 0.000404
402 0.000404
403 0.000401
404 0.000398
405 0.000395
406 0.000393
407 0.000395
408 0.000396
409 0.000396
410 0.000393
411 0.000391
412 0.000389
413 0.000389
414 0.000390
415 0.000388
416 0.000389
417 0.000389
418 0.000386
419 0.000383
420 0.000383
421 0.000384
422 0.000383
423 0.000381
424 0.000373
425 0.000369
426 0.000361
427 0.000353
428 0.000348
429 0.000345
430 0.000349
431 0.000350
432 0.000348
433 0.000346
434 0.000346
435 0.000345
436 0.000347
437 0.000346
438 0.000346
439 0.000343
440 0.000341
441 0.000344
442 0.000345
443 0.000345
444 0.000348
445 0.000347
446 0.000347
447 0.000347
448 0.000346
449 0.000343
450 0.000343
451 0.000346
452 0.000348
453 0.000348
454 0.000349
455 0.000348
456 0.000347
457 0.000352
458 0.000356
459 0.000360
460 0.000366
461 0.000372
462 0.000377
463 0.000382
464 0.000387
465 0.000389
466 0.000393
467 0.000398
468 0.000401
469 0.000403
470 0.000408
471 0.000412
472 0.000416
473 0.000422
474 0.000422
475 0.000420
476 0.000418
477 0.000415
478 0.000411
479 0.000407
480 0.000403
481 0.000399
482 0.000395
483 0.000394
484 0.000392
485 0.000396
486 0.000401
487 0.000404
488 0.000405
489 0.000410
490 0.000412
491 0.000410
492 0.000407
493 0.000405
494 0.000401
495 0.000405
496 0.000405
497 0.000404
498 0.000406
499 0.000411
500 0.000414
501 0.000411
502 0.000410
503 0.000408
504 0.000404
505 0.000404
506 0.000401
507 0.000393
508 0.000389
509 0.000384
510 0.000380
511 0.000378
512 0.000379
513 0.000383
514 0.000387
515 0.000391
516 0.000397
517 0.000400
518 0.000402
519 0.000401
520 0.000397
521 0.000391
522 0.000390
523 0.000391
524 0.000392
525 0.000390
526 0.000387
527 0.000387
528 0.000389
529 0.000393
530 0.000397
531 0.000398
532 0.000400
533 0.000400
534 0.000398
535 0.000398
536 0.000398
537 0.000398
538 0.000398
539 0.000394
540 0.000390
541 0.000386
542 0.000384
543 0.000382
544 0.000379
545 0.000379
546 0.000379
547 0.000378
548 0.000376
549 0.000371
550 0.000366
551 0.000366
552 0.000366
553 0.000366
554 0.000366
555 0.000366
556 0.000368
557 0.000372
558 0.000377
559 0.000381
560 0.000382
561 0.000383
562 0.000383
563 0.000382
564 0.000383
565 0.000383
566 0.000380
567 0.000374
568 0.000367
569 0.000361
570 0.000357
571 0.000352
572 0.000347
573 0.000340
574 0.000335
575 0.000331
576 0.000327
577 0.000324
578 0.000322
579 0.000320
580 0.000319
581 0.000319
582 0.000318
583 0.000317
584 0.000316
585 0.000316
586 0.000315
587 0.000316
588 0.000320
589 0.000325
590 0.000327
591 0.000332
592 0.000335
593 0.000336
594 0.000340
595 0.000343
596 0.000345
597 0.000347
598 0.000347
599 0.000348
600 0.000347
601 0.000343
602 0.000340
603 0.000336
604 0.000335
605 0.000332
606 0.000330
607 0.000328
608 0.000324
609 0.000321
610 0.000316
611 0.000311
612 0.000302
613 0.000296
614 0.000293
615 0.000292
616 0.000289
617 0.000285
618 0.000277
619 0.000271
620 0.000266
621 0.000262
622 0.000257
623 0.000253
624 0.000252
625 0.000250
626 0.000248
627 0.000245
628 0.000246
629 0.000247
630 0.000247
631 0.000247
632 0.000245
633 0.000246
634 0.000247
635 0.000249
636 0.000254
637 0.000256
638 0.000259
639 0.000264
640 0.000264
641 0.000262
642 0.000259
643 0.000257
644 0.000259
645 0.000262
646 0.000267
647 0.000271
648 0.000271
649 0.000271
650 0.000271
651 0.000273
652 0.000277
653 0.000282
654 0.000287
655 0.000291
656 0.000293
657 0.000294
658 0.000295
659 0.000296
660 0.000295
661 0.000293
662 0.000291
663 0.000291
664 0.000286
665 0.000281
666 0.000273
667 0.000265
668 0.000260
669 0.000256
670 0.000253
671 0.000253
672 0.000253
673 0.000252
674 0.000250
675 0.000248
676 0.000245
677 0.000241
678 0.000241
679 0.000240
680 0.000236
681 0.000234
682 0.000231
683 0.000229
684 0.000227
685 0.000224
686 0.000221
687 0.000218
688 0.000215
689 0.000210
690 0.000208
691 0.000209
692 0.000210
693 0.000208
694 0.000200
695 0.000196
696 0.000192
697 0.000191
698 0.000192
699 0.000192
700 0.000192
701 0.000191
702 0.000192
703 0.000192
704 0.000189
705 0.000184
706 0.000181
707 0.000174
708 0.000168
709 0.000164
710 0.000163
711 0.000162
712 0.000159
713 0.000157
714 0.000154
715 0.000154
716 0.000154
717 0.000156
718 0.000154
719 0.000152
720 0.000152
721 0.000152
722 0.000152
723 0.000150
724 0.000149
725 0.000148
726 0.000147
727 0.000147
728 0.000147
729 0.000148
730 0.000151
731 0.000152
732 0.000151
733 0.000149
734 0.000149
735 0.000149
736 0.000149
737 0.000148
738 0.000147
739 0.000146
740 0.000146
741 0.000143
742 0.000140
743 0.000136
744 0.000136
745 0.000136
746 0.000135
747 0.000132
748 0.000130
749 0.000129
750 0.000126
751 0.000121
752 0.000113
753 0.000107
754 0.000103
755 0.000100
756 0.000097
757 0.000096
758 0.000096
759 0.000095
760 0.000094
761 0.000091
762 0.000086
763 0.000083
764 0.000081
765 0.000081
766 0.000079
767 0.000079
768 0.000079
769 0.000081
770 0.000082
771 0.000081
772 0.000082
773 0.000084
774 0.000085
775 0.000086
776 0.000087
777 0.000090
778 0.000091
779 0.000091
780 0.000087
781 0.000082
782 0.000080
783 0.000078
784 0.000077
785 0.000080
786 0.000080
787 0.000077
788 0.000075
789 0.000073
790 0.000073
791 0.000073
792 0.000074
793 0.000072
794 0.000069
795 0.000065
796 0.000066
797 0.000065
798 0.000063
799 0.000059
800 0.000054
801 0.000053
802 0.000051
803 0.000050
804 0.000048
805 0.000045
806 0.000044
807 0.000041
808 0.000040
809 0.000037
