# i correlation
1 0.001673
2 0.001635
3 0.001601
4 0.001572
5 0.001544
6 0.001522
7 0.001499
8 0.001482
9 0.001470
10 0.001465
11 0.001455
12 0.001445
13 0.001435
14 0.001426
15 0.001415
16 0.001409
17 0.001405
18 0.001402
19 0.001396
20 0.001389
21 0.001382
22 0.001376
23 0.001370
24 0.001363
25 0.001358
26 0.001349
27 0.001337
28 0.001329
29 0.001318
30 0.001306
31 0.001295
32 0.001282
33 0.001274
34 0.001266
35 0.001259
36 0.001258
37 0.001254
38 0.001249
39 0.001242
40 0.001238
41 0.001231
42 0.001228
43 0.001223
44 0.001217
45 0.001212
46 0.001207
47 0.001203
48 0.001198
49 0.001195
50 0.001192
51 0.001183
52 0.001173
53 0.001165
54 0.001162
55 0.001157
56 0.001152
57 0.001149
58 0.001145
59 0.001141
60 0.001133
61 0.001127
62 0.001125
63 0.001128
64 0.001131
65 0.001133
66 0.001137
67 0.001139
68 0.001141
69 0.001138
70 0.001128
71 0.001121
72 0.001114
73 0.001108
74 0.001101
75 0.001097
76 0.001097
77 0.001093
78 0.001088
79 0.001080
80 0.001073
81 0.001067
82 0.001060
83 0.001057
84 0.001053
85 0.001048
86 0.001046
87 0.001043
88 0.001039
89 0.001034
90 0.001029
91 0.001028
92 0.001028
93 0.001030
94 0.001034
95 0.001038
96 0.001040
97 0.001042
98 0.001043
99 0.001045
100 0.001047
101 0.001047
102 0.001048
103 0.001046
104 0.001042
105 0.001043
106 0.001040
107 0.001039
108 0.001037
109 0.001037
110 0.001030
111 0.001028
112 0.001027
113 0.001027
114 0.001025
115 0.001019
116 0.001011
117 0.001003
118 0.000997
119 0.000990
120 0.000982
121 0.000974
122 0.000976
123 0.000976
124 0.000976
125 0.000975
126 0.000975
127 0.000972
128 0.000969
129 0.000968
130 0.000965
131 0.000963
132 0.000963
133 0.000963
134 0.000963
135 0.000962
136 0.000961
137 0.000959
138 0.000957
139 0.000951
140 0.000944
141 0.000939
142 0.000935
143 0.000931
144 0.000928
145 0.000925
146 0.000918
147 0.000913
148 0.000908
149 0.000904
150 0.000899
151 0.000894
152 0.000889
153 0.000884
154 0.000878
155 0.000871
156 0.000865
157 0.000863
158 0.000859
159 0.000854
160 0.000850
161 0.000842
162 0.000834
163 0.000833
164 0.000831
165 0.000828
166 0.000824
167 0.000821
168 0.000817
169 0.000811
170 0.000804
171 0.000799
172 0.000795
173 0.000796
174 0.000799
175 0.000798
176 0.000796
177 0.000795
178 0.000797
179 0.000798
180 0.000798
181 0.000799
182 0.000798
183 0.000794
184 0.000790
185 0.000789
186 0.000786
187 0.000777
188 0.000772
189 0.000770
190 0.000767
191 0.000767
192 0.000769
193 0.000772
194 0.000773
195 0.000774
196 0.000775
197 0.000776
198 0.000776
199 0.000779
200 0.000777
201 0.000774
202 0.000777
203 0.000779
204 0.000778
205 0.000777
206 0.000777
207 0.000778
208 0.000777
209 0.000776
210 0.000774
211 0.000772
212 0.000769
213 0.000765
214 0.000762
215 0.000758
216 0.000757
217 0.000753
218 0.000750
219 0.000743
220 0.000741
221 0.000738
222 0.000734
223 0.000726
224 0.000719
225 0.000712
226 0.000705
227 0.000697
228 0.000689
229 0.000683
230 0.000674
231 0.000675
232 0.000674
233 0.000673
234 0.000669
235 0.000668
236 0.000668
237 0.000664
238 0.000660
239 0.000657
240 0.000654
241 0.000652
242 0.000649
243 0.000650
244 0.000652
245 0.000655
246 0.000659
247 0.000662
248 0.000665
249 0.000667
250 0.000667
251 0.000666
252 0.000661
253 0.000655
254 0.000647
255 0.000642
256 0.000641
257 0.000640
258 0.000637
259 0.000632
260 0.000632
261 0.000632
262 0.000633
263 0.000633
264 0.000630
265 0.000627
266 0.000627
267 0.000626
268 0.000623
269 0.000619
270 0.000616
271 0.000613
272 0.000610
273 0.000608
274 0.000609
275 0.000610
276 0.000609
277 0.000607
278 0.000605
279 0.000601
280 0.000595
281 0.000592
282 0.000588
283 0.000586
284 0.000582
285 0.000578
286 0.000576
287 0.000575
288 0.000573
289 0.000570
290 0.000567
291 0.000564
292 0.000561
293 0.000559
294 0.000557
295 0.000553
296 0.000548
297 0.000545
298 0.000541
299 0.000540
300 0.000540
301 0.000533
302 0.000529
303 0.000526
304 0.000524
305 0.000519
306 0.000517
307 0.000516
308 0.000519
309 0.000522
310 0.000523
311 0.000525
312 0.000530
313 0.000533
314 0.000538
315 0.000540
316 0.000539
317 0.000539
318 0.000539
319 0.000536
320 0.000535
321 0.000529
322 0.000523
323 0.000520
324 0.000521
325 0.000523
326 0.000523
327 0.000521
328 0.000517
329 0.000518
330 0.000517
331 0.000517
332 0.000517
333 0.000517
334 0.000515
335 0.000512
336 0.000509
337 0.000503
338 0.000502
339 0.000502
340 0.000500
341 0.000498
342 0.000497
343 0.000497
344 0.000494
345 0.000490
346 0.000485
347 0.000481
348 0.000480
349 0.000482
350 0.000482
351 0.000482
352 0.000480
353 0.000479
354 0.000478
355 0.000475
356 0.000470
357 0.000464
358 0.000461
359 0.000456
360 0.000454
361 0.000450
362 0.000446
363 0.000445
364 0.000444
365 0.000441
366 0.000438
367 0.000437
368 0.000435
369 0.000433
370 0.000429
371 0.000427
372 0.000424
373 0.000423
374 0.000424
375 0.000425
376 0.000424
377 0.000425
378 0.000427
379 0.000426
380 0.000427
381 0.000427
382 0.000426
383 0.000423
384 0.000421
385 0.000416
386 0.000414
387 0.000410
388 0.000409
389 0.000409
390 0.000410
391 0.000410
392 0.000412
393 0.000413
394 0.000413
395 0.000413
396 0.000412
397 0.000409
398 0.000406
399 0.000403
400 0.000399
401 0.000394
402 0.000390
403 0.000381
404 0.000373
405 0.000368
406 0.000367
407 0.000368
408 0.000367
409 0.000363
410 0.000358
411 0.000355
412 0.000352
413 0.000352
414 0.000354
415 0.000356
416 0.000359
417 0.000364
418 0.000370
419 0.000370
420 0.000369
421 0.000365
422 0.000363
423 0.000360
424 0.000356
425 0.000354
426 0.000355
427 0.000352
428 0.000352
429 0.000351
430 0.000347
431 0.000344
432 0.000344
433 0.000341
434 0.000339
435 0.000335
436 0.000336
437 0.000335
438 0.000336
439 0.000338
440 0.000339
441 0.000339
442 0.000343
443 0.000348
444 0.000353
445 0.000357
446 0.000360
447 0.000362
448 0.000363
449 0.000363
450 0.000360
451 0.000360
452 0.000358
453 0.000354
454 0.000351
455 0.000347
456 0.000342
457 0.000340
458 0.000339
459 0.000338
460 0.000338
461 0.000342
462 0.000346
463 0.000350
464 0.000351
465 0.000354
466 0.000353
467 0.000354
468 0.000353
469 0.000350
470 0.000346
471 0.000341
472 0.000341
473 0.000341
474 0.000339
475 0.000335
476 0.000333
477 0.000334
478 0.000332
479 0.000327
480 0.000325
481 0.000326
482 0.000329
483 0.000332
484 0.000334
485 0.000337
486 0.000340
487 0.000341
488 0.000341
489 0.000344
490 0.000346
491 0.000350
492 0.000355
493 0.000362
494 0.000367
495 0.000368
496 0.000366
497 0.000363
498 0.000360
499 0.000360
500 0.000356
501 0.000352
502 0.000350
503 0.000349
504 0.000346
505 0.000343
506 0.000339
507 0.000337
508 0.000336
509 0.000336
510 0.000336
511 0.000336
512 0.000339
513 0.000343
514 0.000345
515 0.000345
516 0.000346
517 0.000347
518 0.000347
519 0.000348
520 0.000348
521 0.000346
522 0.000348
523 0.000347
524 0.000347
525 0.000345
526 0.000341
527 0.000339
528 0.000337
529 0.000334
530 0.000330
531 0.000331
532 0.000334
533 0.000332
534 0.000335
535 0.000335
536 0.000333
537 0.000329
538 0.000325
539 0.000318
540 0.000316
541 0.000316
542 0.000315
543 0.000314
544 0.000310
545 0.000312
546 0.000311
547 0.000309
548 0.000306
549 0.000304
550 0.000301
551 0.000297
552 0.000293
553 0.000290
554 0.000284
555 0.000280
556 0.000279
557 0.000278
558 0.000279
559 0.000279
560 0.000281
561 0.000283
562 0.000284
563 0.000282
564 0.000278
565 0.000272
566 0.000266
567 0.000261
568 0.000256
569 0.000251
570 0.000248
571 0.000247
572 0.000247
573 0.000247
574 0.000247
575 0.000248
576 0.000250
577 0.000249
578 0.000245
579 0.000239
580 0.000235
581 0.000234
582 0.000232
583 0.000233
584 0.000234
585 0.000237
586 0.000241
587 0.000246
588 0.000248
589 0.000254
590 0.000258
591 0.000262
592 0.000265
593 0.000267
594 0.000267
595 0.000268
596 0.000270
597 0.000270
598 0.000268
599 0.000268
600 0.000270
601 0.000272
602 0.000274
603 0.000277
604 0.000278
605 0.000279
606 0.000279
607 0.000277
608 0.000273
609 0.000271
610 0.000267
611 0.000268
612 0.000265
613 0.000263
614 0.000261
615 0.000261
616 0.000258
617 0.000258
618 0.000257
619 0.000255
620 0.000252
621 0.000250
622 0.000249
623 0.000246
624 0.000244
625 0.000243
626 0.000243
627 0.000245
628 0.000249
629 0.000255
630 0.000257
631 0.000259
632 0.000258
633 0.000255
634 0.000252
635 0.000248
636 0.000243
637 0.000239
638 0.000236
639 0.000237
640 0.000237
641 0.000239
642 0.000241
643 0.000242
644 0.000244
645 0.000241
646 0.000239
647 0.000240
648 0.000238
649 0.000238
650 0.000237
651 0.000237
652 0.000236
653 0.000233
654 0.000231
655 0.000226
656 0.000221
657 0.000220
658 0.000219
659 0.000217
660 0.000214
661 0.000213
662 0.000212
663 0.000213
664 0.000215
665 0.000218
666 0.000217
667 0.000218
668 0.000219
669 0.000221
670 0.000221
671 0.000222
672 0.000222
673 0.000220
674 0.000217
675 0.000216
676 0.000212
677 0.000205
678 0.000199
679 0.000192
680 0.000188
681 0.000186
682 0.000183
683 0.000181
684 0.000180
685 0.000180
686 0.000179
687 0.000181
688 0.000183
689 0.000186
690 0.000186
691 0.000187
692 0.000188
693 0.000190
694 0.000194
695 0.000194
696 0.000191
697 0.000188
698 0.000189
699 0.000190
700 0.000192
701 0.000193
702 0.000193
703 0.000192
704 0.000190
705 0.000191
706 0.000195
707 0.000198
708 0.000203
709 0.000207
710 0.000210
711 0.000212
712 0.000212
713 0.000212
714 0.000210
715 0.000207
716 0.000208
717 0.000206
718 0.000204
719 0.000200
720 0.000199
721 0.000197
722 0.000193
723 0.000188
724 0.000182
725 0.000179
726 0.000178
727 0.000177
728 0.000176
729 0.000176
730 0.000175
731 0.000176
732 0.000174
733 0.000170
734 0.000169
735 0.000165
736 0.000161
737 0.000158
738 0.000157
739 0.000156
740 0.000156
741 0.000154
742 0.000153
743 0.000153
744 0.000154
745 0.000149
746 0.000144
747 0.000138
748 0.000134
749 0.000129
750 0.000125
751 0.000122
752 0.000120
753 0.000118
754 0.000115
755 0.000112
756 0.000109
757 0.000107
758 0.000105
759 0.000103
760 0.000103
761 0.000100
762 0.000097
763 0.000096
764 0.000094
765 0.000092
766 0.000091
767 0.000090
768 0.000087
769 0.000085
770 0.000084
771 0.000082
772 0.000078
773 0.000072
774 0.000069
775 0.000066
776 0.000065
777 0.000064
778 0.000060
779 0.000058
780 0.000059
781 0.000058
782 0.000055
783 0.000052
784 0.000049
785 0.000046
786 0.000044
787 0.000041
788 0.000038
789 0.000038
790 0.000037
791 0.000035
792 0.000035
793 0.000036
794 0.000039
795 0.000041
796 0.000043
797 0.000048
798 0.000050
799 0.000051
800 0.000053
801 0.000055
802 0.000057
803 0.000060
804 0.000059
805 0.000059
806 0.000060
807 0.000065
808 0.000069
809 0.000072
