# i correlation
1 0.001416
2 0.001377
3 0.001344
4 0.001318
5 0.001292
6 0.001269
7 0.001252
8 0.001234
9 0.001219
10 0.001204
11 0.001189
12 0.001175
13 0.001161
14 0.001148
15 0.001138
16 0.001128
17 0.001120
18 0.001118
19 0.001119
20 0.001117
21 0.001111
22 0.001104
23 0.001099
24 0.001092
25 0.001086
26 0.001079
27 0.001074
28 0.001072
29 0.001066
30 0.001058
31 0.001047
32 0.001035
33 0.001026
34 0.001021
35 0.001019
36 0.001014
37 0.001006
38 0.000999
39 0.000991
40 0.000988
41 0.000986
42 0.000982
43 0.000977
44 0.000973
45 0.000971
46 0.000968
47 0.000962
48 0.000956
49 0.000952
50 0.000950
51 0.000944
52 0.000938
53 0.000934
54 0.000928
55 0.000922
56 0.000916
57 0.000912
58 0.000907
59 0.000905
60 0.000901
61 0.000897
62 0.000891
63 0.000892
64 0.000893
65 0.000892
66 0.000893
67 0.000892
68 0.000889
69 0.000888
70 0.000889
71 0.000890
72 0.000886
73 0.000882
74 0.000877
75 0.000871
76 0.000865
77 0.000858
78 0.000852
79 0.000849
80 0.000845
81 0.000843
82 0.000842
83 0.000843
84 0.000845
85 0.000846
86 0.000847
87 0.000848
88 0.000850
89 0.000848
90 0.000847
91 0.000844
92 0.000838
93 0.000837
94 0.000836
95 0.000834
96 0.000832
97 0.000828
98 0.000821
99 0.000814
100 0.000804
101 0.000801
102 0.000795
103 0.000789
104 0.000784
105 0.000777
106 0.000772
107 0.000767
108 0.000763
109 0.000761
110 0.000762
111 0.000762
112 0.000761
113 0.000762
114 0.000762
115 0.000759
116 0.000758
117 0.000756
118 0.000758
119 0.000756
120 0.000755
121 0.000752
122 0.000749
123 0.000747
124 0.000750
125 0.000751
126 0.000751
127 0.000747
128 0.000741
129 0.000740
130 0.000739
131 0.000735
132 0.000731
133 0.000728
134 0.000725
135 0.000721
136 0.000716
137 0.000707
138 0.000697
139 0.000688
140 0.000678
141 0.000672
142 0.000667
143 0.000663
144 0.000663
145 0.000665
146 0.000667
147 0.000668
148 0.000672
149 0.000671
150 0.000671
151 0.000671
152 0.000671
153 0.000671
154 0.000674
155 0.000674
156 0.000676
157 0.000674
158 0.000667
159 0.000662
160 0.000659
161 0.000658
162 0.000657
163 0.000656
164 0.000655
165 0.000654
166 0.000650
167 0.000649
168 0.000646
169 0.000642
170 0.000640
171 0.000637
172 0.000636
173 0.000638
174 0.000637
175 0.000636
176 0.000640
177 0.000645
178 0.000645
179 0.000646
180 0.000649
181 0.000650
182 0.000653
183 0.000653
184 0.000650
185 0.000647
186 0.000641
187 0.000633
188 0.000627
189 0.000619
190 0.000612
191 0.000605
192 0.000601
193 0.000595
194 0.000586
195 0.000579
196 0.000575
197 0.000575
198 0.000575
199 0.000573
200 0.000572
201 0.000572
202 0.000571
203 0.000571
204 0.000572
205 0.000572
206 0.000569
207 0.000565
208 0.000562
209 0.000557
210 0.000552
211 0.000546
212 0.000544
213 0.000540
214 0.000538
215 0.000539
216 0.000540
217 0.000544
218 0.000547
219 0.000546
220 0.000547
221 0.000549
222 0.000548
223 0.000547
224 0.000545
225 0.000542
226 0.000540
227 0.000539
228 0.000537
229 0.000531
230 0.000527
231 0.000523
232 0.000519
233 0.000516
234 0.000514
235 0.000509
236 0.000506
237 0.000502
238 0.000497
239 0.000491
240 0.000490
241 0.000488
242 0.000486
243 0.000484
244 0.000484
245 0.000488
246 0.000489
247 0.000491
248 0.000491
249 0.000496
250 0.000499
251 0.000501
252 0.000499
253 0.000498
254 0.000496
255 0.000492
256 0.000490
257 0.000484
258 0.000479
259 0.000475
260 0.000472
261 0.000470
262 0.000465
263 0.000463
264 0.000461
265 0.000458
266 0.000456
267 0.000458
268 0.000462
269 0.000466
270 0.000471
271 0.000477
272 0.000479
273 0.000481
274 0.000485
275 0.000488
276 0.000491
277 0.000494
278 0.000498
279 0.000500
280 0.000500
281 0.000504
282 0.000502
283 0.000500
284 0.000496
285 0.000492
286 0.000491
287 0.000491
288 0.000492
289 0.000493
290 0.000496
291 0.000498
292 0.000499
293 0.000500
294 0.000499
295 0.000497
296 0.000496
297 0.000496
298 0.000495
299 0.000495
300 0.000497
301 0.000500
302 0.000503
303 0.000504
304 0.000505
305 0.000505
306 0.000503
307 0.000500
308 0.000494
309 0.000490
310 0.000488
311 0.000489
312 0.000491
313 0.000491
314 0.000492
315 0.000493
316 0.000494
317 0.000492
318 0.000491
319 0.000493
320 0.000491
321 0.000491
322 0.000486
323 0.000480
324 0.000474
325 0.000466
326 0.000459
327 0.000453
328 0.000448
329 0.000443
330 0.000443
331 0.000445
332 0.000446
333 0.000447
334 0.000446
335 0.000445
336 0.000444
337 0.000444
338 0.000444
339 0.000446
340 0.000446
341 0.000446
342 0.000448
343 0.000446
344 0.000445
345 0.000443
346 0.000442
347 0.000440
348 0.000437
349 0.000433
350 0.000431
351 0.000430
352 0.000432
353 0.000433
354 0.000433
355 0.000433
356 0.000432
357 0.000433
358 0.000430
359 0.000425
360 0.000424
361 0.000423
362 0.000426
363 0.000427
364 0.000429
365 0.000432
366 0.000436
367 0.000437
368 0.000435
369 0.000431
370 0.000423
371 0.000418
372 0.000416
373 0.000414
374 0.000415
375 0.000417
376 0.000418
377 0.000417
378 0.000415
379 0.000413
380 0.000414
381 0.000417
382 0.000417
383 0.000417
384 0.000416
385 0.000421
386 0.000424
387 0.000428
388 0.000427
389 0.000425
390 0.000422
391 0.000420
392 0.000417
393 0.000414
394 0.000410
395 0.000405
396 0.000399
397 0.000393
398 0.000386
399 0.000380
400 0.000380
401 0.000384
402 0.000385
403 0.000389
404 0.000393
405 0.000396
406 0.000398
407 0.000401
408 0.000401
409 0.000402
410 0.000404
411 0.000405
412 0.000403
413 0.000404
414 0.000406
415 0.000410
416 0.000412
417 0.000413
418 0.000411
419 0.000406
420 0.000402
421 0.000400
422 0.000398
423 0.000397
424 0.000392
425 0.000389
426 0.000387
427 0.000384
428 0.000381
429 0.000380
430 0.000381
431 0.000382
432 0.000385
433 0.000386
434 0.000389
435 0.000390
436 0.000391
437 0.000390
438 0.000391
439 0.000389
440 0.000389
441 0.000388
442 0.000382
443 0.000378
444 0.000375
445 0.000370
446 0.000367
447 0.000364
448 0.000361
449 0.000359
450 0.000358
451 0.000360
452 0.000361
453 0.000364
454 0.000367
455 0.000369
456 0.000372
457 0.000374
458 0.000376
459 0.000377
460 0.000379
461 0.000379
462 0.000377
463 0.000374
464 0.000371
465 0.000368
466 0.000368
467 0.000370
468 0.000371
469 0.000372
470 0.000371
471 0.000370
472 0.000366
473 0.000361
474 0.000356
475 0.000353
476 0.000351
477 0.000347
478 0.000345
479 0.000342
480 0.000339
481 0.000337
482 0.000336
483 0.000332
484 0.000328
485 0.000322
486 0.000318
487 0.000314
488 0.000312
489 0.000311
490 0.000308
491 0.000302
492 0.000296
493 0.000290
494 0.000285
495 0.000280
496 0.000275
497 0.000272
498 0.000271
499 0.000268
500 0.000262
501 0.000261
502 0.000259
503 0.000258
504 0.000260
505 0.000262
506 0.000261
507 0.000258
508 0.000258
509 0.000256
510 0.000255
511 0.000257
512 0.000262
513 0.000264
514 0.000265
515 0.000263
516 0.000262
517 0.000263
518 0.000262
519 0.000264
520 0.000265
521 0.000264
522 0.000261
523 0.000261
524 0.000262
525 0.000264
526 0.000264
527 0.000264
528 0.000262
529 0.000260
530 0.000257
531 0.000256
532 0.000255
533 0.000254
534 0.000254
535 0.000256
536 0.000260
537 0.000266
538 0.000269
539 0.000276
540 0.000278
541 0.000281
542 0.000281
543 0.000282
544 0.000284
545 0.000284
546 0.000284
547 0.000284
548 0.000286
549 0.000285
550 0.000283
551 0.000281
552 0.000277
553 0.000272
554 0.000269
555 0.000267
556 0.000267
557 0.000267
558 0.000264
559 0.000262
560 0.000259
561 0.000257
562 0.000253
563 0.000250
564 0.000251
565 0.000253
566 0.000254
567 0.000257
568 0.000259
569 0.000259
570 0.000255
571 0.000252
572 0.000248
573 0.000245
574 0.000239
575 0.000233
576 0.000224
577 0.000217
578 0.000210
579 0.000202
580 0.000197
581 0.000191
582 0.000186
583 0.000183
584 0.000183
585 0.000186
586 0.000191
587 0.000192
588 0.000193
589 0.000194
590 0.000194
591 0.000195
592 0.000196
593 0.000195
594 0.000194
595 0.000194
596 0.000193
597 0.000192
598 0.000191
599 0.000189
600 0.000188
601 0.000186
602 0.000187
603 0.000188
604 0.000185
605 0.000181
606 0.000178
607 0.000178
608 0.000181
609 0.000183
610 0.000182
611 0.000181
612 0.000179
613 0.000178
614 0.000179
615 0.000179
616 0.000177
617 0.000175
618 0.000171
619 0.000168
620 0.000166
621 0.000166
622 0.000165
623 0.000168
624 0.000167
625 0.000167
626 0.000169
627 0.000172
628 0.000175
629 0.000174
630 0.000176
631 0.000177
632 0.000182
633 0.000187
634 0.000194
635 0.000199
636 0.000204
637 0.000210
638 0.000217
639 0.000224
640 0.000226
641 0.000228
642 0.000228
643 0.000229
644 0.000230
645 0.000232
646 0.000231
647 0.000228
648 0.000225
649 0.000224
650 0.000220
651 0.000217
652 0.000214
653 0.000214
654 0.000212
655 0.000212
656 0.000212
657 0.000212
658 0.000211
659 0.000210
660 0.000209
661 0.000209
662 0.000209
663 0.000208
664 0.000207
665 0.000207
666 0.000205
667 0.000203
668 0.000203
669 0.000200
670 0.000195
671 0.000189
672 0.000188
673 0.000185
674 0.000184
675 0.000181
676 0.000179
677 0.000174
678 0.000168
679 0.000162
680 0.000157
681 0.000155
682 0.000152
683 0.000151
684 0.000149
685 0.000150
686 0.000149
687 0.000149
688 0.000147
689 0.000146
690 0.000148
691 0.000149
692 0.000149
693 0.000152
694 0.000156
695 0.000159
696 0.000161
697 0.000162
698 0.000163
699 0.000162
700 0.000160
701 0.000158
702 0.000154
703 0.000150
704 0.000149
705 0.000149
706 0.000148
707 0.000147
708 0.000146
709 0.000145
710 0.000145
711 0.000143
712 0.000141
713 0.000140
714 0.000138
715 0.000133
716 0.000129
717 0.000127
718 0.000125
719 0.000123
720 0.000122
721 0.000123
722 0.000124
723 0.000122
724 0.000122
725 0.000121
726 0.000121
727 0.000121
728 0.000120
729 0.000121
730 0.000120
731 0.000120
732 0.000121
733 0.000123
734 0.000125
735 0.000127
736 0.000128
737 0.000128
738 0.000126
739 0.000124
740 0.000124
741 0.000123
742 0.000120
743 0.000117
744 0.000114
745 0.000111
746 0.000107
747 0.000103
748 0.000100
749 0.000098
750 0.000096
751 0.000093
752 0.000090
753 0.000089
754 0.000086
755 0.000084
756 0.000082
757 0.000083
758 0.000083
759 0.000083
760 0.000082
761 0.000082
762 0.000085
763 0.000087
764 0.000089
765 0.000091
766 0.000091
767 0.000091
768 0.000092
769 0.000095
770 0.000096
771 0.000098
772 0.000101
773 0.000102
774 0.000102
775 0.000102
776 0.000102
777 0.000102
778 0.000100
779 0.000099
780 0.000100
781 0.000100
782 0.000103
783 0.000106
784 0.000106
785 0.000105
786 0.000106
787 0.000106
788 0.000104
789 0.000104
790 0.000106
791 0.000106
792 0.000106
793 0.000106
794 0.000105
795 0.000106
796 0.000105
797 0.000102
798 0.000098
799 0.000094
800 0.000092
801 0.000090
802 0.000089
803 0.000088
804 0.000085
805 0.000084
806 0.000082
807 0.000079
808 0.000077
809 0.000077
