# i correlation
1 0.001418
2 0.001374
3 0.001335
4 0.001301
5 0.001271
6 0.001239
7 0.001208
8 0.001179
9 0.001159
10 0.001145
11 0.001133
12 0.001117
13 0.001104
14 0.001094
15 0.001086
16 0.001077
17 0.001068
18 0.001058
19 0.001047
20 0.001036
21 0.001030
22 0.001029
23 0.001024
24 0.001019
25 0.001012
26 0.001008
27 0.001004
28 0.001003
29 0.000998
30 0.000988
31 0.000975
32 0.000963
33 0.000959
34 0.000955
35 0.000954
36 0.000955
37 0.000952
38 0.000952
39 0.000950
40 0.000944
41 0.000943
42 0.000943
43 0.000945
44 0.000943
45 0.000938
46 0.000933
47 0.000927
48 0.000924
49 0.000917
50 0.000912
51 0.000902
52 0.000891
53 0.000882
54 0.000868
55 0.000856
56 0.000845
57 0.000835
58 0.000827
59 0.000818
60 0.000810
61 0.000801
62 0.000793
63 0.000785
64 0.000779
65 0.000774
66 0.000771
67 0.000771
68 0.000772
69 0.000772
70 0.000774
71 0.000777
72 0.000782
73 0.000781
74 0.000776
75 0.000771
76 0.000765
77 0.000759
78 0.000752
79 0.000749
80 0.000746
81 0.000744
82 0.000739
83 0.000738
84 0.000733
85 0.000725
86 0.000720
87 0.000714
88 0.000710
89 0.000705
90 0.000700
91 0.000696
92 0.000692
93 0.000692
94 0.000692
95 0.000691
96 0.000690
97 0.000690
98 0.000695
99 0.000693
100 0.000690
101 0.000688
102 0.000693
103 0.000694
104 0.000692
105 0.000689
106 0.000688
107 0.000685
108 0.000681
109 0.000678
110 0.000674
111 0.000669
112 0.000668
113 0.000665
114 0.000658
115 0.000654
116 0.000656
117 0.000659
118 0.000659
119 0.000660
120 0.000663
121 0.000663
122 0.000665
123 0.000665
124 0.000663
125 0.000660
126 0.000656
127 0.000653
128 0.000650
129 0.000646
130 0.000640
131 0.000633
132 0.000629
133 0.000623
134 0.000615
135 0.000609
136 0.000603
137 0.000598
138 0.000594
139 0.000592
140 0.000589
141 0.000585
142 0.000580
143 0.000571
144 0.000565
145 0.000562
146 0.000559
147 0.000553
148 0.000550
149 0.000548
150 0.000549
151 0.000552
152 0.000556
153 0.000559
154 0.000561
155 0.000568
156 0.000571
157 0.000573
158 0.000569
159 0.000562
160 0.000560
161 0.000560
162 0.000559
163 0.000554
164 0.000547
165 0.000544
166 0.000543
167 0.000543
168 0.000545
169 0.000548
170 0.000551
171 0.000553
172 0.000552
173 0.000556
174 0.000557
175 0.000557
176 0.000554
177 0.000554
178 0.000554
179 0.000551
180 0.000549
181 0.000546
182 0.000543
183 0.000539
184 0.000536
185 0.000536
186 0.000538
187 0.000540
188 0.000544
189 0.000545
190 0.000545
191 0.000547
192 0.000549
193 0.000549
194 0.000542
195 0.000540
196 0.000538
197 0.000534
198 0.000528
199 0.000522
200 0.000520
201 0.000517
202 0.000513
203 0.000507
204 0.000505
205 0.000504
206 0.000506
207 0.000509
208 0.000509
209 0.000508
210 0.000506
211 0.000509
212 0.000508
213 0.000506
214 0.000506
215 0.000508
216 0.000512
217 0.000514
218 0.000514
219 0.000512
220 0.000508
221 0.000505
222 0.000504
223 0.000503
224 0.000504
225 0.000505
226 0.000508
227 0.000507
228 0.000507
229 0.000513
230 0.000522
231 0.000529
232 0.000533
233 0.000538
234 0.000543
235 0.000551
236 0.000559
237 0.000560
238 0.000556
239 0.000551
240 0.000546
241 0.000542
242 0.000532
243 0.000524
244 0.000523
245 0.000524
246 0.000527
247 0.000525
248 0.000523
249 0.000523
250 0.000525
251 0.000526
252 0.000527
253 0.000527
254 0.000530
255 0.000536
256 0.000541
257 0.000544
258 0.000548
259 0.000552
260 0.000555
261 0.000555
262 0.000554
263 0.000551
264 0.000550
265 0.000546
266 0.000539
267 0.000533
268 0.000533
269 0.000534
270 0.000530
271 0.000527
272 0.000524
273 0.000523
274 0.000525
275 0.000521
276 0.000517
277 0.000515
278 0.000512
279 0.000514
280 0.000513
281 0.000509
282 0.000505
283 0.000502
284 0.000498
285 0.000496
286 0.000493
287 0.000492
288 0.000488
289 0.000481
290 0.000482
291 0.000485
292 0.000489
293 0.000491
294 0.000492
295 0.000493
296 0.000496
297 0.000503
298 0.000507
299 0.000508
300 0.000504
301 0.000502
302 0.000503
303 0.000504
304 0.000504
305 0.000504
306 0.000506
307 0.000510
308 0.000515
309 0.000524
310 0.000528
311 0.000528
312 0.000530
313 0.000532
314 0.000529
315 0.000527
316 0.000522
317 0.000515
318 0.000510
319 0.000506
320 0.000500
321 0.000493
322 0.000486
323 0.000478
324 0.000474
325 0.000470
326 0.000465
327 0.000464
328 0.000462
329 0.000456
330 0.000450
331 0.000443
332 0.000436
333 0.000433
334 0.000432
335 0.000433
336 0.000434
337 0.000431
338 0.000428
339 0.000425
340 0.000423
341 0.000421
342 0.000420
343 0.000422
344 0.000421
345 0.000421
346 0.000419
347 0.000418
348 0.000422
349 0.000422
350 0.000423
351 0.000422
352 0.000421
353 0.000421
354 0.000419
355 0.000417
356 0.000416
357 0.000416
358 0.000417
359 0.000414
360 0.000409
361 0.000406
362 0.000407
363 0.000410
364 0.000414
365 0.000418
366 0.000418
367 0.000418
368 0.000417
369 0.000412
370 0.000408
371 0.000399
372 0.000392
373 0.000384
374 0.000373
375 0.000367
376 0.000362
377 0.000358
378 0.000354
379 0.000350
380 0.000349
381 0.000349
382 0.000346
383 0.000344
384 0.000344
385 0.000345
386 0.000349
387 0.000352
388 0.000348
389 0.000345
390 0.000343
391 0.000342
392 0.000346
393 0.000347
394 0.000347
395 0.000346
396 0.000343
397 0.000340
398 0.000340
399 0.000339
400 0.000336
401 0.000332
402 0.000327
403 0.000324
404 0.000324
405 0.000321
406 0.000323
407 0.000328
408 0.000333
409 0.000340
410 0.000342
411 0.000345
412 0.000348
413 0.000346
414 0.000346
415 0.000349
416 0.000350
417 0.000351
418 0.000350
419 0.000347
420 0.000345
421 0.000341
422 0.000338
423 0.000333
424 0.000326
425 0.000323
426 0.000323
427 0.000324
428 0.000324
429 0.000323
430 0.000321
431 0.000319
432 0.000320
433 0.000324
434 0.000327
435 0.000326
436 0.000326
437 0.000329
438 0.000330
439 0.000328
440 0.000323
441 0.000319
442 0.000317
443 0.000313
444 0.000307
445 0.000304
446 0.000302
447 0.000304
448 0.000309
449 0.000310
450 0.000310
451 0.000309
452 0.000313
453 0.000317
454 0.000317
455 0.000316
456 0.000315
457 0.000312
458 0.000307
459 0.000305
460 0.000306
461 0.000306
462 0.000304
463 0.000305
464 0.000309
465 0.000314
466 0.000321
467 0.000326
468 0.000329
469 0.000332
470 0.000338
471 0.000342
472 0.000344
473 0.000340
474 0.000336
475 0.000335
476 0.000334
477 0.000334
478 0.000336
479 0.000340
480 0.000344
481 0.000348
482 0.000353
483 0.000354
484 0.000355
485 0.000360
486 0.000365
487 0.000368
488 0.000375
489 0.000381
490 0.000391
491 0.000396
492 0.000401
493 0.000406
494 0.000408
495 0.000409
496 0.000411
497 0.000410
498 0.000406
499 0.000399
500 0.000392
501 0.000385
502 0.000378
503 0.000372
504 0.000369
505 0.000369
506 0.000372
507 0.000374
508 0.000375
509 0.000379
510 0.000384
511 0.000387
512 0.000384
513 0.000382
514 0.000384
515 0.000388
516 0.000392
517 0.000392
518 0.000395
519 0.000396
520 0.000398
521 0.000399
522 0.000398
523 0.000397
524 0.000396
525 0.000396
526 0.000394
527 0.000393
528 0.000394
529 0.000395
530 0.000396
531 0.000396
532 0.000400
533 0.000403
534 0.000402
535 0.000403
536 0.000403
537 0.000401
538 0.000401
539 0.000400
540 0.000400
541 0.000400
542 0.000397
543 0.000397
544 0.000397
545 0.000395
546 0.000392
547 0.000391
548 0.000387
549 0.000381
550 0.000377
551 0.000374
552 0.000371
553 0.000370
554 0.000373
555 0.000371
556 0.000371
557 0.000370
558 0.000371
559 0.000372
560 0.000371
561 0.000371
562 0.000370
563 0.000367
564 0.000365
565 0.000364
566 0.000358
567 0.000354
568 0.000349
569 0.000347
570 0.000343
571 0.000340
572 0.000336
573 0.000336
574 0.000335
575 0.000333
576 0.000333
577 0.000330
578 0.000329
579 0.000326
580 0.000324
581 0.000321
582 0.000321
583 0.000321
584 0.000323
585 0.000322
586 0.000323
587 0.000324
588 0.000326
589 0.000330
590 0.000330
591 0.000332
592 0.000330
593 0.000326
594 0.000321
595 0.000316
596 0.000313
597 0.000308
598 0.000305
599 0.000304
600 0.000303
601 0.000304
602 0.000307
603 0.000309
604 0.000313
605 0.000314
606 0.000313
607 0.000312
608 0.000311
609 0.000308
610 0.000302
611 0.000298
612 0.000297
613 0.000295
614 0.000293
615 0.000292
616 0.000292
617 0.000292
618 0.000292
619 0.000293
620 0.000293
621 0.000295
622 0.000298
623 0.000299
624 0.000300
625 0.000301
626 0.000302
627 0.000306
628 0.000308
629 0.000306
630 0.000305
631 0.000304
632 0.000299
633 0.000297
634 0.000295
635 0.000294
636 0.000292
637 0.000290
638 0.000290
639 0.000289
640 0.000284
641 0.000279
642 0.000274
643 0.000272
644 0.000268
645 0.000267
646 0.000266
647 0.000262
648 0.000263
649 0.000264
650 0.000265
651 0.000263
652 0.000263
653 0.000263
654 0.000263
655 0.000264
656 0.000265
657 0.000264
658 0.000263
659 0.000264
660 0.000265
661 0.000266
662 0.000263
663 0.000262
664 0.000262
665 0.000262
666 0.000264
667 0.000266
668 0.000264
669 0.000263
670 0.000262
671 0.000265
672 0.000270
673 0.000273
674 0.000276
675 0.000278
676 0.000279
677 0.000283
678 0.000286
679 0.000286
680 0.000283
681 0.000279
682 0.000276
683 0.000273
684 0.000272
685 0.000271
686 0.000269
687 0.000266
688 0.000262
689 0.000260
690 0.000252
691 0.000244
692 0.000236
693 0.000228
694 0.000222
695 0.000217
696 0.000212
697 0.000206
698 0.000205
699 0.000201
700 0.000199
701 0.000200
702 0.000203
703 0.000206
704 0.000207
705 0.000210
706 0.000212
707 0.000213
708 0.000214
709 0.000212
710 0.000211
711 0.000212
712 0.000211
713 0.000211
714 0.000212
715 0.000213
716 0.000216
717 0.000217
718 0.000220
719 0.000222
720 0.000225
721 0.000229
722 0.000232
723 0.000232
724 0.000235
725 0.000240
726 0.000243
727 0.000246
728 0.000249
729 0.000253
730 0.000254
731 0.000256
732 0.000255
733 0.000250
734 0.000246
735 0.000240
736 0.000233
737 0.000225
738 0.000213
739 0.000201
740 0.000193
741 0.000187
742 0.000183
743 0.000180
744 0.000179
745 0.000182
746 0.000187
747 0.000192
748 0.000197
749 0.000198
750 0.000200
751 0.000204
752 0.000209
753 0.000214
754 0.000218
755 0.000222
756 0.000225
757 0.000229
758 0.000232
759 0.000233
760 0.000232
761 0.000231
762 0.000232
763 0.000232
764 0.000230
765 0.000229
766 0.000225
767 0.000222
768 0.000217
769 0.000214
770 0.000210
771 0.000205
772 0.000200
773 0.000198
774 0.000194
775 0.000192
776 0.000192
777 0.000193
778 0.000193
779 0.000196
780 0.000199
781 0.000199
782 0.000198
783 0.000197
784 0.000195
785 0.000192
786 0.000186
787 0.000182
788 0.000178
789 0.000177
790 0.000179
791 0.000181
792 0.000182
793 0.000185
794 0.000187
795 0.000186
796 0.000185
797 0.000182
798 0.000182
799 0.000180
800 0.000179
801 0.000180
802 0.000179
803 0.000179
804 0.000181
805 0.000184
806 0.000188
807 0.000190
808 0.000191
809 0.000192
