# i correlation
1 0.001877
2 0.001831
3 0.001792
4 0.001761
5 0.001729
6 0.001705
7 0.001681
8 0.001663
9 0.001648
10 0.001640
11 0.001628
12 0.001621
13 0.001615
14 0.001611
15 0.001604
16 0.001601
17 0.001600
18 0.001595
19 0.001585
20 0.001576
21 0.001570
22 0.001559
23 0.001548
24 0.001534
25 0.001524
26 0.001517
27 0.001507
28 0.001493
29 0.001481
30 0.001471
31 0.001464
32 0.001455
33 0.001450
34 0.001449
35 0.001450
36 0.001448
37 0.001445
38 0.001441
39 0.001437
40 0.001429
41 0.001425
42 0.001416
43 0.001412
44 0.001407
45 0.001398
46 0.001384
47 0.001373
48 0.001360
49 0.001346
50 0.001333
51 0.001324
52 0.001317
53 0.001310
54 0.001304
55 0.001298
56 0.001291
57 0.001286
58 0.001282
59 0.001278
60 0.001273
61 0.001273
62 0.001275
63 0.001272
64 0.001269
65 0.001265
66 0.001261
67 0.001256
68 0.001251
69 0.001241
70 0.001231
71 0.001221
72 0.001212
73 0.001200
74 0.001193
75 0.001187
76 0.001187
77 0.001187
78 0.001188
79 0.001190
80 0.001194
81 0.001199
82 0.001202
83 0.001203
84 0.001207
85 0.001211
86 0.001212
87 0.001214
88 0.001209
89 0.001200
90 0.001188
91 0.001176
92 0.001164
93 0.001160
94 0.001157
95 0.001151
96 0.001141
97 0.001130
98 0.001126
99 0.001124
100 0.001122
101 0.001119
102 0.001115
103 0.001111
104 0.001107
105 0.001104
106 0.001098
107 0.001088
108 0.001081
109 0.001075
110 0.001069
111 0.001062
112 0.001060
113 0.001058
114 0.001056
115 0.001056
116 0.001054
117 0.001052
118 0.001050
119 0.001050
120 0.001048
121 0.001047
122 0.001048
123 0.001047
124 0.001047
125 0.001041
126 0.001035
127 0.001031
128 0.001029
129 0.001027
130 0.001024
131 0.001022
132 0.001021
133 0.001016
134 0.001014
135 0.001013
136 0.001011
137 0.001005
138 0.001003
139 0.000997
140 0.000992
141 0.000989
142 0.000986
143 0.000980
144 0.000976
145 0.000971
146 0.000967
147 0.000965
148 0.000964
149 0.000963
150 0.000960
151 0.000954
152 0.000949
153 0.000948
154 0.000945
155 0.000947
156 0.000950
157 0.000955
158 0.000956
159 0.000954
160 0.000948
161 0.000945
162 0.000939
163 0.000935
164 0.000933
165 0.000937
166 0.000938
167 0.000946
168 0.000950
169 0.000952
170 0.000953
171 0.000954
172 0.000951
173 0.000946
174 0.000941
175 0.000940
176 0.000940
177 0.000933
178 0.000925
179 0.000920
180 0.000917
181 0.000909
182 0.000907
183 0.000906
184 0.000900
185 0.000895
186 0.000894
187 0.000889
188 0.000885
189 0.000879
190 0.000873
191 0.000868
192 0.000866
193 0.000861
194 0.000856
195 0.000848
196 0.000840
197 0.000829
198 0.000821
199 0.000815
200 0.000811
201 0.000806
202 0.000803
203 0.000802
204 0.000801
205 0.000802
206 0.000805
207 0.000804
208 0.000802
209 0.000799
210 0.000800
211 0.000801
212 0.000800
213 0.000800
214 0.000802
215 0.000804
216 0.000802
217 0.000801
218 0.000799
219 0.000794
220 0.000791
221 0.000789
222 0.000785
223 0.000784
224 0.000784
225 0.000787
226 0.000786
227 0.000788
228 0.000788
229 0.000792
230 0.000792
231 0.000792
232 0.000789
233 0.000784
234 0.000778
235 0.000773
236 0.000769
237 0.000766
238 0.000763
239 0.000759
240 0.000752
241 0.000749
242 0.000747
243 0.000745
244 0.000744
245 0.000743
246 0.000743
247 0.000746
248 0.000749
249 0.000750
250 0.000755
251 0.000764
252 0.000772
253 0.000776
254 0.000778
255 0.000777
256 0.000777
257 0.000775
258 0.000771
259 0.000766
260 0.000764
261 0.000761
262 0.000761
263 0.000761
264 0.000764
265 0.000765
266 0.000768
267 0.000769
268 0.000772
269 0.000774
270 0.000779
271 0.000778
272 0.000780
273 0.000783
274 0.000784
275 0.000779
276 0.000774
277 0.000767
278 0.000758
279 0.000749
280 0.000743
281 0.000738
282 0.000735
283 0.000733
284 0.000732
285 0.000730
286 0.000729
287 0.000729
288 0.000728
289 0.000727
290 0.000730
291 0.000731
292 0.000732
293 0.000732
294 0.000729
295 0.000725
296 0.000723
297 0.000716
298 0.000709
299 0.000704
300 0.000699
301 0.000694
302 0.000688
303 0.000685
304 0.000681
305 0.000678
306 0.000674
307 0.000672
308 0.000669
309 0.000664
310 0.000659
311 0.000660
312 0.000656
313 0.000652
314 0.000649
315 0.000646
316 0.000644
317 0.000646
318 0.000644
319 0.000643
320 0.000641
321 0.000638
322 0.000633
323 0.000627
324 0.000624
325 0.000622
326 0.000618
327 0.000614
328 0.000614
329 0.000614
330 0.000614
331 0.000614
332 0.000614
333 0.000613
334 0.000612
335 0.000614
336 0.000611
337 0.000612
338 0.000615
339 0.000618
340 0.000618
341 0.000619
342 0.000619
343 0.000617
344 0.000613
345 0.000609
346 0.000602
347 0.000601
348 0.000600
349 0.000600
350 0.000599
351 0.000603
352 0.000602
353 0.000600
354 0.000596
355 0.000593
356 0.000589
357 0.000580
358 0.000572
359 0.000567
360 0.000564
361 0.000561
362 0.000559
363 0.000554
364 0.000549
365 0.000544
366 0.000539
367 0.000533
368 0.000530
369 0.000529
370 0.000534
371 0.000536
372 0.000539
373 0.000541
374 0.000544
375 0.000548
376 0.000551
377 0.000553
378 0.000555
379 0.000555
380 0.000553
381 0.000548
382 0.000545
383 0.000543
384 0.000539
385 0.000533
386 0.000530
387 0.000526
388 0.000524
389 0.000523
390 0.000523
391 0.000524
392 0.000526
393 0.000526
394 0.000525
395 0.000525
396 0.000527
397 0.000527
398 0.000522
399 0.000516
400 0.000511
401 0.000507
402 0.000502
403 0.000501
404 0.000500
405 0.000502
406 0.000507
407 0.000510
408 0.000513
409 0.000519
410 0.000520
411 0.000521
412 0.000521
413 0.000522
414 0.000521
415 0.000519
416 0.000516
417 0.000513
418 0.000511
419 0.000511
420 0.000510
421 0.000512
422 0.000511
423 0.000511
424 0.000511
425 0.000511
426 0.000513
427 0.000514
428 0.000514
429 0.000510
430 0.000509
431 0.000510
432 0.000512
433 0.000511
434 0.000511
435 0.000514
436 0.000516
437 0.000516
438 0.000519
439 0.000522
440 0.000526
441 0.000530
442 0.000535
443 0.000537
444 0.000536
445 0.000530
446 0.000524
447 0.000516
448 0.000508
449 0.000504
450 0.000498
451 0.000489
452 0.000487
453 0.000485
454 0.000483
455 0.000481
456 0.000482
457 0.000486
458 0.000489
459 0.000493
460 0.000496
461 0.000500
462 0.000500
463 0.000500
464 0.000500
465 0.000499
466 0.000495
467 0.000494
468 0.000491
469 0.000490
470 0.000490
471 0.000487
472 0.000482
473 0.000476
474 0.000473
475 0.000474
476 0.000478
477 0.000480
478 0.000481
479 0.000486
480 0.000487
481 0.000487
482 0.000487
483 0.000490
484 0.000488
485 0.000483
486 0.000476
487 0.000471
488 0.000464
489 0.000458
490 0.000451
491 0.000446
492 0.000440
493 0.000437
494 0.000436
495 0.000438
496 0.000443
497 0.000452
498 0.000458
499 0.000463
500 0.000469
501 0.000473
502 0.000475
503 0.000473
504 0.000474
505 0.000476
506 0.000478
507 0.000479
508 0.000481
509 0.000481
510 0.000480
511 0.000481
512 0.000481
513 0.000482
514 0.000484
515 0.000486
516 0.000485
517 0.000486
518 0.000485
519 0.000486
520 0.000489
521 0.000496
522 0.000498
523 0.000500
524 0.000500
525 0.000497
526 0.000495
527 0.000497
528 0.000498
529 0.000495
530 0.000489
531 0.000485
532 0.000475
533 0.000465
534 0.000455
535 0.000448
536 0.000441
537 0.000439
538 0.000435
539 0.000434
540 0.000433
541 0.000431
542 0.000430
543 0.000427
544 0.000429
545 0.000432
546 0.000435
547 0.000434
548 0.000432
549 0.000426
550 0.000423
551 0.000418
552 0.000414
553 0.000410
554 0.000409
555 0.000408
556 0.000408
557 0.000406
558 0.000406
559 0.000407
560 0.000406
561 0.000400
562 0.000400
563 0.000400
564 0.000402
565 0.000402
566 0.000402
567 0.000399
568 0.000396
569 0.000390
570 0.000385
571 0.000378
572 0.000371
573 0.000362
574 0.000353
575 0.000344
576 0.000338
577 0.000332
578 0.000325
579 0.000322
580 0.000319
581 0.000321
582 0.000325
583 0.000329
584 0.000332
585 0.000334
586 0.000331
587 0.000325
588 0.000318
589 0.000315
590 0.000311
591 0.000309
592 0.000309
593 0.000313
594 0.000314
595 0.000317
596 0.000317
597 0.000318
598 0.000318
599 0.000321
600 0.000324
601 0.000328
602 0.000330
603 0.000331
604 0.000328
605 0.000325
606 0.000322
607 0.000325
608 0.000325
609 0.000325
610 0.000325
611 0.000329
612 0.000327
613 0.000324
614 0.000321
615 0.000317
616 0.000313
617 0.000311
618 0.000310
619 0.000308
620 0.000307
621 0.000306
622 0.000306
623 0.000303
624 0.000303
625 0.000302
626 0.000301
627 0.000300
628 0.000298
629 0.000297
630 0.000295
631 0.000292
632 0.000291
633 0.000290
634 0.000290
635 0.000290
636 0.000292
637 0.000291
638 0.000290
639 0.000289
640 0.000290
641 0.000289
642 0.000288
643 0.000287
644 0.000289
645 0.000294
646 0.000300
647 0.000302
648 0.000301
649 0.000296
650 0.000296
651 0.000294
652 0.000297
653 0.000295
654 0.000292
655 0.000290
656 0.000288
657 0.000289
658 0.000288
659 0.000288
660 0.000288
661 0.000288
662 0.000289
663 0.000293
664 0.000296
665 0.000299
666 0.000300
667 0.000301
668 0.000300
669 0.000299
670 0.000299
671 0.000298
672 0.000295
673 0.000295
674 0.000294
675 0.000293
676 0.000290
677 0.000290
678 0.000293
679 0.000298
680 0.000303
681 0.000305
682 0.000308
683 0.000313
684 0.000315
685 0.000316
686 0.000318
687 0.000321
688 0.000328
689 0.000330
690 0.000331
691 0.000331
692 0.000332
693 0.000332
694 0.000335
695 0.000337
696 0.000341
697 0.000341
698 0.000342
699 0.000340
700 0.000340
701 0.000341
702 0.000339
703 0.000336
704 0.000335
705 0.000334
706 0.000333
707 0.000332
708 0.000330
709 0.000330
710 0.000327
711 0.000326
712 0.000328
713 0.000328
714 0.000331
715 0.000334
716 0.000335
717 0.000333
718 0.000328
719 0.000322
720 0.000317
721 0.000311
722 0.000309
723 0.000307
724 0.000301
725 0.000297
726 0.000296
727 0.000298
728 0.000297
729 0.000298
730 0.000296
731 0.000295
732 0.000295
733 0.000295
734 0.000294
735 0.000293
736 0.000291
737 0.000286
738 0.000280
739 0.000277
740 0.000274
741 0.000271
742 0.000267
743 0.000261
744 0.000254
745 0.000248
746 0.000244
747 0.000238
748 0.000233
749 0.000227
750 0.000225
751 0.000223
752 0.000223
753 0.000224
754 0.000226
755 0.000226
756 0.000225
757 0.000223
758 0.000221
759 0.000217
760 0.000216
761 0.000213
762 0.000207
763 0.000200
764 0.000193
765 0.000185
766 0.000178
767 0.000173
768 0.000172
769 0.000170
770 0.000169
771 0.000167
772 0.000164
773 0.000165
774 0.000167
775 0.000169
776 0.000169
777 0.000170
778 0.000172
779 0.000174
780 0.000175
781 0.000177
782 0.000181
783 0.000184
784 0.000185
785 0.000182
786 0.000180
787 0.000181
788 0.000182
789 0.000184
790 0.000184
791 0.000184
792 0.000183
793 0.000185
794 0.000186
795 0.000186
796 0.000185
797 0.000184
798 0.000182
799 0.000181
800 0.000180
801 0.000178
802 0.000175
803 0.000174
804 0.000172
805 0.000168
806 0.000161
807 0.000156
808 0.000150
809 0.000144
