# i correlation
1 0.001565
2 0.001528
3 0.001496
4 0.001466
5 0.001441
6 0.001418
7 0.001401
8 0.001385
9 0.001372
10 0.001355
11 0.001339
12 0.001326
13 0.001314
14 0.001298
15 0.001283
16 0.001266
17 0.001253
18 0.001243
19 0.001227
20 0.001218
21 0.001210
22 0.001202
23 0.001195
24 0.001190
25 0.001185
26 0.001178
27 0.001168
28 0.001164
29 0.001158
30 0.001146
31 0.001139
32 0.001135
33 0.001128
34 0.001126
35 0.001122
36 0.001118
37 0.001110
38 0.001100
39 0.001095
40 0.001089
41 0.001082
42 0.001075
43 0.001071
44 0.001065
45 0.001061
46 0.001056
47 0.001047
48 0.001040
49 0.001034
50 0.001025
51 0.001017
52 0.001017
53 0.001014
54 0.001012
55 0.001009
56 0.001006
57 0.001008
58 0.001010
59 0.001012
60 0.001019
61 0.001022
62 0.001019
63 0.001012
64 0.001012
65 0.001010
66 0.001006
67 0.001005
68 0.001003
69 0.001001
70 0.000999
71 0.001001
72 0.001000
73 0.001002
74 0.001000
75 0.000999
76 0.000996
77 0.000992
78 0.000987
79 0.000982
80 0.000978
81 0.000974
82 0.000972
83 0.000967
84 0.000965
85 0.000965
86 0.000965
87 0.000964
88 0.000964
89 0.000966
90 0.000963
91 0.000955
92 0.000947
93 0.000942
94 0.000935
95 0.000929
96 0.000922
97 0.000915
98 0.000908
99 0.000902
100 0.000896
101 0.000890
102 0.000882
103 0.000873
104 0.000865
105 0.000860
106 0.000853
107 0.000846
108 0.000838
109 0.000835
110 0.000834
111 0.000828
112 0.000825
113 0.000825
114 0.000826
115 0.000823
116 0.000822
117 0.000821
118 0.000818
119 0.000816
120 0.000811
121 0.000808
122 0.000801
123 0.000792
124 0.000785
125 0.000780
126 0.000772
127 0.000766
128 0.000766
129 0.000765
130 0.000764
131 0.000763
132 0.000763
133 0.000760
134 0.000756
135 0.000753
136 0.000749
137 0.000743
138 0.000738
139 0.000728
140 0.000715
141 0.000708
142 0.000704
143 0.000700
144 0.000695
145 0.000691
146 0.000689
147 0.000686
148 0.000681
149 0.000677
150 0.000680
151 0.000680
152 0.000678
153 0.000683
154 0.000683
155 0.000687
156 0.000688
157 0.000689
158 0.000687
159 0.000689
160 0.000691
161 0.000691
162 0.000695
163 0.000695
164 0.000699
165 0.000700
166 0.000700
167 0.000702
168 0.000698
169 0.000691
170 0.000689
171 0.000691
172 0.000689
173 0.000690
174 0.000691
175 0.000691
176 0.000690
177 0.000690
178 0.000687
179 0.000680
180 0.000669
181 0.000660
182 0.000654
183 0.000645
184 0.000638
185 0.000635
186 0.000630
187 0.000626
188 0.000627
189 0.000628
190 0.000632
191 0.000633
192 0.000634
193 0.000636
194 0.000637
195 0.000639
196 0.000643
197 0.000642
198 0.000640
199 0.000640
200 0.000636
201 0.000630
202 0.000627
203 0.000624
204 0.000618
205 0.000613
206 0.000609
207 0.000603
208 0.000600
209 0.000595
210 0.000593
211 0.000586
212 0.000579
213 0.000567
214 0.000557
215 0.000547
216 0.000538
217 0.000534
218 0.000533
219 0.000532
220 0.000531
221 0.000529
222 0.000529
223 0.000526
224 0.000522
225 0.000519
226 0.000515
227 0.000513
228 0.000507
229 0.000500
230 0.000497
231 0.000498
232 0.000504
233 0.000509
234 0.000514
235 0.000521
236 0.000524
237 0.000527
238 0.000531
239 0.000530
240 0.000527
241 0.000521
242 0.000517
243 0.000514
244 0.000513
245 0.000514
246 0.000515
247 0.000513
248 0.000512
249 0.000509
250 0.000508
251 0.000510
252 0.000509
253 0.000507
254 0.000506
255 0.000507
256 0.000508
257 0.000507
258 0.000509
259 0.000507
260 0.000509
261 0.000504
262 0.000499
263 0.000494
264 0.000492
265 0.000487
266 0.000486
267 0.000490
268 0.000488
269 0.000488
270 0.000482
271 0.000479
272 0.000478
273 0.000473
274 0.000469
275 0.000465
276 0.000465
277 0.000464
278 0.000462
279 0.000460
280 0.000460
281 0.000461
282 0.000459
283 0.000455
284 0.000454
285 0.000453
286 0.000450
287 0.000449
288 0.000443
289 0.000438
290 0.000432
291 0.000428
292 0.000426
293 0.000423
294 0.000422
295 0.000419
296 0.000416
297 0.000412
298 0.000410
299 0.000409
300 0.000405
301 0.000400
302 0.000393
303 0.000386
304 0.000381
305 0.000377
306 0.000375
307 0.000374
308 0.000375
309 0.000376
310 0.000378
311 0.000383
312 0.000386
313 0.000387
314 0.000382
315 0.000379
316 0.000375
317 0.000370
318 0.000365
319 0.000362
320 0.000363
321 0.000367
322 0.000367
323 0.000366
324 0.000367
325 0.000366
326 0.000368
327 0.000372
328 0.000378
329 0.000380
330 0.000383
331 0.000388
332 0.000391
333 0.000395
334 0.000395
335 0.000395
336 0.000397
337 0.000397
338 0.000397
339 0.000395
340 0.000395
341 0.000396
342 0.000393
343 0.000390
344 0.000387
345 0.000384
346 0.000383
347 0.000381
348 0.000381
349 0.000382
350 0.000379
351 0.000378
352 0.000378
353 0.000379
354 0.000380
355 0.000382
356 0.000390
357 0.000391
358 0.000391
359 0.000389
360 0.000387
361 0.000386
362 0.000386
363 0.000386
364 0.000388
365 0.000392
366 0.000397
367 0.000400
368 0.000403
369 0.000403
370 0.000405
371 0.000405
372 0.000404
373 0.000404
374 0.000403
375 0.000402
376 0.000402
377 0.000404
378 0.000403
379 0.000401
380 0.000396
381 0.000392
382 0.000389
383 0.000383
384 0.000381
385 0.000379
386 0.000377
387 0.000373
388 0.000372
389 0.000371
390 0.000370
391 0.000371
392 0.000373
393 0.000373
394 0.000376
395 0.000378
396 0.000378
397 0.000383
398 0.000383
399 0.000382
400 0.000380
401 0.000379
402 0.000376
403 0.000371
404 0.000364
405 0.000359
406 0.000357
407 0.000353
408 0.000348
409 0.000346
410 0.000344
411 0.000342
412 0.000339
413 0.000340
414 0.000339
415 0.000339
416 0.000340
417 0.000340
418 0.000337
419 0.000331
420 0.000328
421 0.000323
422 0.000322
423 0.000322
424 0.000320
425 0.000318
426 0.000317
427 0.000318
428 0.000320
429 0.000323
430 0.000327
431 0.000335
432 0.000338
433 0.000342
434 0.000345
435 0.000348
436 0.000349
437 0.000352
438 0.000353
439 0.000350
440 0.000350
441 0.000349
442 0.000349
443 0.000353
444 0.000355
445 0.000356
446 0.000361
447 0.000360
448 0.000358
449 0.000357
450 0.000355
451 0.000351
452 0.000350
453 0.000348
454 0.000344
455 0.000344
456 0.000339
457 0.000338
458 0.000337
459 0.000336
460 0.000332
461 0.000330
462 0.000327
463 0.000326
464 0.000323
465 0.000321
466 0.000321
467 0.000320
468 0.000319
469 0.000317
470 0.000317
471 0.000318
472 0.000320
473 0.000319
474 0.000320
475 0.000323
476 0.000326
477 0.000327
478 0.000328
479 0.000331
480 0.000333
481 0.000334
482 0.000336
483 0.000339
484 0.000342
485 0.000341
486 0.000339
487 0.000339
488 0.000339
489 0.000341
490 0.000340
491 0.000341
492 0.000340
493 0.000337
494 0.000334
495 0.000331
496 0.000329
497 0.000324
498 0.000321
499 0.000318
500 0.000315
501 0.000311
502 0.000307
503 0.000304
504 0.000306
505 0.000307
506 0.000309
507 0.000313
508 0.000317
509 0.000316
510 0.000313
511 0.000311
512 0.000308
513 0.000310
514 0.000309
515 0.000307
516 0.000306
517 0.000306
518 0.000305
519 0.000305
520 0.000305
521 0.000306
522 0.000308
523 0.000309
524 0.000306
525 0.000302
526 0.000302
527 0.000306
528 0.000308
529 0.000312
530 0.000316
531 0.000321
532 0.000328
533 0.000331
534 0.000333
535 0.000333
536 0.000333
537 0.000329
538 0.000323
539 0.000318
540 0.000313
541 0.000312
542 0.000308
543 0.000306
544 0.000306
545 0.000308
546 0.000307
547 0.000302
548 0.000302
549 0.000301
550 0.000301
551 0.000299
552 0.000298
553 0.000297
554 0.000293
555 0.000291
556 0.000292
557 0.000291
558 0.000292
559 0.000293
560 0.000294
561 0.000293
562 0.000292
563 0.000290
564 0.000287
565 0.000286
566 0.000290
567 0.000294
568 0.000300
569 0.000307
570 0.000312
571 0.000317
572 0.000318
573 0.000318
574 0.000318
575 0.000319
576 0.000319
577 0.000316
578 0.000314
579 0.000309
580 0.000307
581 0.000306
582 0.000303
583 0.000299
584 0.000296
585 0.000290
586 0.000286
587 0.000283
588 0.000284
589 0.000285
590 0.000286
591 0.000287
592 0.000287
593 0.000291
594 0.000295
595 0.000299
596 0.000303
597 0.000304
598 0.000307
599 0.000308
600 0.000308
601 0.000309
602 0.000309
603 0.000309
604 0.000310
605 0.000315
606 0.000313
607 0.000314
608 0.000316
609 0.000314
610 0.000310
611 0.000306
612 0.000305
613 0.000305
614 0.000304
615 0.000302
616 0.000300
617 0.000301
618 0.000298
619 0.000295
620 0.000292
621 0.000290
622 0.000288
623 0.000286
624 0.000282
625 0.000280
626 0.000278
627 0.000274
628 0.000271
629 0.000266
630 0.000262
631 0.000255
632 0.000250
633 0.000246
634 0.000245
635 0.000244
636 0.000242
637 0.000241
638 0.000236
639 0.000232
640 0.000229
641 0.000226
642 0.000225
643 0.000225
644 0.000223
645 0.000221
646 0.000220
647 0.000218
648 0.000217
649 0.000216
650 0.000215
651 0.000216
652 0.000214
653 0.000212
654 0.000209
655 0.000207
656 0.000204
657 0.000199
658 0.000195
659 0.000189
660 0.000187
661 0.000184
662 0.000182
663 0.000180
664 0.000179
665 0.000178
666 0.000179
667 0.000177
668 0.000175
669 0.000175
670 0.000175
671 0.000174
672 0.000173
673 0.000173
674 0.000172
675 0.000170
676 0.000169
677 0.000170
678 0.000169
679 0.000167
680 0.000166
681 0.000163
682 0.000161
683 0.000162
684 0.000163
685 0.000164
686 0.000165
687 0.000166
688 0.000167
689 0.000169
690 0.000169
691 0.000170
692 0.000170
693 0.000168
694 0.000168
695 0.000170
696 0.000169
697 0.000169
698 0.000172
699 0.000171
700 0.000167
701 0.000165
702 0.000164
703 0.000161
704 0.000159
705 0.000157
706 0.000154
707 0.000153
708 0.000151
709 0.000150
710 0.000149
711 0.000144
712 0.000142
713 0.000141
714 0.000137
715 0.000132
716 0.000127
717 0.000124
718 0.000121
719 0.000118
720 0.000113
721 0.000108
722 0.000105
723 0.000103
724 0.000102
725 0.000101
726 0.000101
727 0.000101
728 0.000099
729 0.000097
730 0.000096
731 0.000095
732 0.000093
733 0.000091
734 0.000089
735 0.000088
736 0.000085
737 0.000082
738 0.000080
739 0.000077
740 0.000075
741 0.000074
742 0.000074
743 0.000075
744 0.000078
745 0.000078
746 0.000078
747 0.000076
748 0.000075
749 0.000073
750 0.000068
751 0.000066
752 0.000064
753 0.000062
754 0.000062
755 0.000062
756 0.000063
757 0.000061
758 0.000062
759 0.000064
760 0.000066
761 0.000067
762 0.000070
763 0.000072
764 0.000075
765 0.000080
766 0.000084
767 0.000088
768 0.000092
769 0.000095
770 0.000098
771 0.000100
772 0.000102
773 0.000104
774 0.000106
775 0.000106
776 0.000105
777 0.000104
778 0.000104
779 0.000104
780 0.000105
781 0.000104
782 0.000103
783 0.000105
784 0.000106
785 0.000104
786 0.000101
787 0.000099
788 0.000097
789 0.000096
790 0.000096
791 0.000097
792 0.000097
793 0.000098
794 0.000099
795 0.000098
796 0.000096
797 0.000093
798 0.000088
799 0.000083
800 0.000077
801 0.000074
802 0.000071
803 0.000068
804 0.000067
805 0.000062
806 0.000057
807 0.000053
808 0.000052
809 0.000049
