# time covered_sites
0.010000 30910.000000
0.020000 57858.000000
0.030000 81434.000000
0.040000 101982.000000
0.050000 119900.000000
0.060000 134976.000000
0.070000 148654.000000
0.080000 160368.000000
0.090000 170724.000000
0.100000 179458.000000
0.110000 186804.000000
0.120000 193430.000000
0.130000 198890.000000
0.140000 203688.000000
0.150000 207538.000000
0.160000 210996.000000
0.170000 214416.000000
0.180000 217356.000000
0.190000 219876.000000
0.200000 222422.000000
0.210000 224394.000000
0.220000 226162.000000
0.230000 227958.000000
0.240000 228980.000000
0.250000 230248.000000
0.260000 231174.000000
0.270000 231846.000000
0.280000 232556.000000
0.290000 233128.000000
0.300000 233914.000000
0.310000 234712.000000
0.320000 235536.000000
0.330000 236078.000000
0.340000 236922.000000
0.350000 237414.000000
0.360000 237804.000000
0.370000 238196.000000
0.380000 238644.000000
0.390000 239128.000000
0.400000 239500.000000
0.410000 240632.000000
0.420000 241040.000000
0.430000 241296.000000
0.440000 241000.000000
0.450000 241080.000000
0.460000 241458.000000
0.470000 241370.000000
0.480000 241654.000000
0.490000 242072.000000
0.500000 242292.000000
0.510000 242266.000000
0.520000 242068.000000
0.530000 241990.000000
0.540000 242088.000000
0.550000 242754.000000
0.560000 243288.000000
0.570000 243716.000000
0.580000 244008.000000
0.590000 244240.000000
0.600000 244118.000000
0.610000 244104.000000
0.620000 244298.000000
0.630000 244210.000000
0.640000 244830.000000
0.650000 244418.000000
0.660000 244564.000000
0.670000 244652.000000
0.680000 244784.000000
0.690000 244576.000000
0.700000 245030.000000
0.710000 245020.000000
0.720000 245442.000000
0.730000 245626.000000
0.740000 245894.000000
0.750000 245772.000000
0.760000 246066.000000
0.770000 245868.000000
0.780000 245872.000000
0.790000 246002.000000
0.800000 246056.000000
0.810000 245990.000000
0.820000 245606.000000
0.830000 245560.000000
0.840000 246000.000000
0.850000 246170.000000
0.860000 246238.000000
0.870000 246102.000000
0.880000 246092.000000
0.890000 246550.000000
0.900000 246482.000000
0.910000 246676.000000
0.920000 246542.000000
0.930000 246638.000000
0.940000 246754.000000
0.950000 246698.000000
0.960000 246892.000000
0.970000 246940.000000
0.980000 246792.000000
0.990000 246674.000000
1.000000 246648.000000
1.010000 246740.000000
1.020000 246408.000000
1.030000 246560.000000
1.040000 246432.000000
1.050000 246182.000000
1.060000 246036.000000
1.070000 246228.000000
1.080000 246468.000000
1.090000 246706.000000
1.100000 247246.000000
1.110000 247402.000000
1.120000 247126.000000
1.130000 246832.000000
1.140000 247112.000000
1.150000 247406.000000
1.160000 247320.000000
1.170000 247310.000000
1.180000 247706.000000
1.190000 247584.000000
1.200000 247832.000000
1.210000 248060.000000
1.220000 247796.000000
1.230000 247940.000000
1.240000 247872.000000
1.250000 247852.000000
1.260000 247824.000000
1.270000 247952.000000
1.280000 247454.000000
1.290000 247748.000000
1.300000 247912.000000
1.310000 247814.000000
1.320000 247838.000000
1.330000 248016.000000
1.340000 248184.000000
1.350000 248082.000000
1.360000 247960.000000
1.370000 247996.000000
1.380000 247832.000000
1.390000 247532.000000
1.400000 247618.000000
1.410000 247764.000000
1.420000 247576.000000
1.430000 247882.000000
1.440000 248154.000000
1.450000 248366.000000
1.460000 248678.000000
1.470000 248666.000000
1.480000 248734.000000
1.490000 248294.000000
1.500000 248088.000000
1.510000 247796.000000
1.520000 247942.000000
1.530000 248012.000000
1.540000 248166.000000
1.550000 248698.000000
1.560000 249200.000000
1.570000 249006.000000
1.580000 248968.000000
1.590000 249066.000000
1.600000 249170.000000
1.610000 249034.000000
1.620000 248770.000000
1.630000 248736.000000
1.640000 248484.000000
1.650000 248566.000000
1.660000 248692.000000
1.670000 248652.000000
1.680000 248886.000000
1.690000 248686.000000
1.700000 248340.000000
1.710000 248472.000000
1.720000 248040.000000
1.730000 248188.000000
1.740000 248464.000000
1.750000 248376.000000
1.760000 248340.000000
1.770000 248494.000000
1.780000 248570.000000
1.790000 248538.000000
1.800000 248914.000000
1.810000 248914.000000
1.820000 248848.000000
1.830000 248572.000000
1.840000 248640.000000
1.850000 248364.000000
1.860000 248848.000000
1.870000 248522.000000
1.880000 248376.000000
1.890000 248386.000000
1.900000 248250.000000
1.910000 248230.000000
1.920000 248512.000000
1.930000 248422.000000
1.940000 248916.000000
1.950000 248728.000000
1.960000 249090.000000
1.970000 248846.000000
1.980000 249192.000000
1.990000 249216.000000
2.000000 249490.000000
2.010000 249356.000000
2.020000 248898.000000
2.030000 248886.000000
2.040000 248790.000000
2.050000 249128.000000
2.060000 248968.000000
2.070000 248988.000000
2.080000 249124.000000
2.090000 249444.000000
2.100000 249512.000000
2.110000 249576.000000
2.120000 249582.000000
2.130000 249244.000000
2.140000 249210.000000
2.150000 249192.000000
2.160000 248912.000000
2.170000 248900.000000
2.180000 249030.000000
2.190000 248668.000000
2.200000 248788.000000
2.210000 248674.000000
2.220000 248832.000000
2.230000 248714.000000
2.240000 248524.000000
2.250000 248792.000000
2.260000 249004.000000
2.270000 249036.000000
2.280000 248556.000000
2.290000 248374.000000
2.300000 248684.000000
2.310000 248460.000000
2.320000 249186.000000
2.330000 248696.000000
2.340000 248476.000000
2.350000 248766.000000
2.360000 248742.000000
2.370000 248938.000000
2.380000 249178.000000
2.390000 249536.000000
2.400000 249208.000000
2.410000 248890.000000
2.420000 248544.000000
2.430000 248668.000000
2.440000 248808.000000
2.450000 248818.000000
2.460000 248690.000000
2.470000 248836.000000
2.480000 249486.000000
2.490000 248928.000000
2.500000 248990.000000
2.510000 249008.000000
2.520000 248622.000000
2.530000 248914.000000
2.540000 249050.000000
2.550000 248474.000000
2.560000 248320.000000
2.570000 248322.000000
2.580000 248730.000000
2.590000 248880.000000
2.600000 248764.000000
2.610000 248466.000000
2.620000 248014.000000
2.630000 248042.000000
2.640000 247784.000000
2.650000 247684.000000
2.660000 247772.000000
2.670000 248244.000000
2.680000 248206.000000
2.690000 248754.000000
2.700000 248658.000000
2.710000 248748.000000
2.720000 248592.000000
2.730000 248386.000000
2.740000 248368.000000
2.750000 248480.000000
2.760000 248468.000000
2.770000 248246.000000
2.780000 248384.000000
2.790000 248290.000000
2.800000 248426.000000
2.810000 248658.000000
2.820000 248474.000000
2.830000 248582.000000
2.840000 248906.000000
2.850000 248648.000000
2.860000 248610.000000
2.870000 249260.000000
2.880000 248758.000000
2.890000 248830.000000
2.900000 248784.000000
2.910000 249136.000000
2.920000 249434.000000
2.930000 249762.000000
2.940000 249700.000000
2.950000 249720.000000
2.960000 249414.000000
2.970000 249500.000000
2.980000 249142.000000
2.990000 249532.000000
3.000000 249500.000000
3.010000 249970.000000
3.020000 249796.000000
3.030000 249412.000000
3.040000 249180.000000
3.050000 249316.000000
3.060000 249340.000000
3.070000 248874.000000
3.080000 249190.000000
3.090000 249510.000000
3.100000 249280.000000
3.110000 249434.000000
3.120000 249894.000000
3.130000 249942.000000
3.140000 249824.000000
3.150000 249678.000000
3.160000 249592.000000
3.170000 249432.000000
3.180000 249476.000000
3.190000 249218.000000
3.200000 249244.000000
3.210000 249316.000000
3.220000 249232.000000
3.230000 248916.000000
3.240000 248600.000000
3.250000 248750.000000
3.260000 249288.000000
3.270000 249298.000000
3.280000 249074.000000
3.290000 248782.000000
3.300000 248754.000000
3.310000 248928.000000
3.320000 249146.000000
3.330000 249224.000000
3.340000 249628.000000
3.350000 249546.000000
3.360000 249252.000000
3.370000 248872.000000
3.380000 248572.000000
3.390000 249084.000000
3.400000 248994.000000
3.410000 249008.000000
3.420000 249434.000000
3.430000 249632.000000
3.440000 249258.000000
3.450000 249346.000000
3.460000 249078.000000
3.470000 248668.000000
3.480000 249258.000000
3.490000 249540.000000
3.500000 249584.000000
3.510000 249668.000000
3.520000 249760.000000
3.530000 249442.000000
3.540000 249178.000000
3.550000 249250.000000
3.560000 249094.000000
3.570000 249432.000000
3.580000 249074.000000
3.590000 248884.000000
3.600000 248528.000000
3.610000 248824.000000
3.620000 249270.000000
3.630000 249424.000000
3.640000 249330.000000
3.650000 249382.000000
3.660000 249128.000000
3.670000 249398.000000
3.680000 249294.000000
3.690000 249158.000000
3.700000 249750.000000
3.710000 249732.000000
3.720000 249560.000000
3.730000 249572.000000
3.740000 249490.000000
3.750000 249300.000000
3.760000 249514.000000
3.770000 249392.000000
3.780000 249306.000000
3.790000 249246.000000
3.800000 249096.000000
3.810000 249262.000000
3.820000 249358.000000
3.830000 249734.000000
3.840000 249442.000000
3.850000 249556.000000
3.860000 249844.000000
3.870000 249486.000000
3.880000 249314.000000
3.890000 249480.000000
3.900000 249284.000000
3.910000 249252.000000
3.920000 248962.000000
3.930000 249164.000000
3.940000 249452.000000
3.950000 249922.000000
3.960000 249616.000000
3.970000 249508.000000
3.980000 249440.000000
3.990000 249346.000000
4.000000 249410.000000
4.010000 249628.000000
4.020000 249380.000000
4.030000 249854.000000
4.040000 249608.000000
4.050000 249810.000000
4.060000 249832.000000
4.070000 249698.000000
4.080000 249450.000000
4.090000 249342.000000
4.100000 249268.000000
4.110000 249520.000000
4.120000 249540.000000
4.130000 249402.000000
4.140000 249570.000000
4.150000 249410.000000
4.160000 249638.000000
4.170000 249308.000000
4.180000 249960.000000
4.190000 249672.000000
4.200000 249648.000000
4.210000 249914.000000
4.220000 249560.000000
4.230000 249370.000000
4.240000 249482.000000
4.250000 249736.000000
4.260000 249576.000000
4.270000 249614.000000
4.280000 249402.000000
4.290000 249340.000000
4.300000 249770.000000
4.310000 249584.000000
4.320000 249402.000000
4.330000 249466.000000
4.340000 249600.000000
4.350000 249446.000000
4.360000 249400.000000
4.370000 249012.000000
4.380000 249244.000000
4.390000 249230.000000
4.400000 249154.000000
4.410000 249416.000000
4.420000 249508.000000
4.430000 249376.000000
4.440000 249654.000000
4.450000 249660.000000
4.460000 249318.000000
4.470000 248830.000000
4.480000 248482.000000
4.490000 248716.000000
4.500000 248588.000000
4.510000 248640.000000
4.520000 248824.000000
4.530000 248496.000000
4.540000 248886.000000
4.550000 249176.000000
4.560000 249120.000000
4.570000 249632.000000
4.580000 249938.000000
4.590000 249950.000000
4.600000 250140.000000
4.610000 249964.000000
4.620000 250170.000000
4.630000 249878.000000
4.640000 249694.000000
4.650000 249806.000000
4.660000 249742.000000
4.670000 249854.000000
4.680000 249962.000000
4.690000 249742.000000
4.700000 249808.000000
4.710000 249586.000000
4.720000 249568.000000
4.730000 249600.000000
4.740000 249874.000000
4.750000 249842.000000
4.760000 249414.000000
4.770000 249384.000000
4.780000 250030.000000
4.790000 249864.000000
4.800000 249796.000000
4.810000 249634.000000
4.820000 249462.000000
4.830000 249098.000000
4.840000 249250.000000
4.850000 249186.000000
4.860000 249776.000000
4.870000 250028.000000
4.880000 250228.000000
4.890000 250572.000000
4.900000 250726.000000
4.910000 250682.000000
4.920000 250700.000000
4.930000 250680.000000
4.940000 250658.000000
4.950000 250544.000000
4.960000 250342.000000
4.970000 250272.000000
4.980000 250418.000000
4.990000 250340.000000
5.000000 250274.000000
5.010000 250200.000000
5.020000 249980.000000
5.030000 250302.000000
5.040000 250312.000000
5.050000 250604.000000
5.060000 250416.000000
5.070000 250434.000000
5.080000 250278.000000
5.090000 250272.000000
5.100000 249986.000000
5.110000 250178.000000
5.120000 250188.000000
5.130000 250446.000000
5.140000 250436.000000
5.150000 250140.000000
5.160000 250432.000000
5.170000 250132.000000
5.180000 249894.000000
5.190000 249678.000000
5.200000 249666.000000
5.210000 249888.000000
5.220000 250114.000000
5.230000 249814.000000
5.240000 249612.000000
5.250000 249246.000000
5.260000 249290.000000
5.270000 249404.000000
5.280000 249536.000000
5.290000 249620.000000
5.300000 249444.000000
5.310000 249522.000000
5.320000 249472.000000
5.330000 249300.000000
5.340000 249348.000000
5.350000 249302.000000
5.360000 249886.000000
5.370000 249528.000000
5.380000 249806.000000
5.390000 249718.000000
5.400000 250150.000000
5.410000 249892.000000
5.420000 249838.000000
5.430000 249758.000000
5.440000 249590.000000
5.450000 249850.000000
5.460000 249878.000000
5.470000 250118.000000
5.480000 249998.000000
5.490000 249910.000000
5.500000 249578.000000
5.510000 249534.000000
5.520000 249494.000000
5.530000 249446.000000
5.540000 249668.000000
5.550000 249264.000000
5.560000 249082.000000
5.570000 249450.000000
5.580000 249316.000000
5.590000 249190.000000
5.600000 248964.000000
5.610000 249208.000000
5.620000 249226.000000
5.630000 249274.000000
5.640000 249404.000000
5.650000 249484.000000
5.660000 249446.000000
5.670000 249618.000000
5.680000 250046.000000
5.690000 249762.000000
5.700000 249640.000000
5.710000 249732.000000
5.720000 249756.000000
5.730000 249852.000000
5.740000 250050.000000
5.750000 250262.000000
5.760000 250230.000000
5.770000 249880.000000
5.780000 250282.000000
5.790000 250250.000000
5.800000 250290.000000
5.810000 250038.000000
5.820000 249618.000000
5.830000 249718.000000
5.840000 249814.000000
5.850000 250008.000000
5.860000 250030.000000
5.870000 249618.000000
5.880000 249786.000000
5.890000 249646.000000
5.900000 249850.000000
5.910000 249888.000000
5.920000 249556.000000
5.930000 249520.000000
5.940000 250018.000000
5.950000 250286.000000
5.960000 250258.000000
5.970000 250216.000000
5.980000 250184.000000
5.990000 250292.000000
6.000000 250100.000000
6.010000 250052.000000
6.020000 249692.000000
6.030000 249688.000000
6.040000 249888.000000
6.050000 249522.000000
6.060000 249748.000000
6.070000 249488.000000
6.080000 249364.000000
6.090000 249858.000000
6.100000 250160.000000
6.110000 249898.000000
6.120000 249896.000000
6.130000 249564.000000
6.140000 249436.000000
6.150000 249688.000000
6.160000 249892.000000
6.170000 249798.000000
6.180000 249432.000000
6.190000 249484.000000
6.200000 249492.000000
6.210000 249368.000000
6.220000 249468.000000
6.230000 249372.000000
6.240000 249158.000000
6.250000 249472.000000
6.260000 249608.000000
6.270000 249046.000000
6.280000 249452.000000
6.290000 249440.000000
6.300000 249692.000000
6.310000 249662.000000
6.320000 249986.000000
6.330000 249716.000000
6.340000 249654.000000
6.350000 249650.000000
6.360000 249272.000000
6.370000 249010.000000
6.380000 249082.000000
6.390000 249302.000000
6.400000 249212.000000
6.410000 249008.000000
6.420000 249252.000000
6.430000 249012.000000
6.440000 249368.000000
6.450000 248924.000000
6.460000 248864.000000
6.470000 248916.000000
6.480000 248844.000000
6.490000 248828.000000
6.500000 248696.000000
6.510000 248822.000000
6.520000 249020.000000
6.530000 248686.000000
6.540000 248972.000000
6.550000 248906.000000
6.560000 249432.000000
6.570000 249728.000000
6.580000 249626.000000
6.590000 249910.000000
6.600000 249856.000000
6.610000 249778.000000
6.620000 249554.000000
6.630000 249890.000000
6.640000 249886.000000
6.650000 249726.000000
6.660000 249786.000000
6.670000 249808.000000
6.680000 249494.000000
6.690000 249404.000000
6.700000 248940.000000
6.710000 249416.000000
6.720000 249410.000000
6.730000 249780.000000
6.740000 249658.000000
6.750000 249660.000000
6.760000 250122.000000
6.770000 249932.000000
6.780000 249886.000000
6.790000 250244.000000
6.800000 250128.000000
6.810000 249946.000000
6.820000 250152.000000
6.830000 249698.000000
6.840000 249572.000000
6.850000 249482.000000
6.860000 249346.000000
6.870000 249406.000000
6.880000 249372.000000
6.890000 249232.000000
6.900000 249128.000000
6.910000 249062.000000
6.920000 249216.000000
6.930000 249340.000000
6.940000 249172.000000
6.950000 249310.000000
6.960000 249662.000000
6.970000 249814.000000
6.980000 249854.000000
6.990000 249880.000000
7.000000 249760.000000
7.010000 249622.000000
7.020000 249890.000000
7.030000 250022.000000
7.040000 250246.000000
7.050000 250120.000000
7.060000 249714.000000
7.070000 249902.000000
7.080000 250380.000000
7.090000 250392.000000
7.100000 250404.000000
7.110000 250718.000000
7.120000 250908.000000
7.130000 250602.000000
7.140000 250896.000000
7.150000 250584.000000
7.160000 250046.000000
7.170000 250168.000000
7.180000 249850.000000
7.190000 249898.000000
7.200000 250088.000000
7.210000 249980.000000
7.220000 249904.000000
7.230000 249770.000000
7.240000 249652.000000
7.250000 249634.000000
7.260000 249870.000000
7.270000 249656.000000
7.280000 249584.000000
7.290000 249822.000000
7.300000 249954.000000
7.310000 249660.000000
7.320000 249792.000000
7.330000 250134.000000
7.340000 250192.000000
7.350000 249444.000000
7.360000 249594.000000
7.370000 249732.000000
7.380000 249340.000000
7.390000 249390.000000
7.400000 249780.000000
7.410000 249626.000000
7.420000 249490.000000
7.430000 249502.000000
7.440000 249560.000000
7.450000 249828.000000
7.460000 249632.000000
7.470000 250002.000000
7.480000 249732.000000
7.490000 249592.000000
7.500000 249658.000000
7.510000 250006.000000
7.520000 249670.000000
7.530000 249464.000000
7.540000 249428.000000
7.550000 249372.000000
7.560000 249588.000000
7.570000 249880.000000
7.580000 249812.000000
7.590000 250316.000000
7.600000 250494.000000
7.610000 250166.000000
7.620000 250044.000000
7.630000 250336.000000
7.640000 250530.000000
7.650000 250246.000000
7.660000 250360.000000
7.670000 250544.000000
7.680000 250300.000000
7.690000 250128.000000
7.700000 250180.000000
7.710000 250026.000000
7.720000 250404.000000
7.730000 250096.000000
7.740000 250160.000000
7.750000 250112.000000
7.760000 250048.000000
7.770000 249798.000000
7.780000 249914.000000
7.790000 249734.000000
7.800000 250404.000000
7.810000 250592.000000
7.820000 250402.000000
7.830000 250412.000000
7.840000 250316.000000
7.850000 250068.000000
7.860000 249872.000000
7.870000 249826.000000
7.880000 249690.000000
7.890000 249556.000000
7.900000 249096.000000
7.910000 249176.000000
7.920000 248962.000000
7.930000 248582.000000
7.940000 248618.000000
7.950000 248754.000000
7.960000 248894.000000
7.970000 248842.000000
7.980000 248862.000000
7.990000 249140.000000
8.000000 249282.000000
8.010000 249592.000000
8.020000 249226.000000
8.030000 249038.000000
8.040000 249100.000000
8.050000 249580.000000
8.060000 249746.000000
8.070000 249580.000000
8.080000 249426.000000
8.090000 249448.000000
8.100000 249640.000000
8.110000 250284.000000
8.120000 249912.000000
8.130000 250166.000000
8.140000 250096.000000
8.150000 250162.000000
8.160000 250156.000000
8.170000 250180.000000
8.180000 250204.000000
8.190000 250216.000000
8.200000 250524.000000
8.210000 250658.000000
8.220000 250504.000000
8.230000 250386.000000
8.240000 250012.000000
8.250000 249834.000000
8.260000 249876.000000
8.270000 249564.000000
8.280000 249948.000000
8.290000 249790.000000
8.300000 249446.000000
8.310000 249382.000000
8.320000 249332.000000
8.330000 249558.000000
8.340000 249420.000000
8.350000 249068.000000
8.360000 249080.000000
8.370000 249176.000000
8.380000 249086.000000
8.390000 249304.000000
8.400000 249530.000000
8.410000 249744.000000
8.420000 249982.000000
8.430000 249786.000000
8.440000 249704.000000
8.450000 250034.000000
8.460000 249776.000000
8.470000 249692.000000
8.480000 249182.000000
8.490000 248876.000000
8.500000 249204.000000
8.510000 249086.000000
8.520000 249068.000000
8.530000 249170.000000
8.540000 249688.000000
8.550000 249652.000000
8.560000 249922.000000
8.570000 250092.000000
8.580000 250406.000000
8.590000 250126.000000
8.600000 249784.000000
8.610000 249570.000000
8.620000 249604.000000
8.630000 249414.000000
8.640000 249658.000000
8.650000 250108.000000
8.660000 250284.000000
8.670000 250046.000000
8.680000 250374.000000
8.690000 250466.000000
8.700000 250512.000000
8.710000 250484.000000
8.720000 250314.000000
8.730000 250402.000000
8.740000 250112.000000
8.750000 249952.000000
8.760000 249790.000000
8.770000 249610.000000
8.780000 249334.000000
8.790000 249282.000000
8.800000 249690.000000
8.810000 249770.000000
8.820000 249498.000000
8.830000 249622.000000
8.840000 249484.000000
8.850000 249728.000000
8.860000 249632.000000
8.870000 249472.000000
8.880000 249248.000000
8.890000 249358.000000
8.900000 249130.000000
8.910000 249002.000000
8.920000 249296.000000
8.930000 249466.000000
8.940000 249718.000000
8.950000 249482.000000
8.960000 249694.000000
8.970000 249670.000000
8.980000 249112.000000
8.990000 249112.000000
9.000000 249450.000000
9.010000 249396.000000
9.020000 249644.000000
9.030000 249578.000000
9.040000 249412.000000
9.050000 249384.000000
9.060000 249760.000000
9.070000 250042.000000
9.080000 250414.000000
9.090000 250358.000000
9.100000 250238.000000
9.110000 250328.000000
9.120000 250328.000000
9.130000 250250.000000
9.140000 250362.000000
9.150000 250298.000000
9.160000 250052.000000
9.170000 250136.000000
9.180000 250228.000000
9.190000 250462.000000
9.200000 250048.000000
9.210000 249930.000000
9.220000 249632.000000
9.230000 249586.000000
9.240000 249552.000000
9.250000 248964.000000
9.260000 249394.000000
9.270000 249690.000000
9.280000 249778.000000
9.290000 250064.000000
9.300000 250034.000000
9.310000 250000.000000
9.320000 250244.000000
9.330000 250262.000000
9.340000 250394.000000
9.350000 250216.000000
9.360000 250038.000000
9.370000 249876.000000
9.380000 249836.000000
9.390000 249572.000000
9.400000 249850.000000
9.410000 249214.000000
9.420000 249576.000000
9.430000 249842.000000
9.440000 249862.000000
9.450000 249472.000000
9.460000 249402.000000
9.470000 249514.000000
9.480000 249578.000000
9.490000 249528.000000
9.500000 249434.000000
9.510000 249466.000000
9.520000 249372.000000
9.530000 249162.000000
9.540000 249252.000000
9.550000 249250.000000
9.560000 249372.000000
9.570000 249330.000000
9.580000 249376.000000
9.590000 249298.000000
9.600000 249542.000000
9.610000 249502.000000
9.620000 249466.000000
9.630000 249494.000000
9.640000 249624.000000
9.650000 249770.000000
9.660000 250022.000000
9.670000 250304.000000
9.680000 250412.000000
9.690000 250252.000000
9.700000 250320.000000
9.710000 250682.000000
9.720000 250954.000000
9.730000 250272.000000
9.740000 250434.000000
9.750000 250602.000000
9.760000 250366.000000
9.770000 250568.000000
9.780000 250136.000000
9.790000 250396.000000
9.800000 250226.000000
9.810000 250556.000000
9.820000 250356.000000
9.830000 250638.000000
9.840000 250464.000000
9.850000 250472.000000
9.860000 250400.000000
9.870000 249992.000000
9.880000 250310.000000
9.890000 250518.000000
9.900000 250822.000000
9.910000 250972.000000
9.920000 250794.000000
9.930000 250654.000000
9.940000 250464.000000
9.950000 250412.000000
9.960000 249980.000000
9.970000 250178.000000
9.980000 250140.000000
9.990000 250484.000000
10.000000 250350.000000
