# time covered_sites
0.010000 30346.000000
0.020000 57240.000000
0.030000 80698.000000
0.040000 101272.000000
0.050000 118914.000000
0.060000 134408.000000
0.070000 148168.000000
0.080000 159920.000000
0.090000 169952.000000
0.100000 178918.000000
0.110000 185998.000000
0.120000 192410.000000
0.130000 197992.000000
0.140000 202790.000000
0.150000 206966.000000
0.160000 210532.000000
0.170000 213962.000000
0.180000 217342.000000
0.190000 219828.000000
0.200000 221750.000000
0.210000 224122.000000
0.220000 226158.000000
0.230000 227822.000000
0.240000 229566.000000
0.250000 230258.000000
0.260000 231918.000000
0.270000 232396.000000
0.280000 233142.000000
0.290000 234030.000000
0.300000 234784.000000
0.310000 235382.000000
0.320000 236148.000000
0.330000 237086.000000
0.340000 237678.000000
0.350000 237938.000000
0.360000 238012.000000
0.370000 238748.000000
0.380000 239166.000000
0.390000 239250.000000
0.400000 239702.000000
0.410000 240134.000000
0.420000 239968.000000
0.430000 240428.000000
0.440000 240586.000000
0.450000 241404.000000
0.460000 241692.000000
0.470000 241650.000000
0.480000 241886.000000
0.490000 242032.000000
0.500000 242334.000000
0.510000 242348.000000
0.520000 242504.000000
0.530000 242932.000000
0.540000 243216.000000
0.550000 242648.000000
0.560000 242756.000000
0.570000 243512.000000
0.580000 243824.000000
0.590000 243878.000000
0.600000 244332.000000
0.610000 244222.000000
0.620000 244456.000000
0.630000 244998.000000
0.640000 244910.000000
0.650000 244918.000000
0.660000 244946.000000
0.670000 245152.000000
0.680000 245130.000000
0.690000 245420.000000
0.700000 245346.000000
0.710000 245574.000000
0.720000 245802.000000
0.730000 245768.000000
0.740000 245460.000000
0.750000 245628.000000
0.760000 245564.000000
0.770000 245750.000000
0.780000 245664.000000
0.790000 245816.000000
0.800000 245820.000000
0.810000 246126.000000
0.820000 245866.000000
0.830000 245918.000000
0.840000 245730.000000
0.850000 246070.000000
0.860000 246078.000000
0.870000 245810.000000
0.880000 245650.000000
0.890000 245926.000000
0.900000 245510.000000
0.910000 245736.000000
0.920000 245940.000000
0.930000 245630.000000
0.940000 245824.000000
0.950000 246036.000000
0.960000 246294.000000
0.970000 246520.000000
0.980000 246434.000000
0.990000 246590.000000
1.000000 246408.000000
1.010000 246376.000000
1.020000 246490.000000
1.030000 246472.000000
1.040000 246456.000000
1.050000 246228.000000
1.060000 246388.000000
1.070000 246224.000000
1.080000 246550.000000
1.090000 246590.000000
1.100000 246934.000000
1.110000 247878.000000
1.120000 247666.000000
1.130000 247524.000000
1.140000 247564.000000
1.150000 247798.000000
1.160000 247714.000000
1.170000 248432.000000
1.180000 248286.000000
1.190000 248468.000000
1.200000 248248.000000
1.210000 248108.000000
1.220000 248178.000000
1.230000 248046.000000
1.240000 248052.000000
1.250000 247302.000000
1.260000 247030.000000
1.270000 247312.000000
1.280000 247556.000000
1.290000 247348.000000
1.300000 246962.000000
1.310000 246972.000000
1.320000 247034.000000
1.330000 247106.000000
1.340000 247258.000000
1.350000 247344.000000
1.360000 247560.000000
1.370000 247354.000000
1.380000 247198.000000
1.390000 247282.000000
1.400000 247746.000000
1.410000 247844.000000
1.420000 247830.000000
1.430000 247964.000000
1.440000 248006.000000
1.450000 247866.000000
1.460000 247766.000000
1.470000 247686.000000
1.480000 247560.000000
1.490000 248220.000000
1.500000 247698.000000
1.510000 247956.000000
1.520000 248154.000000
1.530000 247958.000000
1.540000 248336.000000
1.550000 248578.000000
1.560000 248458.000000
1.570000 247978.000000
1.580000 248080.000000
1.590000 247812.000000
1.600000 247638.000000
1.610000 247524.000000
1.620000 247712.000000
1.630000 248222.000000
1.640000 248214.000000
1.650000 248172.000000
1.660000 248002.000000
1.670000 248044.000000
1.680000 248008.000000
1.690000 248078.000000
1.700000 247732.000000
1.710000 248116.000000
1.720000 248436.000000
1.730000 248160.000000
1.740000 248520.000000
1.750000 248342.000000
1.760000 247956.000000
1.770000 247952.000000
1.780000 247796.000000
1.790000 248022.000000
1.800000 248298.000000
1.810000 248748.000000
1.820000 248408.000000
1.830000 248500.000000
1.840000 248504.000000
1.850000 248484.000000
1.860000 248566.000000
1.870000 248560.000000
1.880000 248690.000000
1.890000 248610.000000
1.900000 248814.000000
1.910000 248398.000000
1.920000 248246.000000
1.930000 248030.000000
1.940000 248068.000000
1.950000 248054.000000
1.960000 248298.000000
1.970000 248370.000000
1.980000 248218.000000
1.990000 248168.000000
2.000000 248350.000000
2.010000 248598.000000
2.020000 248774.000000
2.030000 248970.000000
2.040000 249388.000000
2.050000 249590.000000
2.060000 249848.000000
2.070000 249346.000000
2.080000 248914.000000
2.090000 248610.000000
2.100000 248924.000000
2.110000 248964.000000
2.120000 248788.000000
2.130000 249000.000000
2.140000 249210.000000
2.150000 249084.000000
2.160000 249324.000000
2.170000 248982.000000
2.180000 248800.000000
2.190000 248990.000000
2.200000 248782.000000
2.210000 248764.000000
2.220000 248800.000000
2.230000 248978.000000
2.240000 248566.000000
2.250000 248312.000000
2.260000 248224.000000
2.270000 248156.000000
2.280000 247872.000000
2.290000 247998.000000
2.300000 247900.000000
2.310000 247932.000000
2.320000 248012.000000
2.330000 248286.000000
2.340000 248652.000000
2.350000 249192.000000
2.360000 249456.000000
2.370000 249276.000000
2.380000 249346.000000
2.390000 249158.000000
2.400000 249292.000000
2.410000 249416.000000
2.420000 248772.000000
2.430000 248976.000000
2.440000 248882.000000
2.450000 248340.000000
2.460000 248448.000000
2.470000 248434.000000
2.480000 248334.000000
2.490000 248658.000000
2.500000 248964.000000
2.510000 248942.000000
2.520000 249224.000000
2.530000 249584.000000
2.540000 249202.000000
2.550000 249402.000000
2.560000 249246.000000
2.570000 249568.000000
2.580000 249470.000000
2.590000 249540.000000
2.600000 249148.000000
2.610000 248674.000000
2.620000 248710.000000
2.630000 248406.000000
2.640000 248496.000000
2.650000 248692.000000
2.660000 248582.000000
2.670000 248730.000000
2.680000 248788.000000
2.690000 248946.000000
2.700000 249384.000000
2.710000 249416.000000
2.720000 249336.000000
2.730000 249220.000000
2.740000 249102.000000
2.750000 249528.000000
2.760000 249230.000000
2.770000 249114.000000
2.780000 249394.000000
2.790000 249670.000000
2.800000 249348.000000
2.810000 249144.000000
2.820000 249240.000000
2.830000 249676.000000
2.840000 250066.000000
2.850000 249684.000000
2.860000 249612.000000
2.870000 249566.000000
2.880000 249310.000000
2.890000 249526.000000
2.900000 249486.000000
2.910000 249594.000000
2.920000 249994.000000
2.930000 249908.000000
2.940000 249816.000000
2.950000 249874.000000
2.960000 249844.000000
2.970000 249696.000000
2.980000 249600.000000
2.990000 249490.000000
3.000000 249182.000000
3.010000 249214.000000
3.020000 249236.000000
3.030000 249332.000000
3.040000 249518.000000
3.050000 249284.000000
3.060000 249630.000000
3.070000 249952.000000
3.080000 249770.000000
3.090000 249554.000000
3.100000 250042.000000
3.110000 249468.000000
3.120000 249142.000000
3.130000 248910.000000
3.140000 249250.000000
3.150000 249646.000000
3.160000 249264.000000
3.170000 249430.000000
3.180000 249558.000000
3.190000 249306.000000
3.200000 249332.000000
3.210000 249376.000000
3.220000 248976.000000
3.230000 249302.000000
3.240000 249508.000000
3.250000 249538.000000
3.260000 249938.000000
3.270000 249930.000000
3.280000 249846.000000
3.290000 250038.000000
3.300000 250272.000000
3.310000 250062.000000
3.320000 249742.000000
3.330000 249732.000000
3.340000 249928.000000
3.350000 249608.000000
3.360000 249314.000000
3.370000 249304.000000
3.380000 248868.000000
3.390000 249158.000000
3.400000 249546.000000
3.410000 249224.000000
3.420000 249016.000000
3.430000 249094.000000
3.440000 249258.000000
3.450000 249244.000000
3.460000 249120.000000
3.470000 249002.000000
3.480000 248660.000000
3.490000 249268.000000
3.500000 249532.000000
3.510000 249274.000000
3.520000 248972.000000
3.530000 249358.000000
3.540000 249166.000000
3.550000 249410.000000
3.560000 249600.000000
3.570000 249422.000000
3.580000 249014.000000
3.590000 249332.000000
3.600000 249250.000000
3.610000 249038.000000
3.620000 249644.000000
3.630000 249828.000000
3.640000 249368.000000
3.650000 249620.000000
3.660000 249848.000000
3.670000 249662.000000
3.680000 249832.000000
3.690000 249414.000000
3.700000 249286.000000
3.710000 249036.000000
3.720000 249042.000000
3.730000 248848.000000
3.740000 249340.000000
3.750000 249392.000000
3.760000 249416.000000
3.770000 249544.000000
3.780000 249692.000000
3.790000 249584.000000
3.800000 249056.000000
3.810000 249204.000000
3.820000 249472.000000
3.830000 249678.000000
3.840000 249524.000000
3.850000 249686.000000
3.860000 249770.000000
3.870000 249180.000000
3.880000 249052.000000
3.890000 249072.000000
3.900000 249136.000000
3.910000 249390.000000
3.920000 249568.000000
3.930000 249846.000000
3.940000 249802.000000
3.950000 249810.000000
3.960000 249848.000000
3.970000 250040.000000
3.980000 250352.000000
3.990000 250192.000000
4.000000 250384.000000
4.010000 250284.000000
4.020000 250310.000000
4.030000 250152.000000
4.040000 250152.000000
4.050000 249894.000000
4.060000 249782.000000
4.070000 249252.000000
4.080000 249772.000000
4.090000 249618.000000
4.100000 249462.000000
4.110000 249710.000000
4.120000 249644.000000
4.130000 249722.000000
4.140000 249874.000000
4.150000 250072.000000
4.160000 250166.000000
4.170000 249922.000000
4.180000 249752.000000
4.190000 249428.000000
4.200000 249736.000000
4.210000 249556.000000
4.220000 249476.000000
4.230000 249662.000000
4.240000 249606.000000
4.250000 249082.000000
4.260000 249310.000000
4.270000 249348.000000
4.280000 249592.000000
4.290000 249806.000000
4.300000 249824.000000
4.310000 249488.000000
4.320000 249274.000000
4.330000 249434.000000
4.340000 249920.000000
4.350000 250084.000000
4.360000 249972.000000
4.370000 249884.000000
4.380000 249522.000000
4.390000 249564.000000
4.400000 249692.000000
4.410000 249318.000000
4.420000 249764.000000
4.430000 249522.000000
4.440000 248748.000000
4.450000 249166.000000
4.460000 249236.000000
4.470000 248848.000000
4.480000 249004.000000
4.490000 248920.000000
4.500000 249278.000000
4.510000 249478.000000
4.520000 249204.000000
4.530000 249066.000000
4.540000 248550.000000
4.550000 248534.000000
4.560000 248928.000000
4.570000 249094.000000
4.580000 248906.000000
4.590000 248752.000000
4.600000 248938.000000
4.610000 249096.000000
4.620000 248872.000000
4.630000 248960.000000
4.640000 248956.000000
4.650000 248986.000000
4.660000 248906.000000
4.670000 249388.000000
4.680000 249656.000000
4.690000 249484.000000
4.700000 249720.000000
4.710000 249488.000000
4.720000 249272.000000
4.730000 249384.000000
4.740000 249648.000000
4.750000 249602.000000
4.760000 249538.000000
4.770000 249370.000000
4.780000 249370.000000
4.790000 249088.000000
4.800000 249362.000000
4.810000 249516.000000
4.820000 249400.000000
4.830000 249686.000000
4.840000 249354.000000
4.850000 249438.000000
4.860000 249670.000000
4.870000 249744.000000
4.880000 250032.000000
4.890000 250096.000000
4.900000 249632.000000
4.910000 249670.000000
4.920000 249664.000000
4.930000 249884.000000
4.940000 249768.000000
4.950000 249656.000000
4.960000 249618.000000
4.970000 249834.000000
4.980000 250126.000000
4.990000 250268.000000
5.000000 250044.000000
5.010000 249964.000000
5.020000 249782.000000
5.030000 249314.000000
5.040000 249470.000000
5.050000 249322.000000
5.060000 249148.000000
5.070000 249276.000000
5.080000 249426.000000
5.090000 249464.000000
5.100000 249592.000000
5.110000 249548.000000
5.120000 249476.000000
5.130000 249656.000000
5.140000 249768.000000
5.150000 250142.000000
5.160000 249948.000000
5.170000 250230.000000
5.180000 250556.000000
5.190000 250086.000000
5.200000 250118.000000
5.210000 249756.000000
5.220000 249930.000000
5.230000 250090.000000
5.240000 250192.000000
5.250000 250180.000000
5.260000 250404.000000
5.270000 250024.000000
5.280000 250114.000000
5.290000 250066.000000
5.300000 250136.000000
5.310000 249998.000000
5.320000 249820.000000
5.330000 249586.000000
5.340000 249552.000000
5.350000 249260.000000
5.360000 249058.000000
5.370000 249506.000000
5.380000 249472.000000
5.390000 249474.000000
5.400000 249632.000000
5.410000 249488.000000
5.420000 249608.000000
5.430000 249600.000000
5.440000 249678.000000
5.450000 250206.000000
5.460000 250246.000000
5.470000 250230.000000
5.480000 250184.000000
5.490000 250170.000000
5.500000 250142.000000
5.510000 249896.000000
5.520000 250422.000000
5.530000 250278.000000
5.540000 250526.000000
5.550000 250102.000000
5.560000 250132.000000
5.570000 249772.000000
5.580000 249918.000000
5.590000 249804.000000
5.600000 249816.000000
5.610000 249948.000000
5.620000 249972.000000
5.630000 249582.000000
5.640000 249606.000000
5.650000 249670.000000
5.660000 249846.000000
5.670000 249986.000000
5.680000 249876.000000
5.690000 249632.000000
5.700000 249518.000000
5.710000 249936.000000
5.720000 250294.000000
5.730000 250258.000000
5.740000 250018.000000
5.750000 249582.000000
5.760000 249926.000000
5.770000 249408.000000
5.780000 248792.000000
5.790000 248708.000000
5.800000 249146.000000
5.810000 249134.000000
5.820000 249312.000000
5.830000 249170.000000
5.840000 249474.000000
5.850000 249486.000000
5.860000 249442.000000
5.870000 249366.000000
5.880000 249580.000000
5.890000 249808.000000
5.900000 249952.000000
5.910000 249728.000000
5.920000 249430.000000
5.930000 249778.000000
5.940000 249332.000000
5.950000 249486.000000
5.960000 249824.000000
5.970000 249500.000000
5.980000 249502.000000
5.990000 249854.000000
6.000000 249444.000000
6.010000 249562.000000
6.020000 249808.000000
6.030000 249932.000000
6.040000 250000.000000
6.050000 249710.000000
6.060000 249278.000000
6.070000 249604.000000
6.080000 249732.000000
6.090000 249746.000000
6.100000 250192.000000
6.110000 250268.000000
6.120000 250506.000000
6.130000 250426.000000
6.140000 250188.000000
6.150000 250092.000000
6.160000 249886.000000
6.170000 250104.000000
6.180000 250324.000000
6.190000 250246.000000
6.200000 250060.000000
6.210000 250012.000000
6.220000 250234.000000
6.230000 249822.000000
6.240000 250126.000000
6.250000 249808.000000
6.260000 250048.000000
6.270000 250074.000000
6.280000 250058.000000
6.290000 249868.000000
6.300000 249776.000000
6.310000 249998.000000
6.320000 249628.000000
6.330000 249450.000000
6.340000 249608.000000
6.350000 249406.000000
6.360000 249324.000000
6.370000 249174.000000
6.380000 249576.000000
6.390000 249500.000000
6.400000 249780.000000
6.410000 250188.000000
6.420000 250068.000000
6.430000 250042.000000
6.440000 250114.000000
6.450000 249726.000000
6.460000 250116.000000
6.470000 250022.000000
6.480000 250090.000000
6.490000 250168.000000
6.500000 250098.000000
6.510000 250018.000000
6.520000 250012.000000
6.530000 250034.000000
6.540000 250048.000000
6.550000 249988.000000
6.560000 249908.000000
6.570000 250008.000000
6.580000 249796.000000
6.590000 249622.000000
6.600000 249766.000000
6.610000 249334.000000
6.620000 249558.000000
6.630000 249590.000000
6.640000 249866.000000
6.650000 249648.000000
6.660000 249796.000000
6.670000 249478.000000
6.680000 249646.000000
6.690000 250016.000000
6.700000 250102.000000
6.710000 249914.000000
6.720000 249364.000000
6.730000 249354.000000
6.740000 249396.000000
6.750000 249440.000000
6.760000 249508.000000
6.770000 249314.000000
6.780000 249602.000000
6.790000 249804.000000
6.800000 249746.000000
6.810000 249834.000000
6.820000 249968.000000
6.830000 250062.000000
6.840000 249946.000000
6.850000 250104.000000
6.860000 249850.000000
6.870000 249916.000000
6.880000 250102.000000
6.890000 250092.000000
6.900000 250246.000000
6.910000 250384.000000
6.920000 250804.000000
6.930000 250852.000000
6.940000 250862.000000
6.950000 250606.000000
6.960000 250502.000000
6.970000 251006.000000
6.980000 251094.000000
6.990000 250730.000000
7.000000 250686.000000
7.010000 250230.000000
7.020000 250248.000000
7.030000 250000.000000
7.040000 250166.000000
7.050000 250154.000000
7.060000 250386.000000
7.070000 250300.000000
7.080000 249764.000000
7.090000 249870.000000
7.100000 249826.000000
7.110000 250092.000000
7.120000 249690.000000
7.130000 250082.000000
7.140000 250380.000000
7.150000 250208.000000
7.160000 250452.000000
7.170000 250124.000000
7.180000 250064.000000
7.190000 249882.000000
7.200000 250054.000000
7.210000 250118.000000
7.220000 250180.000000
7.230000 250270.000000
7.240000 250350.000000
7.250000 250234.000000
7.260000 250356.000000
7.270000 250512.000000
7.280000 249886.000000
7.290000 249520.000000
7.300000 249468.000000
7.310000 249434.000000
7.320000 249668.000000
7.330000 250262.000000
7.340000 250282.000000
7.350000 250164.000000
7.360000 250256.000000
7.370000 250580.000000
7.380000 250452.000000
7.390000 250426.000000
7.400000 250424.000000
7.410000 250548.000000
7.420000 250324.000000
7.430000 250074.000000
7.440000 249842.000000
7.450000 249884.000000
7.460000 249998.000000
7.470000 250414.000000
7.480000 250100.000000
7.490000 250050.000000
7.500000 249982.000000
7.510000 249698.000000
7.520000 250072.000000
7.530000 249702.000000
7.540000 250330.000000
7.550000 250492.000000
7.560000 250324.000000
7.570000 249960.000000
7.580000 250178.000000
7.590000 249880.000000
7.600000 249968.000000
7.610000 249956.000000
7.620000 250512.000000
7.630000 250368.000000
7.640000 249994.000000
7.650000 249950.000000
7.660000 249924.000000
7.670000 249918.000000
7.680000 250058.000000
7.690000 250076.000000
7.700000 249756.000000
7.710000 249900.000000
7.720000 250080.000000
7.730000 250084.000000
7.740000 250136.000000
7.750000 250292.000000
7.760000 250042.000000
7.770000 249972.000000
7.780000 250040.000000
7.790000 249932.000000
7.800000 249996.000000
7.810000 250234.000000
7.820000 250812.000000
7.830000 250650.000000
7.840000 250988.000000
7.850000 250696.000000
7.860000 250858.000000
7.870000 250808.000000
7.880000 250592.000000
7.890000 250754.000000
7.900000 250732.000000
7.910000 250558.000000
7.920000 250910.000000
7.930000 250936.000000
7.940000 250634.000000
7.950000 250208.000000
7.960000 250118.000000
7.970000 250114.000000
7.980000 250268.000000
7.990000 250258.000000
8.000000 250140.000000
8.010000 250296.000000
8.020000 250218.000000
8.030000 250430.000000
8.040000 250278.000000
8.050000 250070.000000
8.060000 249800.000000
8.070000 250132.000000
8.080000 249902.000000
8.090000 250106.000000
8.100000 250048.000000
8.110000 249626.000000
8.120000 249596.000000
8.130000 249658.000000
8.140000 249658.000000
8.150000 249760.000000
8.160000 249806.000000
8.170000 249940.000000
8.180000 249548.000000
8.190000 249528.000000
8.200000 249818.000000
8.210000 249786.000000
8.220000 249824.000000
8.230000 249822.000000
8.240000 249990.000000
8.250000 249926.000000
8.260000 250190.000000
8.270000 250544.000000
8.280000 250226.000000
8.290000 250180.000000
8.300000 250114.000000
8.310000 249978.000000
8.320000 250102.000000
8.330000 250322.000000
8.340000 249980.000000
8.350000 250074.000000
8.360000 250158.000000
8.370000 250078.000000
8.380000 250022.000000
8.390000 249984.000000
8.400000 249980.000000
8.410000 250404.000000
8.420000 249552.000000
8.430000 249492.000000
8.440000 249206.000000
8.450000 249188.000000
8.460000 249396.000000
8.470000 249376.000000
8.480000 249692.000000
8.490000 249690.000000
8.500000 249700.000000
8.510000 249660.000000
8.520000 249976.000000
8.530000 250342.000000
8.540000 250660.000000
8.550000 250986.000000
8.560000 250700.000000
8.570000 250890.000000
8.580000 250434.000000
8.590000 250412.000000
8.600000 250296.000000
8.610000 250056.000000
8.620000 250020.000000
8.630000 249504.000000
8.640000 249322.000000
8.650000 249348.000000
8.660000 249500.000000
8.670000 249574.000000
8.680000 249730.000000
8.690000 249466.000000
8.700000 249520.000000
8.710000 249708.000000
8.720000 249880.000000
8.730000 250104.000000
8.740000 250176.000000
8.750000 250290.000000
8.760000 249852.000000
8.770000 249896.000000
8.780000 249780.000000
8.790000 249482.000000
8.800000 249906.000000
8.810000 249778.000000
8.820000 249408.000000
8.830000 249458.000000
8.840000 249698.000000
8.850000 249692.000000
8.860000 249652.000000
8.870000 249314.000000
8.880000 249152.000000
8.890000 249504.000000
8.900000 249468.000000
8.910000 249686.000000
8.920000 250356.000000
8.930000 250216.000000
8.940000 250388.000000
8.950000 249834.000000
8.960000 249812.000000
8.970000 249672.000000
8.980000 249786.000000
8.990000 249804.000000
9.000000 249910.000000
9.010000 249760.000000
9.020000 249946.000000
9.030000 249616.000000
9.040000 249474.000000
9.050000 249398.000000
9.060000 249664.000000
9.070000 249566.000000
9.080000 249952.000000
9.090000 249994.000000
9.100000 249854.000000
9.110000 250024.000000
9.120000 250064.000000
9.130000 250186.000000
9.140000 250190.000000
9.150000 250052.000000
9.160000 250074.000000
9.170000 250166.000000
9.180000 250030.000000
9.190000 249982.000000
9.200000 250010.000000
9.210000 249738.000000
9.220000 249780.000000
9.230000 249660.000000
9.240000 250494.000000
9.250000 250294.000000
9.260000 250184.000000
9.270000 250440.000000
9.280000 250218.000000
9.290000 250242.000000
9.300000 250160.000000
9.310000 250054.000000
9.320000 250144.000000
9.330000 250000.000000
9.340000 249752.000000
9.350000 249412.000000
9.360000 249718.000000
9.370000 249932.000000
9.380000 249884.000000
9.390000 249912.000000
9.400000 249808.000000
9.410000 249656.000000
9.420000 249798.000000
9.430000 250044.000000
9.440000 250140.000000
9.450000 250608.000000
9.460000 250322.000000
9.470000 249696.000000
9.480000 249648.000000
9.490000 250120.000000
9.500000 250204.000000
9.510000 249858.000000
9.520000 249998.000000
9.530000 250136.000000
9.540000 249982.000000
9.550000 250054.000000
9.560000 250030.000000
9.570000 250056.000000
9.580000 249924.000000
9.590000 250416.000000
9.600000 250374.000000
9.610000 250350.000000
9.620000 249748.000000
9.630000 250050.000000
9.640000 249788.000000
9.650000 249144.000000
9.660000 249532.000000
9.670000 249280.000000
9.680000 249438.000000
9.690000 249816.000000
9.700000 250068.000000
9.710000 250428.000000
9.720000 250678.000000
9.730000 250798.000000
9.740000 250498.000000
9.750000 250354.000000
9.760000 250518.000000
9.770000 250420.000000
9.780000 250272.000000
9.790000 250270.000000
9.800000 250344.000000
9.810000 250466.000000
9.820000 250524.000000
9.830000 249950.000000
9.840000 250004.000000
9.850000 249886.000000
9.860000 250004.000000
9.870000 250192.000000
9.880000 250322.000000
9.890000 250376.000000
9.900000 250454.000000
9.910000 250686.000000
9.920000 250336.000000
9.930000 250576.000000
9.940000 250536.000000
9.950000 250784.000000
9.960000 250542.000000
9.970000 250428.000000
9.980000 250386.000000
9.990000 250250.000000
10.000000 249714.000000
