# i correlation
1 0.001998
2 0.001913
3 0.001847
4 0.001776
5 0.001709
6 0.001654
7 0.001603
8 0.001568
9 0.001543
10 0.001514
11 0.001492
12 0.001485
13 0.001481
14 0.001470
15 0.001451
16 0.001432
17 0.001414
18 0.001380
19 0.001346
20 0.001315
21 0.001297
22 0.001289
23 0.001287
24 0.001297
25 0.001301
26 0.001309
27 0.001307
28 0.001306
29 0.001304
30 0.001288
31 0.001266
32 0.001242
33 0.001228
34 0.001218
35 0.001218
36 0.001212
37 0.001205
38 0.001195
39 0.001183
40 0.001171
41 0.001158
42 0.001152
43 0.001145
44 0.001129
45 0.001113
46 0.001098
47 0.001097
48 0.001102
49 0.001105
50 0.001107
51 0.001111
52 0.001127
53 0.001135
54 0.001134
55 0.001125
56 0.001112
57 0.001091
58 0.001069
59 0.001050
60 0.001044
61 0.001043
62 0.001041
63 0.001051
64 0.001060
65 0.001068
66 0.001080
67 0.001082
68 0.001089
69 0.001084
70 0.001082
71 0.001079
72 0.001065
73 0.001048
74 0.001029
75 0.001009
76 0.000994
77 0.000996
78 0.000999
79 0.000997
80 0.001014
81 0.001021
82 0.001029
83 0.001032
84 0.001029
85 0.001021
86 0.001009
87 0.000998
88 0.000988
89 0.000984
90 0.000981
91 0.000976
92 0.000969
93 0.000957
94 0.000954
95 0.000953
96 0.000947
97 0.000938
98 0.000931
99 0.000918
100 0.000902
101 0.000895
102 0.000882
103 0.000873
104 0.000875
105 0.000867
106 0.000864
107 0.000868
108 0.000868
109 0.000871
110 0.000868
111 0.000858
112 0.000860
113 0.000859
114 0.000850
115 0.000850
116 0.000853
117 0.000858
118 0.000869
119 0.000878
120 0.000894
121 0.000916
122 0.000919
123 0.000912
124 0.000911
125 0.000908
126 0.000892
127 0.000877
128 0.000865
129 0.000854
130 0.000839
131 0.000827
132 0.000812
133 0.000809
134 0.000818
135 0.000816
136 0.000809
137 0.000810
138 0.000810
139 0.000796
140 0.000780
141 0.000763
142 0.000746
143 0.000735
144 0.000719
145 0.000703
146 0.000701
147 0.000703
148 0.000705
149 0.000716
150 0.000733
151 0.000750
152 0.000772
153 0.000792
154 0.000805
155 0.000821
156 0.000820
157 0.000820
158 0.000816
159 0.000812
160 0.000805
161 0.000796
162 0.000788
163 0.000781
164 0.000785
165 0.000788
166 0.000790
167 0.000788
168 0.000784
169 0.000783
170 0.000783
171 0.000781
172 0.000781
173 0.000775
174 0.000768
175 0.000762
176 0.000764
177 0.000766
178 0.000765
179 0.000759
180 0.000753
181 0.000758
182 0.000757
183 0.000750
184 0.000749
185 0.000745
186 0.000742
187 0.000736
188 0.000730
189 0.000729
190 0.000737
191 0.000743
192 0.000749
193 0.000748
194 0.000751
195 0.000749
196 0.000737
197 0.000723
198 0.000705
199 0.000694
200 0.000681
201 0.000680
202 0.000682
203 0.000683
204 0.000683
205 0.000688
206 0.000702
207 0.000710
208 0.000724
209 0.000732
210 0.000730
211 0.000729
212 0.000725
213 0.000720
214 0.000722
215 0.000720
216 0.000721
217 0.000719
218 0.000724
219 0.000732
220 0.000735
221 0.000735
222 0.000735
223 0.000742
224 0.000741
225 0.000738
226 0.000727
227 0.000704
228 0.000690
229 0.000682
230 0.000678
231 0.000673
232 0.000678
233 0.000674
234 0.000672
235 0.000670
236 0.000670
237 0.000675
238 0.000686
239 0.000690
240 0.000689
241 0.000693
242 0.000703
243 0.000705
244 0.000709
245 0.000715
246 0.000726
247 0.000739
248 0.000747
249 0.000751
