# i correlation
1 0.002029
2 0.001954
3 0.001893
4 0.001838
5 0.001779
6 0.001731
7 0.001691
8 0.001655
9 0.001614
10 0.001579
11 0.001549
12 0.001530
13 0.001521
14 0.001514
15 0.001502
16 0.001494
17 0.001484
18 0.001472
19 0.001463
20 0.001452
21 0.001440
22 0.001437
23 0.001429
24 0.001429
25 0.001431
26 0.001426
27 0.001425
28 0.001423
29 0.001414
30 0.001399
31 0.001377
32 0.001361
33 0.001345
34 0.001336
35 0.001321
36 0.001312
37 0.001307
38 0.001307
39 0.001293
40 0.001288
41 0.001286
42 0.001284
43 0.001278
44 0.001271
45 0.001255
46 0.001243
47 0.001237
48 0.001227
49 0.001214
50 0.001203
51 0.001190
52 0.001180
53 0.001167
54 0.001157
55 0.001152
56 0.001145
57 0.001139
58 0.001128
59 0.001118
60 0.001116
61 0.001106
62 0.001100
63 0.001095
64 0.001081
65 0.001066
66 0.001053
67 0.001038
68 0.001031
69 0.001024
70 0.001016
71 0.001006
72 0.001001
73 0.000988
74 0.000985
75 0.000971
76 0.000967
77 0.000960
78 0.000950
79 0.000936
80 0.000921
81 0.000914
82 0.000911
83 0.000915
84 0.000923
85 0.000927
86 0.000928
87 0.000939
88 0.000945
89 0.000953
90 0.000960
91 0.000960
92 0.000951
93 0.000944
94 0.000936
95 0.000926
96 0.000912
97 0.000913
98 0.000913
99 0.000920
100 0.000928
101 0.000928
102 0.000929
103 0.000935
104 0.000943
105 0.000946
106 0.000944
107 0.000947
108 0.000949
109 0.000951
110 0.000955
111 0.000962
112 0.000969
113 0.000984
114 0.000992
115 0.000994
116 0.001000
117 0.001001
118 0.000995
119 0.000986
120 0.000978
121 0.000975
122 0.000966
123 0.000959
124 0.000953
125 0.000946
126 0.000940
127 0.000943
128 0.000940
129 0.000930
130 0.000929
131 0.000925
132 0.000919
133 0.000924
134 0.000928
135 0.000923
136 0.000918
137 0.000922
138 0.000926
139 0.000932
140 0.000934
141 0.000941
142 0.000946
143 0.000948
144 0.000949
145 0.000951
146 0.000954
147 0.000953
148 0.000949
149 0.000947
150 0.000953
151 0.000960
152 0.000964
153 0.000966
154 0.000964
155 0.000967
156 0.000964
157 0.000959
158 0.000945
159 0.000939
160 0.000933
161 0.000930
162 0.000926
163 0.000922
164 0.000918
165 0.000915
166 0.000906
167 0.000898
168 0.000893
169 0.000883
170 0.000876
171 0.000876
172 0.000865
173 0.000856
174 0.000853
175 0.000851
176 0.000850
177 0.000852
178 0.000855
179 0.000848
180 0.000833
181 0.000824
182 0.000820
183 0.000806
184 0.000796
185 0.000779
186 0.000767
187 0.000768
188 0.000757
189 0.000741
190 0.000732
191 0.000724
192 0.000717
193 0.000703
194 0.000702
195 0.000706
196 0.000704
197 0.000702
198 0.000704
199 0.000705
200 0.000700
201 0.000697
202 0.000702
203 0.000705
204 0.000719
205 0.000725
206 0.000735
207 0.000743
208 0.000749
209 0.000747
210 0.000739
211 0.000739
212 0.000744
213 0.000745
214 0.000742
215 0.000744
216 0.000745
217 0.000739
218 0.000729
219 0.000717
220 0.000711
221 0.000707
222 0.000700
223 0.000684
224 0.000676
225 0.000670
226 0.000660
227 0.000651
228 0.000644
229 0.000639
230 0.000635
231 0.000633
232 0.000625
233 0.000622
234 0.000622
235 0.000613
236 0.000600
237 0.000589
238 0.000587
239 0.000580
240 0.000574
241 0.000571
242 0.000568
243 0.000560
244 0.000552
245 0.000546
246 0.000548
247 0.000551
248 0.000548
249 0.000557
