# i correlation
1 0.001837
2 0.001760
3 0.001702
4 0.001644
5 0.001603
6 0.001568
7 0.001531
8 0.001505
9 0.001479
10 0.001461
11 0.001444
12 0.001420
13 0.001403
14 0.001396
15 0.001389
16 0.001381
17 0.001376
18 0.001366
19 0.001358
20 0.001354
21 0.001346
22 0.001344
23 0.001344
24 0.001345
25 0.001343
26 0.001337
27 0.001333
28 0.001315
29 0.001293
30 0.001275
31 0.001253
32 0.001231
33 0.001221
34 0.001213
35 0.001206
36 0.001189
37 0.001173
38 0.001162
39 0.001152
40 0.001140
41 0.001131
42 0.001126
43 0.001114
44 0.001097
45 0.001082
46 0.001069
47 0.001059
48 0.001046
49 0.001042
50 0.001041
51 0.001032
52 0.001033
53 0.001037
54 0.001029
55 0.001025
56 0.001022
57 0.001016
58 0.001010
59 0.000997
60 0.000975
61 0.000964
62 0.000959
63 0.000955
64 0.000955
65 0.000950
66 0.000941
67 0.000927
68 0.000912
69 0.000907
70 0.000906
71 0.000898
72 0.000897
73 0.000899
74 0.000896
75 0.000904
76 0.000907
77 0.000909
78 0.000918
79 0.000922
80 0.000925
81 0.000923
82 0.000919
83 0.000919
84 0.000915
85 0.000912
86 0.000909
87 0.000902
88 0.000901
89 0.000907
90 0.000901
91 0.000900
92 0.000892
93 0.000885
94 0.000875
95 0.000867
96 0.000864
97 0.000857
98 0.000843
99 0.000847
100 0.000852
101 0.000844
102 0.000844
103 0.000848
104 0.000854
105 0.000863
106 0.000867
107 0.000867
108 0.000864
109 0.000853
110 0.000848
111 0.000853
112 0.000846
113 0.000840
114 0.000836
115 0.000825
116 0.000819
117 0.000808
118 0.000808
119 0.000805
120 0.000809
121 0.000808
122 0.000809
123 0.000803
124 0.000798
125 0.000782
126 0.000777
127 0.000769
128 0.000762
129 0.000764
130 0.000774
131 0.000777
132 0.000776
133 0.000771
134 0.000768
135 0.000765
136 0.000759
137 0.000752
138 0.000748
139 0.000745
140 0.000741
141 0.000736
142 0.000735
143 0.000727
144 0.000728
145 0.000745
146 0.000759
147 0.000772
148 0.000786
149 0.000796
150 0.000799
151 0.000787
152 0.000772
153 0.000757
154 0.000743
155 0.000737
156 0.000732
157 0.000729
158 0.000725
159 0.000718
160 0.000715
161 0.000721
162 0.000724
163 0.000734
164 0.000747
165 0.000752
166 0.000752
167 0.000750
168 0.000744
169 0.000742
170 0.000746
171 0.000744
172 0.000741
173 0.000740
174 0.000743
175 0.000745
176 0.000741
177 0.000739
178 0.000738
179 0.000740
180 0.000741
181 0.000740
182 0.000747
183 0.000756
184 0.000762
185 0.000772
186 0.000785
187 0.000789
188 0.000798
189 0.000804
190 0.000805
191 0.000800
192 0.000795
193 0.000797
194 0.000797
195 0.000796
196 0.000793
197 0.000789
198 0.000787
199 0.000787
200 0.000784
201 0.000779
202 0.000771
203 0.000767
204 0.000772
205 0.000774
206 0.000771
207 0.000773
208 0.000777
209 0.000777
210 0.000780
211 0.000781
212 0.000772
213 0.000778
214 0.000781
215 0.000784
216 0.000783
217 0.000783
218 0.000783
219 0.000778
220 0.000771
221 0.000762
222 0.000751
223 0.000746
224 0.000741
225 0.000735
226 0.000725
227 0.000724
228 0.000722
229 0.000721
230 0.000719
231 0.000711
232 0.000701
233 0.000692
234 0.000697
235 0.000702
236 0.000704
237 0.000707
238 0.000714
239 0.000717
240 0.000724
241 0.000728
242 0.000724
243 0.000717
244 0.000713
245 0.000708
246 0.000704
247 0.000687
248 0.000671
249 0.000666
