# i correlation
1 0.002182
2 0.002107
3 0.002034
4 0.001976
5 0.001920
6 0.001870
7 0.001824
8 0.001782
9 0.001750
10 0.001718
11 0.001690
12 0.001667
13 0.001649
14 0.001635
15 0.001621
16 0.001612
17 0.001606
18 0.001595
19 0.001586
20 0.001579
21 0.001569
22 0.001557
23 0.001548
24 0.001542
25 0.001540
26 0.001540
27 0.001540
28 0.001544
29 0.001547
30 0.001552
31 0.001543
32 0.001530
33 0.001529
34 0.001519
35 0.001516
36 0.001506
37 0.001487
38 0.001464
39 0.001450
40 0.001440
41 0.001428
42 0.001407
43 0.001394
44 0.001376
45 0.001357
46 0.001346
47 0.001327
48 0.001312
49 0.001301
50 0.001289
51 0.001290
52 0.001285
53 0.001282
54 0.001284
55 0.001293
56 0.001300
57 0.001300
58 0.001292
59 0.001285
60 0.001272
61 0.001253
62 0.001231
63 0.001214
64 0.001196
65 0.001178
66 0.001169
67 0.001154
68 0.001143
69 0.001135
70 0.001128
71 0.001121
72 0.001118
73 0.001116
74 0.001110
75 0.001109
76 0.001108
77 0.001099
78 0.001087
79 0.001081
80 0.001082
81 0.001086
82 0.001099
83 0.001104
84 0.001110
85 0.001112
86 0.001123
87 0.001129
88 0.001130
89 0.001134
90 0.001143
91 0.001156
92 0.001172
93 0.001170
94 0.001167
95 0.001157
96 0.001152
97 0.001142
98 0.001127
99 0.001117
100 0.001110
101 0.001098
102 0.001089
103 0.001083
104 0.001071
105 0.001057
106 0.001039
107 0.001028
108 0.001018
109 0.001016
110 0.001016
111 0.001019
112 0.001032
113 0.001038
114 0.001047
115 0.001049
116 0.001055
117 0.001063
118 0.001069
119 0.001078
120 0.001081
121 0.001088
122 0.001096
123 0.001100
124 0.001105
125 0.001106
126 0.001111
127 0.001122
128 0.001135
129 0.001145
130 0.001157
131 0.001164
132 0.001168
133 0.001174
134 0.001166
135 0.001165
136 0.001163
137 0.001162
138 0.001153
139 0.001149
140 0.001136
141 0.001128
142 0.001121
143 0.001117
144 0.001107
145 0.001101
146 0.001095
147 0.001099
148 0.001108
149 0.001119
150 0.001131
151 0.001136
152 0.001135
153 0.001131
154 0.001123
155 0.001121
156 0.001119
157 0.001124
158 0.001126
159 0.001137
160 0.001141
161 0.001145
162 0.001145
163 0.001146
164 0.001149
165 0.001145
166 0.001143
167 0.001137
168 0.001127
169 0.001116
170 0.001103
171 0.001086
172 0.001076
173 0.001070
174 0.001060
175 0.001039
176 0.001026
177 0.001015
178 0.001005
179 0.000993
180 0.000975
181 0.000963
182 0.000963
183 0.000964
184 0.000973
185 0.000983
186 0.000996
187 0.001003
188 0.001011
189 0.001009
190 0.001006
191 0.000997
192 0.000988
193 0.000975
194 0.000965
195 0.000955
196 0.000946
197 0.000937
198 0.000925
199 0.000920
200 0.000908
201 0.000898
202 0.000886
203 0.000880
204 0.000874
205 0.000870
206 0.000862
207 0.000850
208 0.000838
209 0.000832
210 0.000822
211 0.000808
212 0.000797
213 0.000793
214 0.000788
215 0.000785
216 0.000781
217 0.000782
218 0.000781
219 0.000781
220 0.000776
221 0.000768
222 0.000765
223 0.000767
224 0.000766
225 0.000768
226 0.000765
227 0.000765
228 0.000761
229 0.000756
230 0.000757
231 0.000751
232 0.000743
233 0.000735
234 0.000724
235 0.000712
236 0.000707
237 0.000698
238 0.000692
239 0.000688
240 0.000686
241 0.000681
242 0.000683
243 0.000695
244 0.000706
245 0.000716
246 0.000726
247 0.000724
248 0.000716
249 0.000716
