# time covered_sites
0.010000 13528.000000
0.020000 25550.000000
0.030000 35860.000000
0.040000 44902.000000
0.050000 52968.000000
0.060000 59928.000000
0.070000 66024.000000
0.080000 71148.000000
0.090000 75468.000000
0.100000 79338.000000
0.110000 82662.000000
0.120000 85456.000000
0.130000 88000.000000
0.140000 90006.000000
0.150000 91806.000000
0.160000 93744.000000
0.170000 95420.000000
0.180000 96456.000000
0.190000 97590.000000
0.200000 98520.000000
0.210000 99234.000000
0.220000 99982.000000
0.230000 100830.000000
0.240000 101510.000000
0.250000 101788.000000
0.260000 102236.000000
0.270000 102642.000000
0.280000 102768.000000
0.290000 103358.000000
0.300000 103788.000000
0.310000 103984.000000
0.320000 104390.000000
0.330000 104696.000000
0.340000 105106.000000
0.350000 105418.000000
0.360000 105640.000000
0.370000 105786.000000
0.380000 106138.000000
0.390000 106214.000000
0.400000 106314.000000
0.410000 106402.000000
0.420000 106656.000000
0.430000 106898.000000
0.440000 106928.000000
0.450000 106948.000000
0.460000 107068.000000
0.470000 107204.000000
0.480000 107400.000000
0.490000 107528.000000
0.500000 107722.000000
0.510000 107878.000000
0.520000 108126.000000
0.530000 107968.000000
0.540000 107810.000000
0.550000 107896.000000
0.560000 107930.000000
0.570000 108298.000000
0.580000 108122.000000
0.590000 107842.000000
0.600000 108040.000000
0.610000 108130.000000
0.620000 108368.000000
0.630000 108462.000000
0.640000 108574.000000
0.650000 108556.000000
0.660000 108476.000000
0.670000 108498.000000
0.680000 108332.000000
0.690000 108596.000000
0.700000 108706.000000
0.710000 108866.000000
0.720000 108976.000000
0.730000 109204.000000
0.740000 108982.000000
0.750000 108712.000000
0.760000 108892.000000
0.770000 108802.000000
0.780000 108616.000000
0.790000 108716.000000
0.800000 108910.000000
0.810000 108874.000000
0.820000 109104.000000
0.830000 109384.000000
0.840000 109340.000000
0.850000 109358.000000
0.860000 109324.000000
0.870000 109286.000000
0.880000 109266.000000
0.890000 109272.000000
0.900000 109408.000000
0.910000 109386.000000
0.920000 109236.000000
0.930000 109534.000000
0.940000 109528.000000
0.950000 109710.000000
0.960000 109664.000000
0.970000 110080.000000
0.980000 110176.000000
0.990000 110156.000000
1.000000 110100.000000
1.010000 110126.000000
1.020000 110220.000000
1.030000 110192.000000
1.040000 110166.000000
1.050000 109938.000000
1.060000 110014.000000
1.070000 109982.000000
1.080000 110050.000000
1.090000 110066.000000
1.100000 110078.000000
1.110000 110020.000000
1.120000 109980.000000
1.130000 109894.000000
1.140000 109828.000000
1.150000 109690.000000
1.160000 109788.000000
1.170000 109772.000000
1.180000 109980.000000
1.190000 110120.000000
1.200000 110204.000000
1.210000 110204.000000
1.220000 110228.000000
1.230000 110214.000000
1.240000 110042.000000
1.250000 109994.000000
1.260000 109886.000000
1.270000 109778.000000
1.280000 109646.000000
1.290000 109730.000000
1.300000 109980.000000
1.310000 110394.000000
1.320000 110152.000000
1.330000 110236.000000
1.340000 110192.000000
1.350000 110328.000000
1.360000 110482.000000
1.370000 110416.000000
1.380000 110586.000000
1.390000 110926.000000
1.400000 110842.000000
1.410000 110644.000000
1.420000 110418.000000
1.430000 110382.000000
1.440000 110290.000000
1.450000 110286.000000
1.460000 110326.000000
1.470000 109960.000000
1.480000 109780.000000
1.490000 109902.000000
1.500000 109708.000000
1.510000 109862.000000
1.520000 110108.000000
1.530000 110320.000000
1.540000 110106.000000
1.550000 110012.000000
1.560000 110182.000000
1.570000 110318.000000
1.580000 110082.000000
1.590000 110294.000000
1.600000 110220.000000
1.610000 110170.000000
1.620000 110302.000000
1.630000 110368.000000
1.640000 110230.000000
1.650000 110264.000000
1.660000 110238.000000
1.670000 110350.000000
1.680000 110374.000000
1.690000 110528.000000
1.700000 110194.000000
1.710000 110252.000000
1.720000 110404.000000
1.730000 110520.000000
1.740000 110760.000000
1.750000 110734.000000
1.760000 110744.000000
1.770000 110794.000000
1.780000 110866.000000
1.790000 110674.000000
1.800000 110652.000000
1.810000 110484.000000
1.820000 110510.000000
1.830000 110386.000000
1.840000 110462.000000
1.850000 110522.000000
1.860000 110706.000000
1.870000 110500.000000
1.880000 110420.000000
1.890000 110390.000000
1.900000 110306.000000
1.910000 110504.000000
1.920000 110374.000000
1.930000 110458.000000
1.940000 110478.000000
1.950000 110284.000000
1.960000 110206.000000
1.970000 110210.000000
1.980000 110490.000000
1.990000 110488.000000
2.000000 110012.000000
2.010000 110062.000000
2.020000 110228.000000
2.030000 110116.000000
2.040000 110076.000000
2.050000 110182.000000
2.060000 110280.000000
2.070000 110124.000000
2.080000 110374.000000
2.090000 110304.000000
2.100000 110082.000000
2.110000 110076.000000
2.120000 110122.000000
2.130000 110018.000000
2.140000 109874.000000
2.150000 110036.000000
2.160000 110384.000000
2.170000 110354.000000
2.180000 110124.000000
2.190000 110196.000000
2.200000 110214.000000
2.210000 110398.000000
2.220000 110284.000000
2.230000 110352.000000
2.240000 110218.000000
2.250000 110358.000000
2.260000 110448.000000
2.270000 110414.000000
2.280000 110542.000000
2.290000 110538.000000
2.300000 110712.000000
2.310000 110650.000000
2.320000 110906.000000
2.330000 110750.000000
2.340000 110766.000000
2.350000 110752.000000
2.360000 110548.000000
2.370000 110588.000000
2.380000 110444.000000
2.390000 110320.000000
2.400000 110328.000000
2.410000 110658.000000
2.420000 110816.000000
2.430000 110964.000000
2.440000 110906.000000
2.450000 110952.000000
2.460000 110720.000000
2.470000 110474.000000
2.480000 110496.000000
2.490000 110382.000000
2.500000 110370.000000
2.510000 110904.000000
2.520000 110580.000000
2.530000 110552.000000
2.540000 110450.000000
2.550000 110460.000000
2.560000 110498.000000
2.570000 110602.000000
2.580000 110592.000000
2.590000 110746.000000
2.600000 110572.000000
2.610000 110758.000000
2.620000 110678.000000
2.630000 110474.000000
2.640000 110108.000000
2.650000 109850.000000
2.660000 110096.000000
2.670000 110208.000000
2.680000 110286.000000
2.690000 110554.000000
2.700000 110716.000000
2.710000 110998.000000
2.720000 111072.000000
2.730000 111126.000000
2.740000 111018.000000
2.750000 110932.000000
2.760000 111000.000000
2.770000 110946.000000
2.780000 111088.000000
2.790000 111152.000000
2.800000 111254.000000
2.810000 111028.000000
2.820000 111056.000000
2.830000 111162.000000
2.840000 111090.000000
2.850000 111166.000000
2.860000 111080.000000
2.870000 110970.000000
2.880000 110958.000000
2.890000 110858.000000
2.900000 110800.000000
2.910000 110646.000000
2.920000 110782.000000
2.930000 110848.000000
2.940000 110858.000000
2.950000 110960.000000
2.960000 110778.000000
2.970000 110980.000000
2.980000 111256.000000
2.990000 111220.000000
3.000000 111224.000000
3.010000 110952.000000
3.020000 111036.000000
3.030000 111018.000000
3.040000 110980.000000
3.050000 110854.000000
3.060000 110670.000000
3.070000 110510.000000
3.080000 110584.000000
3.090000 110842.000000
3.100000 110762.000000
3.110000 110914.000000
3.120000 110684.000000
3.130000 110838.000000
3.140000 110704.000000
3.150000 110438.000000
3.160000 110400.000000
3.170000 110340.000000
3.180000 110272.000000
3.190000 110098.000000
3.200000 109960.000000
3.210000 110188.000000
3.220000 109964.000000
3.230000 110126.000000
3.240000 110360.000000
3.250000 110554.000000
3.260000 110520.000000
3.270000 110606.000000
3.280000 110696.000000
3.290000 110568.000000
3.300000 110560.000000
3.310000 110524.000000
3.320000 110682.000000
3.330000 110676.000000
3.340000 110564.000000
3.350000 110430.000000
3.360000 110296.000000
3.370000 110514.000000
3.380000 110716.000000
3.390000 110528.000000
3.400000 110542.000000
3.410000 110638.000000
3.420000 110640.000000
3.430000 110466.000000
3.440000 110390.000000
3.450000 110678.000000
3.460000 110426.000000
3.470000 110454.000000
3.480000 110466.000000
3.490000 110616.000000
3.500000 110650.000000
3.510000 110796.000000
3.520000 110868.000000
3.530000 110768.000000
3.540000 110836.000000
3.550000 111102.000000
3.560000 111330.000000
3.570000 111412.000000
3.580000 111208.000000
3.590000 111078.000000
3.600000 111188.000000
3.610000 111434.000000
3.620000 111438.000000
3.630000 111486.000000
3.640000 111434.000000
3.650000 111422.000000
3.660000 111366.000000
3.670000 111302.000000
3.680000 111194.000000
3.690000 111164.000000
3.700000 111158.000000
3.710000 111238.000000
3.720000 111158.000000
3.730000 111370.000000
3.740000 111166.000000
3.750000 111276.000000
3.760000 111398.000000
3.770000 111438.000000
3.780000 111730.000000
3.790000 111376.000000
3.800000 111136.000000
3.810000 110706.000000
3.820000 110946.000000
3.830000 110908.000000
3.840000 111098.000000
3.850000 111132.000000
3.860000 111094.000000
3.870000 111056.000000
3.880000 110874.000000
3.890000 110812.000000
3.900000 110816.000000
3.910000 110702.000000
3.920000 110686.000000
3.930000 110754.000000
3.940000 110898.000000
3.950000 110930.000000
3.960000 111042.000000
3.970000 111178.000000
3.980000 111344.000000
3.990000 111390.000000
4.000000 111542.000000
4.010000 111636.000000
4.020000 111414.000000
4.030000 111278.000000
4.040000 111412.000000
4.050000 111544.000000
4.060000 111416.000000
4.070000 111320.000000
4.080000 111396.000000
4.090000 111332.000000
4.100000 111288.000000
4.110000 111336.000000
4.120000 111592.000000
4.130000 111446.000000
4.140000 111376.000000
4.150000 111478.000000
4.160000 111522.000000
4.170000 111316.000000
4.180000 111138.000000
4.190000 110894.000000
4.200000 110772.000000
4.210000 110950.000000
4.220000 111056.000000
4.230000 110946.000000
4.240000 110744.000000
4.250000 110602.000000
4.260000 110770.000000
4.270000 110702.000000
4.280000 110980.000000
4.290000 111000.000000
4.300000 110856.000000
4.310000 111038.000000
4.320000 111022.000000
4.330000 110808.000000
4.340000 110726.000000
4.350000 110688.000000
4.360000 110652.000000
4.370000 110764.000000
4.380000 110892.000000
4.390000 111034.000000
4.400000 111070.000000
4.410000 111028.000000
4.420000 111282.000000
4.430000 110972.000000
4.440000 110776.000000
4.450000 110772.000000
4.460000 110620.000000
4.470000 110612.000000
4.480000 110614.000000
4.490000 110688.000000
4.500000 110598.000000
4.510000 110718.000000
4.520000 110710.000000
4.530000 110676.000000
4.540000 111028.000000
4.550000 110832.000000
4.560000 110844.000000
4.570000 110978.000000
4.580000 110690.000000
4.590000 111006.000000
4.600000 110924.000000
4.610000 111082.000000
4.620000 111048.000000
4.630000 111050.000000
4.640000 110922.000000
4.650000 110650.000000
4.660000 110560.000000
4.670000 110792.000000
4.680000 110798.000000
4.690000 110722.000000
4.700000 110856.000000
4.710000 110896.000000
4.720000 110978.000000
4.730000 110982.000000
4.740000 111332.000000
4.750000 111388.000000
4.760000 111164.000000
4.770000 110986.000000
4.780000 110658.000000
4.790000 110514.000000
4.800000 110626.000000
4.810000 110766.000000
4.820000 110820.000000
4.830000 111016.000000
4.840000 110904.000000
4.850000 110868.000000
4.860000 110576.000000
4.870000 110764.000000
4.880000 111034.000000
4.890000 111326.000000
4.900000 111428.000000
4.910000 111336.000000
4.920000 111530.000000
4.930000 111548.000000
4.940000 111296.000000
4.950000 111010.000000
4.960000 111246.000000
4.970000 111188.000000
4.980000 111130.000000
4.990000 111114.000000
5.000000 110972.000000
5.010000 110882.000000
5.020000 110880.000000
5.030000 111188.000000
5.040000 111044.000000
5.050000 111178.000000
5.060000 111076.000000
5.070000 111092.000000
5.080000 111180.000000
5.090000 111240.000000
5.100000 111192.000000
5.110000 111026.000000
5.120000 110986.000000
5.130000 110938.000000
5.140000 111022.000000
5.150000 110946.000000
5.160000 110792.000000
5.170000 110866.000000
5.180000 111018.000000
5.190000 110768.000000
5.200000 110768.000000
5.210000 110598.000000
5.220000 110798.000000
5.230000 111042.000000
5.240000 110902.000000
5.250000 110768.000000
5.260000 111040.000000
5.270000 110952.000000
5.280000 110932.000000
5.290000 110932.000000
5.300000 111164.000000
5.310000 111124.000000
5.320000 111188.000000
5.330000 111150.000000
5.340000 111172.000000
5.350000 111050.000000
5.360000 111280.000000
5.370000 111270.000000
5.380000 111144.000000
5.390000 111140.000000
5.400000 111242.000000
5.410000 111222.000000
5.420000 111092.000000
5.430000 110678.000000
5.440000 110586.000000
5.450000 110716.000000
5.460000 110604.000000
5.470000 110728.000000
5.480000 110812.000000
5.490000 110850.000000
5.500000 110966.000000
5.510000 110802.000000
5.520000 110798.000000
5.530000 110846.000000
5.540000 111132.000000
5.550000 110976.000000
5.560000 110790.000000
5.570000 110986.000000
5.580000 110876.000000
5.590000 110972.000000
5.600000 111178.000000
5.610000 111394.000000
5.620000 111268.000000
5.630000 111348.000000
5.640000 111268.000000
5.650000 111422.000000
5.660000 111250.000000
5.670000 111028.000000
5.680000 111016.000000
5.690000 111110.000000
5.700000 111064.000000
5.710000 111056.000000
5.720000 110956.000000
5.730000 110770.000000
5.740000 110666.000000
5.750000 110674.000000
5.760000 110742.000000
5.770000 110810.000000
5.780000 110712.000000
5.790000 110742.000000
5.800000 110744.000000
5.810000 110948.000000
5.820000 111046.000000
5.830000 111028.000000
5.840000 111112.000000
5.850000 110814.000000
5.860000 110860.000000
5.870000 110728.000000
5.880000 110656.000000
5.890000 110630.000000
5.900000 110728.000000
5.910000 110532.000000
5.920000 110552.000000
5.930000 110676.000000
5.940000 110344.000000
5.950000 110358.000000
5.960000 110786.000000
5.970000 110814.000000
5.980000 110602.000000
5.990000 110592.000000
6.000000 110606.000000
6.010000 110592.000000
6.020000 110768.000000
6.030000 111012.000000
6.040000 110934.000000
6.050000 111164.000000
6.060000 111208.000000
6.070000 111284.000000
6.080000 111118.000000
6.090000 111264.000000
6.100000 111180.000000
6.110000 111242.000000
6.120000 111122.000000
6.130000 111188.000000
6.140000 111148.000000
6.150000 111220.000000
6.160000 111104.000000
6.170000 110734.000000
6.180000 110894.000000
6.190000 110744.000000
6.200000 110776.000000
6.210000 110752.000000
6.220000 110672.000000
6.230000 110706.000000
6.240000 110660.000000
6.250000 110884.000000
6.260000 111084.000000
6.270000 110996.000000
6.280000 110782.000000
6.290000 110930.000000
6.300000 110928.000000
6.310000 110928.000000
6.320000 110866.000000
6.330000 110904.000000
6.340000 111032.000000
6.350000 111066.000000
6.360000 111216.000000
6.370000 111028.000000
6.380000 110876.000000
6.390000 111014.000000
6.400000 111126.000000
6.410000 111378.000000
6.420000 111210.000000
6.430000 111448.000000
6.440000 111246.000000
6.450000 111294.000000
6.460000 111186.000000
6.470000 111352.000000
6.480000 111308.000000
6.490000 111318.000000
6.500000 111144.000000
6.510000 111296.000000
6.520000 111034.000000
6.530000 110938.000000
6.540000 110784.000000
6.550000 111050.000000
6.560000 110894.000000
6.570000 110938.000000
6.580000 110984.000000
6.590000 110956.000000
6.600000 110924.000000
6.610000 111230.000000
6.620000 111226.000000
6.630000 111374.000000
6.640000 111286.000000
6.650000 111250.000000
6.660000 111032.000000
6.670000 110850.000000
6.680000 111008.000000
6.690000 111136.000000
6.700000 111142.000000
6.710000 110862.000000
6.720000 110612.000000
6.730000 110584.000000
6.740000 110700.000000
6.750000 110836.000000
6.760000 110712.000000
6.770000 110706.000000
6.780000 110662.000000
6.790000 110682.000000
6.800000 110834.000000
6.810000 110856.000000
6.820000 110884.000000
6.830000 111096.000000
6.840000 111114.000000
6.850000 111124.000000
6.860000 111048.000000
6.870000 110846.000000
6.880000 110902.000000
6.890000 111022.000000
6.900000 110982.000000
6.910000 110946.000000
6.920000 111008.000000
6.930000 110802.000000
6.940000 110740.000000
6.950000 110736.000000
6.960000 110696.000000
6.970000 110750.000000
6.980000 111066.000000
6.990000 110990.000000
7.000000 110962.000000
7.010000 111406.000000
7.020000 111206.000000
7.030000 111034.000000
7.040000 111302.000000
7.050000 111218.000000
7.060000 111392.000000
7.070000 111332.000000
7.080000 111392.000000
7.090000 111468.000000
7.100000 111270.000000
7.110000 111388.000000
7.120000 111184.000000
7.130000 111074.000000
7.140000 111166.000000
7.150000 111316.000000
7.160000 111192.000000
7.170000 110962.000000
7.180000 110898.000000
7.190000 110980.000000
7.200000 110588.000000
7.210000 110596.000000
7.220000 110634.000000
7.230000 110740.000000
7.240000 110806.000000
7.250000 110802.000000
7.260000 110762.000000
7.270000 111096.000000
7.280000 111430.000000
7.290000 111368.000000
7.300000 111300.000000
7.310000 111180.000000
7.320000 111112.000000
7.330000 111198.000000
7.340000 111154.000000
7.350000 111298.000000
7.360000 111338.000000
7.370000 110914.000000
7.380000 110720.000000
7.390000 110798.000000
7.400000 110636.000000
7.410000 110960.000000
7.420000 111118.000000
7.430000 110946.000000
7.440000 110944.000000
7.450000 110966.000000
7.460000 111122.000000
7.470000 110858.000000
7.480000 110924.000000
7.490000 110826.000000
7.500000 110954.000000
7.510000 110782.000000
7.520000 110926.000000
7.530000 111060.000000
7.540000 111214.000000
7.550000 111038.000000
7.560000 110808.000000
7.570000 110792.000000
7.580000 110784.000000
7.590000 110998.000000
7.600000 110956.000000
7.610000 110908.000000
7.620000 110920.000000
7.630000 111070.000000
7.640000 111086.000000
7.650000 111112.000000
7.660000 110958.000000
7.670000 111164.000000
7.680000 111234.000000
7.690000 111428.000000
7.700000 111554.000000
7.710000 111516.000000
7.720000 111450.000000
7.730000 111244.000000
7.740000 111052.000000
7.750000 110946.000000
7.760000 110912.000000
7.770000 111026.000000
7.780000 111012.000000
7.790000 110862.000000
7.800000 111042.000000
7.810000 110958.000000
7.820000 111104.000000
7.830000 111036.000000
7.840000 111088.000000
7.850000 111422.000000
7.860000 111516.000000
7.870000 111494.000000
7.880000 111576.000000
7.890000 111672.000000
7.900000 111732.000000
7.910000 111676.000000
7.920000 111432.000000
7.930000 111340.000000
7.940000 111194.000000
7.950000 111244.000000
7.960000 111140.000000
7.970000 111222.000000
7.980000 110942.000000
7.990000 111078.000000
8.000000 110960.000000
8.010000 110718.000000
8.020000 110798.000000
8.030000 111154.000000
8.040000 111150.000000
8.050000 111196.000000
8.060000 110896.000000
8.070000 110964.000000
8.080000 110898.000000
8.090000 111002.000000
8.100000 111056.000000
8.110000 111016.000000
8.120000 111010.000000
8.130000 110960.000000
8.140000 111082.000000
8.150000 111120.000000
8.160000 110998.000000
8.170000 111076.000000
8.180000 111052.000000
8.190000 110852.000000
8.200000 110646.000000
8.210000 110852.000000
8.220000 110942.000000
8.230000 111378.000000
8.240000 111408.000000
8.250000 111202.000000
8.260000 111416.000000
8.270000 111478.000000
8.280000 111632.000000
8.290000 111370.000000
8.300000 111230.000000
8.310000 111266.000000
8.320000 111468.000000
8.330000 111230.000000
8.340000 111106.000000
8.350000 110958.000000
8.360000 111234.000000
8.370000 111414.000000
8.380000 111246.000000
8.390000 111102.000000
8.400000 111008.000000
8.410000 111026.000000
8.420000 111128.000000
8.430000 111004.000000
8.440000 111020.000000
8.450000 111034.000000
8.460000 111086.000000
8.470000 110922.000000
8.480000 110852.000000
8.490000 110818.000000
8.500000 110764.000000
8.510000 110812.000000
8.520000 110816.000000
8.530000 110852.000000
8.540000 111236.000000
8.550000 111150.000000
8.560000 110960.000000
8.570000 111124.000000
8.580000 111188.000000
8.590000 110974.000000
8.600000 110930.000000
8.610000 111078.000000
8.620000 111280.000000
8.630000 111324.000000
8.640000 111144.000000
8.650000 110998.000000
8.660000 110974.000000
8.670000 110908.000000
8.680000 111020.000000
8.690000 110766.000000
8.700000 111026.000000
8.710000 111288.000000
8.720000 111078.000000
8.730000 111150.000000
8.740000 111110.000000
8.750000 111338.000000
8.760000 111084.000000
8.770000 111116.000000
8.780000 111146.000000
8.790000 111140.000000
8.800000 111226.000000
8.810000 111162.000000
8.820000 111320.000000
8.830000 111258.000000
8.840000 111278.000000
8.850000 110972.000000
8.860000 111034.000000
8.870000 111046.000000
8.880000 111166.000000
8.890000 111142.000000
8.900000 111116.000000
8.910000 110838.000000
8.920000 111108.000000
8.930000 111036.000000
8.940000 111172.000000
8.950000 111170.000000
8.960000 111206.000000
8.970000 111104.000000
8.980000 111284.000000
8.990000 111152.000000
9.000000 111254.000000
9.010000 111136.000000
9.020000 110906.000000
9.030000 110782.000000
9.040000 110850.000000
9.050000 110952.000000
9.060000 111326.000000
9.070000 111344.000000
9.080000 111322.000000
9.090000 111464.000000
9.100000 111578.000000
9.110000 111666.000000
9.120000 111824.000000
9.130000 111742.000000
9.140000 111898.000000
9.150000 111772.000000
9.160000 111752.000000
9.170000 111638.000000
9.180000 111414.000000
9.190000 111476.000000
9.200000 111422.000000
9.210000 111292.000000
9.220000 111456.000000
9.230000 111336.000000
9.240000 111470.000000
9.250000 111630.000000
9.260000 111496.000000
9.270000 111646.000000
9.280000 111468.000000
9.290000 111368.000000
9.300000 111386.000000
9.310000 111524.000000
9.320000 111496.000000
9.330000 111644.000000
9.340000 111398.000000
9.350000 111570.000000
9.360000 111306.000000
9.370000 111174.000000
9.380000 110740.000000
9.390000 110866.000000
9.400000 110924.000000
9.410000 111118.000000
9.420000 111154.000000
9.430000 110908.000000
9.440000 110762.000000
9.450000 110856.000000
9.460000 111028.000000
9.470000 111270.000000
9.480000 111274.000000
9.490000 111302.000000
9.500000 111176.000000
9.510000 111302.000000
9.520000 111264.000000
9.530000 111044.000000
9.540000 111366.000000
9.550000 111338.000000
9.560000 111386.000000
9.570000 111586.000000
9.580000 111572.000000
9.590000 111438.000000
9.600000 111394.000000
9.610000 111002.000000
9.620000 111090.000000
9.630000 111112.000000
9.640000 111218.000000
9.650000 111236.000000
9.660000 111364.000000
9.670000 111644.000000
9.680000 111486.000000
9.690000 111678.000000
9.700000 111514.000000
9.710000 111714.000000
9.720000 111662.000000
9.730000 111412.000000
9.740000 111234.000000
9.750000 111078.000000
9.760000 111136.000000
9.770000 111392.000000
9.780000 111308.000000
9.790000 111094.000000
9.800000 110906.000000
9.810000 110878.000000
9.820000 110556.000000
9.830000 111022.000000
9.840000 110868.000000
9.850000 111064.000000
9.860000 111456.000000
9.870000 111370.000000
9.880000 111260.000000
9.890000 111162.000000
9.900000 111298.000000
9.910000 111336.000000
9.920000 111356.000000
9.930000 111124.000000
9.940000 111252.000000
9.950000 111238.000000
9.960000 111294.000000
9.970000 111400.000000
9.980000 111196.000000
9.990000 110958.000000
10.000000 111308.000000
