# time covered_sites
0.010000 13940.000000
0.020000 25928.000000
0.030000 36352.000000
0.040000 45398.000000
0.050000 52980.000000
0.060000 59684.000000
0.070000 66094.000000
0.080000 71536.000000
0.090000 76024.000000
0.100000 80262.000000
0.110000 83504.000000
0.120000 86342.000000
0.130000 88614.000000
0.140000 90608.000000
0.150000 92616.000000
0.160000 94134.000000
0.170000 95658.000000
0.180000 96888.000000
0.190000 98278.000000
0.200000 99168.000000
0.210000 99914.000000
0.220000 100654.000000
0.230000 101182.000000
0.240000 101726.000000
0.250000 102274.000000
0.260000 102898.000000
0.270000 103046.000000
0.280000 103296.000000
0.290000 103660.000000
0.300000 103848.000000
0.310000 103790.000000
0.320000 104062.000000
0.330000 104350.000000
0.340000 104920.000000
0.350000 105046.000000
0.360000 105258.000000
0.370000 105586.000000
0.380000 105876.000000
0.390000 106170.000000
0.400000 106660.000000
0.410000 106812.000000
0.420000 106872.000000
0.430000 106972.000000
0.440000 106904.000000
0.450000 106932.000000
0.460000 106970.000000
0.470000 106870.000000
0.480000 107070.000000
0.490000 107062.000000
0.500000 107410.000000
0.510000 107584.000000
0.520000 107748.000000
0.530000 107726.000000
0.540000 108162.000000
0.550000 108162.000000
0.560000 107998.000000
0.570000 107940.000000
0.580000 107996.000000
0.590000 107988.000000
0.600000 108008.000000
0.610000 108014.000000
0.620000 108180.000000
0.630000 108372.000000
0.640000 108528.000000
0.650000 108704.000000
0.660000 108586.000000
0.670000 108730.000000
0.680000 108724.000000
0.690000 108966.000000
0.700000 109276.000000
0.710000 109328.000000
0.720000 109226.000000
0.730000 109170.000000
0.740000 109362.000000
0.750000 109118.000000
0.760000 109006.000000
0.770000 109146.000000
0.780000 109282.000000
0.790000 109010.000000
0.800000 108930.000000
0.810000 108994.000000
0.820000 109208.000000
0.830000 109276.000000
0.840000 109084.000000
0.850000 109364.000000
0.860000 109410.000000
0.870000 109386.000000
0.880000 109218.000000
0.890000 109448.000000
0.900000 109514.000000
0.910000 109216.000000
0.920000 109620.000000
0.930000 109462.000000
0.940000 109586.000000
0.950000 109784.000000
0.960000 109796.000000
0.970000 109876.000000
0.980000 109680.000000
0.990000 109822.000000
1.000000 110070.000000
1.010000 109840.000000
1.020000 109830.000000
1.030000 110042.000000
1.040000 109784.000000
1.050000 109592.000000
1.060000 109728.000000
1.070000 109658.000000
1.080000 109602.000000
1.090000 109622.000000
1.100000 109604.000000
1.110000 109652.000000
1.120000 109710.000000
1.130000 109856.000000
1.140000 109672.000000
1.150000 109746.000000
1.160000 109778.000000
1.170000 109560.000000
1.180000 109576.000000
1.190000 109714.000000
1.200000 109712.000000
1.210000 109838.000000
1.220000 109660.000000
1.230000 109860.000000
1.240000 109452.000000
1.250000 109544.000000
1.260000 109594.000000
1.270000 109768.000000
1.280000 109560.000000
1.290000 109766.000000
1.300000 109966.000000
1.310000 110110.000000
1.320000 109930.000000
1.330000 110102.000000
1.340000 110384.000000
1.350000 110282.000000
1.360000 110266.000000
1.370000 110272.000000
1.380000 110170.000000
1.390000 110246.000000
1.400000 110232.000000
1.410000 109978.000000
1.420000 110224.000000
1.430000 110398.000000
1.440000 110356.000000
1.450000 110370.000000
1.460000 110594.000000
1.470000 110520.000000
1.480000 110412.000000
1.490000 110258.000000
1.500000 110380.000000
1.510000 110218.000000
1.520000 110344.000000
1.530000 110228.000000
1.540000 110316.000000
1.550000 110380.000000
1.560000 110460.000000
1.570000 110444.000000
1.580000 110422.000000
1.590000 110612.000000
1.600000 110420.000000
1.610000 110236.000000
1.620000 110108.000000
1.630000 110080.000000
1.640000 110072.000000
1.650000 110018.000000
1.660000 110160.000000
1.670000 110258.000000
1.680000 110228.000000
1.690000 110340.000000
1.700000 110518.000000
1.710000 110656.000000
1.720000 110566.000000
1.730000 110608.000000
1.740000 110440.000000
1.750000 110676.000000
1.760000 110566.000000
1.770000 110470.000000
1.780000 110434.000000
1.790000 110344.000000
1.800000 110360.000000
1.810000 110762.000000
1.820000 110570.000000
1.830000 110596.000000
1.840000 110514.000000
1.850000 110450.000000
1.860000 110530.000000
1.870000 110390.000000
1.880000 110202.000000
1.890000 110266.000000
1.900000 110240.000000
1.910000 110288.000000
1.920000 110266.000000
1.930000 110230.000000
1.940000 110354.000000
1.950000 110494.000000
1.960000 110250.000000
1.970000 110304.000000
1.980000 110374.000000
1.990000 109918.000000
2.000000 110002.000000
2.010000 110192.000000
2.020000 110514.000000
2.030000 110346.000000
2.040000 110452.000000
2.050000 110534.000000
2.060000 110460.000000
2.070000 110478.000000
2.080000 110532.000000
2.090000 110614.000000
2.100000 110360.000000
2.110000 110444.000000
2.120000 110590.000000
2.130000 110498.000000
2.140000 110292.000000
2.150000 110286.000000
2.160000 110490.000000
2.170000 110878.000000
2.180000 110486.000000
2.190000 110466.000000
2.200000 110634.000000
2.210000 110616.000000
2.220000 110702.000000
2.230000 110764.000000
2.240000 110606.000000
2.250000 110458.000000
2.260000 110656.000000
2.270000 110446.000000
2.280000 110388.000000
2.290000 110502.000000
2.300000 110434.000000
2.310000 110200.000000
2.320000 110382.000000
2.330000 110184.000000
2.340000 109992.000000
2.350000 110282.000000
2.360000 110344.000000
2.370000 110560.000000
2.380000 110672.000000
2.390000 110870.000000
2.400000 110990.000000
2.410000 110820.000000
2.420000 110674.000000
2.430000 110842.000000
2.440000 110876.000000
2.450000 110794.000000
2.460000 110922.000000
2.470000 111034.000000
2.480000 110938.000000
2.490000 110808.000000
2.500000 110716.000000
2.510000 110762.000000
2.520000 110898.000000
2.530000 110838.000000
2.540000 110826.000000
2.550000 110742.000000
2.560000 110684.000000
2.570000 110540.000000
2.580000 110542.000000
2.590000 110624.000000
2.600000 110942.000000
2.610000 111184.000000
2.620000 111336.000000
2.630000 111106.000000
2.640000 111104.000000
2.650000 111056.000000
2.660000 110808.000000
2.670000 110432.000000
2.680000 110318.000000
2.690000 110318.000000
2.700000 110328.000000
2.710000 110302.000000
2.720000 110384.000000
2.730000 110606.000000
2.740000 111022.000000
2.750000 110740.000000
2.760000 110608.000000
2.770000 110866.000000
2.780000 110822.000000
2.790000 110810.000000
2.800000 110792.000000
2.810000 110854.000000
2.820000 110752.000000
2.830000 110708.000000
2.840000 110784.000000
2.850000 110972.000000
2.860000 110726.000000
2.870000 110610.000000
2.880000 110716.000000
2.890000 110784.000000
2.900000 110454.000000
2.910000 110578.000000
2.920000 110480.000000
2.930000 110560.000000
2.940000 110432.000000
2.950000 110450.000000
2.960000 110444.000000
2.970000 110428.000000
2.980000 110698.000000
2.990000 110640.000000
3.000000 110594.000000
3.010000 110786.000000
3.020000 110662.000000
3.030000 110488.000000
3.040000 110730.000000
3.050000 110788.000000
3.060000 110894.000000
3.070000 110968.000000
3.080000 111092.000000
3.090000 111168.000000
3.100000 110798.000000
3.110000 110550.000000
3.120000 110490.000000
3.130000 110474.000000
3.140000 110688.000000
3.150000 110902.000000
3.160000 110576.000000
3.170000 110718.000000
3.180000 110774.000000
3.190000 110902.000000
3.200000 110958.000000
3.210000 110778.000000
3.220000 110932.000000
3.230000 110922.000000
3.240000 110706.000000
3.250000 110690.000000
3.260000 110790.000000
3.270000 110636.000000
3.280000 110512.000000
3.290000 110366.000000
3.300000 110406.000000
3.310000 110490.000000
3.320000 110764.000000
3.330000 110714.000000
3.340000 110662.000000
3.350000 110706.000000
3.360000 111030.000000
3.370000 110980.000000
3.380000 111030.000000
3.390000 111232.000000
3.400000 111246.000000
3.410000 111254.000000
3.420000 111182.000000
3.430000 111090.000000
3.440000 110916.000000
3.450000 111160.000000
3.460000 111066.000000
3.470000 110814.000000
3.480000 111004.000000
3.490000 110942.000000
3.500000 110748.000000
3.510000 110886.000000
3.520000 110728.000000
3.530000 110792.000000
3.540000 110436.000000
3.550000 110606.000000
3.560000 110778.000000
3.570000 110798.000000
3.580000 110852.000000
3.590000 110864.000000
3.600000 110770.000000
3.610000 110836.000000
3.620000 110926.000000
3.630000 110882.000000
3.640000 110766.000000
3.650000 110920.000000
3.660000 111024.000000
3.670000 110974.000000
3.680000 111200.000000
3.690000 111020.000000
3.700000 110622.000000
3.710000 110808.000000
3.720000 111046.000000
3.730000 110982.000000
3.740000 111086.000000
3.750000 111070.000000
3.760000 111236.000000
3.770000 111318.000000
3.780000 111310.000000
3.790000 111206.000000
3.800000 111052.000000
3.810000 111214.000000
3.820000 111104.000000
3.830000 110584.000000
3.840000 110866.000000
3.850000 110986.000000
3.860000 110808.000000
3.870000 110832.000000
3.880000 110748.000000
3.890000 110982.000000
3.900000 110800.000000
3.910000 110918.000000
3.920000 111086.000000
3.930000 111040.000000
3.940000 110930.000000
3.950000 110708.000000
3.960000 110730.000000
3.970000 110946.000000
3.980000 110826.000000
3.990000 110938.000000
4.000000 110944.000000
4.010000 110926.000000
4.020000 111076.000000
4.030000 111144.000000
4.040000 111284.000000
4.050000 111092.000000
4.060000 111200.000000
4.070000 111256.000000
4.080000 111050.000000
4.090000 111184.000000
4.100000 111360.000000
4.110000 111298.000000
4.120000 111018.000000
4.130000 110760.000000
4.140000 110926.000000
4.150000 110794.000000
4.160000 110906.000000
4.170000 110974.000000
4.180000 110960.000000
4.190000 111042.000000
4.200000 110932.000000
4.210000 111168.000000
4.220000 111158.000000
4.230000 111022.000000
4.240000 110796.000000
4.250000 110676.000000
4.260000 110946.000000
4.270000 110752.000000
4.280000 110830.000000
4.290000 111032.000000
4.300000 110930.000000
4.310000 111024.000000
4.320000 110762.000000
4.330000 110974.000000
4.340000 110916.000000
4.350000 111084.000000
4.360000 110806.000000
4.370000 110834.000000
4.380000 110952.000000
4.390000 110978.000000
4.400000 110982.000000
4.410000 110480.000000
4.420000 110344.000000
4.430000 110138.000000
4.440000 110596.000000
4.450000 110726.000000
4.460000 110834.000000
4.470000 110950.000000
4.480000 111066.000000
4.490000 111194.000000
4.500000 111186.000000
4.510000 111100.000000
4.520000 110930.000000
4.530000 111102.000000
4.540000 111118.000000
4.550000 111078.000000
4.560000 111074.000000
4.570000 110670.000000
4.580000 110832.000000
4.590000 110824.000000
4.600000 110804.000000
4.610000 111004.000000
4.620000 110596.000000
4.630000 110528.000000
4.640000 110794.000000
4.650000 110896.000000
4.660000 110986.000000
4.670000 111068.000000
4.680000 110908.000000
4.690000 111070.000000
4.700000 110872.000000
4.710000 110862.000000
4.720000 110884.000000
4.730000 110928.000000
4.740000 110894.000000
4.750000 111050.000000
4.760000 111062.000000
4.770000 110924.000000
4.780000 111112.000000
4.790000 110798.000000
4.800000 110626.000000
4.810000 110770.000000
4.820000 110852.000000
4.830000 111006.000000
4.840000 110894.000000
4.850000 110780.000000
4.860000 111054.000000
4.870000 110988.000000
4.880000 110688.000000
4.890000 110748.000000
4.900000 110636.000000
4.910000 110660.000000
4.920000 110810.000000
4.930000 110778.000000
4.940000 111122.000000
4.950000 111350.000000
4.960000 111336.000000
4.970000 111372.000000
4.980000 111432.000000
4.990000 111182.000000
5.000000 111260.000000
5.010000 110860.000000
5.020000 110734.000000
5.030000 110746.000000
5.040000 110736.000000
5.050000 110628.000000
5.060000 110634.000000
5.070000 110674.000000
5.080000 110698.000000
5.090000 110794.000000
5.100000 110908.000000
5.110000 110994.000000
5.120000 110798.000000
5.130000 110800.000000
5.140000 110720.000000
5.150000 110884.000000
5.160000 110746.000000
5.170000 110650.000000
5.180000 110848.000000
5.190000 110538.000000
5.200000 110656.000000
5.210000 110790.000000
5.220000 110726.000000
5.230000 110820.000000
5.240000 110644.000000
5.250000 110640.000000
5.260000 110726.000000
5.270000 110888.000000
5.280000 110956.000000
5.290000 111006.000000
5.300000 111086.000000
5.310000 110958.000000
5.320000 110920.000000
5.330000 111116.000000
5.340000 111132.000000
5.350000 110876.000000
5.360000 110842.000000
5.370000 110990.000000
5.380000 110980.000000
5.390000 111056.000000
5.400000 111124.000000
5.410000 111082.000000
5.420000 111098.000000
5.430000 111376.000000
5.440000 111158.000000
5.450000 111084.000000
5.460000 111184.000000
5.470000 110994.000000
5.480000 111042.000000
5.490000 110918.000000
5.500000 110960.000000
5.510000 111026.000000
5.520000 111002.000000
5.530000 111170.000000
5.540000 111114.000000
5.550000 110844.000000
5.560000 110756.000000
5.570000 110898.000000
5.580000 110900.000000
5.590000 110880.000000
5.600000 110802.000000
5.610000 111056.000000
5.620000 111180.000000
5.630000 111246.000000
5.640000 110936.000000
5.650000 110884.000000
5.660000 110790.000000
5.670000 110634.000000
5.680000 110534.000000
5.690000 110530.000000
5.700000 110636.000000
5.710000 110586.000000
5.720000 110486.000000
5.730000 110764.000000
5.740000 110538.000000
5.750000 110714.000000
5.760000 110674.000000
5.770000 110914.000000
5.780000 111028.000000
5.790000 110898.000000
5.800000 111048.000000
5.810000 111020.000000
5.820000 110530.000000
5.830000 110416.000000
5.840000 110552.000000
5.850000 110522.000000
5.860000 110474.000000
5.870000 110312.000000
5.880000 110468.000000
5.890000 110436.000000
5.900000 110490.000000
5.910000 110490.000000
5.920000 110632.000000
5.930000 110464.000000
5.940000 110454.000000
5.950000 110444.000000
5.960000 110702.000000
5.970000 110754.000000
5.980000 110810.000000
5.990000 111004.000000
6.000000 111018.000000
6.010000 110936.000000
6.020000 110868.000000
6.030000 110854.000000
6.040000 111000.000000
6.050000 110734.000000
6.060000 110506.000000
6.070000 110704.000000
6.080000 110520.000000
6.090000 110512.000000
6.100000 110526.000000
6.110000 110520.000000
6.120000 110514.000000
6.130000 110824.000000
6.140000 110614.000000
6.150000 110908.000000
6.160000 110904.000000
6.170000 111022.000000
6.180000 111246.000000
6.190000 111252.000000
6.200000 111244.000000
6.210000 111192.000000
6.220000 111156.000000
6.230000 111068.000000
6.240000 111020.000000
6.250000 110938.000000
6.260000 110604.000000
6.270000 110410.000000
6.280000 111022.000000
6.290000 111074.000000
6.300000 111046.000000
6.310000 110914.000000
6.320000 110968.000000
6.330000 111076.000000
6.340000 111170.000000
6.350000 111092.000000
6.360000 111020.000000
6.370000 110846.000000
6.380000 110794.000000
6.390000 110680.000000
6.400000 110778.000000
6.410000 110594.000000
6.420000 110680.000000
6.430000 110918.000000
6.440000 110712.000000
6.450000 110888.000000
6.460000 110856.000000
6.470000 111092.000000
6.480000 111274.000000
6.490000 111210.000000
6.500000 111154.000000
6.510000 111376.000000
6.520000 111432.000000
6.530000 111372.000000
6.540000 111284.000000
6.550000 111540.000000
6.560000 111402.000000
6.570000 111230.000000
6.580000 111312.000000
6.590000 111398.000000
6.600000 111446.000000
6.610000 111530.000000
6.620000 111564.000000
6.630000 111548.000000
6.640000 111426.000000
6.650000 111418.000000
6.660000 111234.000000
6.670000 111318.000000
6.680000 111446.000000
6.690000 111582.000000
6.700000 111270.000000
6.710000 111270.000000
6.720000 111502.000000
6.730000 111264.000000
6.740000 111072.000000
6.750000 111050.000000
6.760000 111144.000000
6.770000 111118.000000
6.780000 111362.000000
6.790000 111358.000000
6.800000 111226.000000
6.810000 111382.000000
6.820000 111362.000000
6.830000 111212.000000
6.840000 111006.000000
6.850000 111124.000000
6.860000 111364.000000
6.870000 111264.000000
6.880000 110992.000000
6.890000 111066.000000
6.900000 110892.000000
6.910000 111038.000000
6.920000 110738.000000
6.930000 110594.000000
6.940000 110586.000000
6.950000 110924.000000
6.960000 110832.000000
6.970000 110916.000000
6.980000 111130.000000
6.990000 111016.000000
7.000000 111158.000000
7.010000 111036.000000
7.020000 111266.000000
7.030000 111046.000000
7.040000 110982.000000
7.050000 110788.000000
7.060000 110964.000000
7.070000 111110.000000
7.080000 111132.000000
7.090000 110902.000000
7.100000 110848.000000
7.110000 110604.000000
7.120000 110546.000000
7.130000 110832.000000
7.140000 110716.000000
7.150000 110592.000000
7.160000 110622.000000
7.170000 110874.000000
7.180000 111014.000000
7.190000 110750.000000
7.200000 110856.000000
7.210000 110960.000000
7.220000 110954.000000
7.230000 111162.000000
7.240000 110766.000000
7.250000 110888.000000
7.260000 111158.000000
7.270000 111036.000000
7.280000 110780.000000
7.290000 111076.000000
7.300000 111216.000000
7.310000 111300.000000
7.320000 111270.000000
7.330000 111476.000000
7.340000 111624.000000
7.350000 111342.000000
7.360000 111120.000000
7.370000 111196.000000
7.380000 111156.000000
7.390000 111160.000000
7.400000 110980.000000
7.410000 111104.000000
7.420000 110964.000000
7.430000 111108.000000
7.440000 110992.000000
7.450000 110708.000000
7.460000 110948.000000
7.470000 111144.000000
7.480000 111000.000000
7.490000 110706.000000
7.500000 110806.000000
7.510000 110716.000000
7.520000 110796.000000
7.530000 110540.000000
7.540000 110482.000000
7.550000 110382.000000
7.560000 110450.000000
7.570000 110334.000000
7.580000 110344.000000
7.590000 110508.000000
7.600000 110706.000000
7.610000 110862.000000
7.620000 111002.000000
7.630000 111198.000000
7.640000 111066.000000
7.650000 110930.000000
7.660000 110788.000000
7.670000 110706.000000
7.680000 110678.000000
7.690000 111068.000000
7.700000 111150.000000
7.710000 111142.000000
7.720000 111292.000000
7.730000 111330.000000
7.740000 111478.000000
7.750000 111462.000000
7.760000 111558.000000
7.770000 111374.000000
7.780000 111276.000000
7.790000 111024.000000
7.800000 111042.000000
7.810000 111318.000000
7.820000 111316.000000
7.830000 111264.000000
7.840000 111428.000000
7.850000 111490.000000
7.860000 111450.000000
7.870000 111060.000000
7.880000 110952.000000
7.890000 111012.000000
7.900000 111346.000000
7.910000 111308.000000
7.920000 111328.000000
7.930000 111190.000000
7.940000 110960.000000
7.950000 110516.000000
7.960000 110446.000000
7.970000 110554.000000
7.980000 110496.000000
7.990000 110606.000000
8.000000 110620.000000
8.010000 110732.000000
8.020000 110730.000000
8.030000 110796.000000
8.040000 110968.000000
8.050000 110880.000000
8.060000 110948.000000
8.070000 110882.000000
8.080000 110846.000000
8.090000 110978.000000
8.100000 111014.000000
8.110000 111252.000000
8.120000 111332.000000
8.130000 111344.000000
8.140000 111444.000000
8.150000 111174.000000
8.160000 111432.000000
8.170000 111202.000000
8.180000 111084.000000
8.190000 111270.000000
8.200000 111362.000000
8.210000 111464.000000
8.220000 111666.000000
8.230000 111660.000000
8.240000 111628.000000
8.250000 111390.000000
8.260000 111290.000000
8.270000 111084.000000
8.280000 110938.000000
8.290000 110832.000000
8.300000 110526.000000
8.310000 110762.000000
8.320000 110896.000000
8.330000 110820.000000
8.340000 110912.000000
8.350000 111086.000000
8.360000 110952.000000
8.370000 110724.000000
8.380000 110676.000000
8.390000 110696.000000
8.400000 110844.000000
8.410000 110738.000000
8.420000 110720.000000
8.430000 110796.000000
8.440000 110798.000000
8.450000 111114.000000
8.460000 111180.000000
8.470000 111030.000000
8.480000 111150.000000
8.490000 111072.000000
8.500000 111176.000000
8.510000 111316.000000
8.520000 111394.000000
8.530000 111246.000000
8.540000 111042.000000
8.550000 111034.000000
8.560000 110968.000000
8.570000 110550.000000
8.580000 110822.000000
8.590000 110818.000000
8.600000 110956.000000
8.610000 110728.000000
8.620000 110814.000000
8.630000 110906.000000
8.640000 110856.000000
8.650000 110726.000000
8.660000 110996.000000
8.670000 110926.000000
8.680000 111132.000000
8.690000 111160.000000
8.700000 111272.000000
8.710000 111436.000000
8.720000 111348.000000
8.730000 111016.000000
8.740000 111220.000000
8.750000 111218.000000
8.760000 111216.000000
8.770000 111322.000000
8.780000 111270.000000
8.790000 111158.000000
8.800000 111286.000000
8.810000 111072.000000
8.820000 111114.000000
8.830000 111204.000000
8.840000 111246.000000
8.850000 111094.000000
8.860000 110992.000000
8.870000 110890.000000
8.880000 110870.000000
8.890000 111108.000000
8.900000 111376.000000
8.910000 111348.000000
8.920000 111000.000000
8.930000 110770.000000
8.940000 110916.000000
8.950000 110884.000000
8.960000 111210.000000
8.970000 111246.000000
8.980000 111500.000000
8.990000 111602.000000
9.000000 111374.000000
9.010000 111446.000000
9.020000 111464.000000
9.030000 111336.000000
9.040000 110982.000000
9.050000 110956.000000
9.060000 110530.000000
9.070000 110946.000000
9.080000 111186.000000
9.090000 111130.000000
9.100000 111154.000000
9.110000 111016.000000
9.120000 110670.000000
9.130000 110520.000000
9.140000 110398.000000
9.150000 110720.000000
9.160000 110708.000000
9.170000 110604.000000
9.180000 110626.000000
9.190000 110752.000000
9.200000 110500.000000
9.210000 110490.000000
9.220000 110722.000000
9.230000 110368.000000
9.240000 110668.000000
9.250000 110538.000000
9.260000 110544.000000
9.270000 110638.000000
9.280000 110828.000000
9.290000 110886.000000
9.300000 111114.000000
9.310000 111138.000000
9.320000 111322.000000
9.330000 111156.000000
9.340000 111440.000000
9.350000 111188.000000
9.360000 111294.000000
9.370000 111342.000000
9.380000 111152.000000
9.390000 111042.000000
9.400000 111154.000000
9.410000 111192.000000
9.420000 110992.000000
9.430000 110732.000000
9.440000 110910.000000
9.450000 110672.000000
9.460000 110684.000000
9.470000 110690.000000
9.480000 110558.000000
9.490000 110548.000000
9.500000 110730.000000
9.510000 111066.000000
9.520000 110962.000000
9.530000 111106.000000
9.540000 111192.000000
9.550000 111230.000000
9.560000 111220.000000
9.570000 110924.000000
9.580000 110932.000000
9.590000 111084.000000
9.600000 111024.000000
9.610000 110876.000000
9.620000 111094.000000
9.630000 111428.000000
9.640000 111324.000000
9.650000 111514.000000
9.660000 111382.000000
9.670000 111332.000000
9.680000 111154.000000
9.690000 111118.000000
9.700000 111034.000000
9.710000 110808.000000
9.720000 110714.000000
9.730000 110756.000000
9.740000 110802.000000
9.750000 110670.000000
9.760000 110726.000000
9.770000 110678.000000
9.780000 110472.000000
9.790000 110406.000000
9.800000 110592.000000
9.810000 110724.000000
9.820000 110764.000000
9.830000 110866.000000
9.840000 110834.000000
9.850000 110832.000000
9.860000 110908.000000
9.870000 110978.000000
9.880000 110862.000000
9.890000 110946.000000
9.900000 110866.000000
9.910000 111012.000000
9.920000 111008.000000
9.930000 111106.000000
9.940000 111032.000000
9.950000 111062.000000
9.960000 111168.000000
9.970000 110888.000000
9.980000 110564.000000
9.990000 110942.000000
10.000000 111094.000000
