# i correlation
1 0.001362
2 0.001329
3 0.001303
4 0.001282
5 0.001263
6 0.001247
7 0.001236
8 0.001224
9 0.001210
10 0.001195
11 0.001183
12 0.001174
13 0.001166
14 0.001158
15 0.001146
16 0.001136
17 0.001123
18 0.001112
19 0.001105
20 0.001100
21 0.001095
22 0.001090
23 0.001082
24 0.001073
25 0.001061
26 0.001049
27 0.001038
28 0.001029
29 0.001022
30 0.001018
31 0.001011
32 0.001004
33 0.000998
34 0.000993
35 0.000990
36 0.000987
37 0.000984
38 0.000980
39 0.000974
40 0.000965
41 0.000958
42 0.000952
43 0.000947
44 0.000941
45 0.000936
46 0.000930
47 0.000923
48 0.000916
49 0.000909
50 0.000905
51 0.000903
52 0.000899
53 0.000895
54 0.000888
55 0.000884
56 0.000879
57 0.000876
58 0.000871
59 0.000868
60 0.000865
61 0.000865
62 0.000866
63 0.000866
64 0.000863
65 0.000861
66 0.000859
67 0.000857
68 0.000854
69 0.000850
70 0.000849
71 0.000846
72 0.000842
73 0.000836
74 0.000832
75 0.000831
76 0.000828
77 0.000823
78 0.000816
79 0.000806
80 0.000795
81 0.000781
82 0.000774
83 0.000770
84 0.000766
85 0.000760
86 0.000755
87 0.000751
88 0.000749
89 0.000748
90 0.000747
91 0.000746
92 0.000746
93 0.000742
94 0.000738
95 0.000734
96 0.000733
97 0.000731
98 0.000731
99 0.000730
100 0.000734
101 0.000738
102 0.000739
103 0.000739
104 0.000737
105 0.000733
106 0.000731
107 0.000728
108 0.000727
109 0.000728
110 0.000729
111 0.000730
112 0.000735
113 0.000740
114 0.000743
115 0.000746
116 0.000750
117 0.000750
118 0.000748
119 0.000744
120 0.000742
121 0.000743
122 0.000745
123 0.000748
124 0.000749
125 0.000751
126 0.000752
127 0.000752
128 0.000752
129 0.000749
130 0.000750
131 0.000753
132 0.000754
133 0.000752
134 0.000753
135 0.000753
136 0.000749
137 0.000748
138 0.000747
139 0.000747
140 0.000745
141 0.000740
142 0.000734
143 0.000725
144 0.000717
145 0.000711
146 0.000705
147 0.000700
148 0.000694
149 0.000687
150 0.000677
151 0.000673
152 0.000672
153 0.000671
154 0.000671
155 0.000671
156 0.000671
157 0.000673
158 0.000670
159 0.000668
160 0.000666
161 0.000666
162 0.000664
163 0.000661
164 0.000658
165 0.000656
166 0.000656
167 0.000655
168 0.000657
169 0.000654
170 0.000648
171 0.000645
172 0.000640
173 0.000638
174 0.000637
175 0.000637
176 0.000640
177 0.000642
178 0.000642
179 0.000641
180 0.000640
181 0.000635
182 0.000630
183 0.000622
184 0.000618
185 0.000614
186 0.000612
187 0.000611
188 0.000609
189 0.000605
190 0.000603
191 0.000602
192 0.000601
193 0.000601
194 0.000600
195 0.000595
196 0.000592
197 0.000587
198 0.000589
199 0.000592
200 0.000596
201 0.000597
202 0.000596
203 0.000595
204 0.000593
205 0.000591
206 0.000592
207 0.000593
208 0.000592
209 0.000593
210 0.000595
211 0.000594
212 0.000591
213 0.000588
214 0.000591
215 0.000594
216 0.000594
217 0.000593
218 0.000593
219 0.000590
220 0.000585
221 0.000579
222 0.000577
223 0.000578
224 0.000581
225 0.000580
226 0.000577
227 0.000577
228 0.000578
229 0.000581
230 0.000586
231 0.000590
232 0.000592
233 0.000591
234 0.000591
235 0.000588
236 0.000586
237 0.000586
238 0.000586
239 0.000585
240 0.000582
241 0.000581
242 0.000576
243 0.000575
244 0.000575
245 0.000574
246 0.000571
247 0.000569
248 0.000568
249 0.000567
250 0.000565
251 0.000564
252 0.000564
253 0.000565
254 0.000566
255 0.000567
256 0.000567
257 0.000569
258 0.000568
259 0.000566
260 0.000565
261 0.000564
262 0.000561
263 0.000560
264 0.000559
265 0.000559
266 0.000558
267 0.000557
268 0.000558
269 0.000557
270 0.000556
271 0.000555
272 0.000552
273 0.000550
274 0.000548
275 0.000549
276 0.000550
277 0.000550
278 0.000552
279 0.000553
280 0.000551
281 0.000548
282 0.000546
283 0.000542
284 0.000540
285 0.000537
286 0.000535
287 0.000534
288 0.000532
289 0.000532
290 0.000531
291 0.000529
292 0.000526
293 0.000523
294 0.000524
295 0.000524
296 0.000523
297 0.000520
298 0.000518
299 0.000517
300 0.000517
301 0.000520
302 0.000524
303 0.000527
304 0.000528
305 0.000529
306 0.000528
307 0.000530
308 0.000533
309 0.000536
310 0.000539
311 0.000540
312 0.000540
313 0.000540
314 0.000541
315 0.000539
316 0.000535
317 0.000530
318 0.000527
319 0.000523
320 0.000519
321 0.000518
322 0.000516
323 0.000515
324 0.000516
325 0.000517
326 0.000517
327 0.000517
328 0.000518
329 0.000515
330 0.000511
331 0.000509
332 0.000507
333 0.000507
334 0.000509
335 0.000509
336 0.000508
337 0.000509
338 0.000507
339 0.000505
340 0.000504
341 0.000504
342 0.000504
343 0.000502
344 0.000501
345 0.000502
346 0.000503
347 0.000501
348 0.000497
349 0.000494
350 0.000492
351 0.000486
352 0.000481
353 0.000477
354 0.000474
355 0.000472
356 0.000469
357 0.000470
358 0.000472
359 0.000470
360 0.000466
361 0.000465
362 0.000460
363 0.000452
364 0.000450
365 0.000447
366 0.000446
367 0.000443
368 0.000438
369 0.000436
370 0.000435
371 0.000436
372 0.000437
373 0.000437
374 0.000434
375 0.000432
376 0.000428
377 0.000425
378 0.000422
379 0.000421
380 0.000421
381 0.000419
382 0.000418
383 0.000414
384 0.000413
385 0.000415
386 0.000416
387 0.000414
388 0.000411
389 0.000410
390 0.000408
391 0.000409
392 0.000410
393 0.000410
394 0.000410
395 0.000410
396 0.000410
397 0.000409
398 0.000407
399 0.000405
400 0.000402
401 0.000399
402 0.000399
403 0.000397
404 0.000394
405 0.000392
406 0.000391
407 0.000390
408 0.000385
409 0.000383
410 0.000384
411 0.000384
412 0.000383
413 0.000382
414 0.000381
415 0.000377
416 0.000376
417 0.000376
418 0.000377
419 0.000375
420 0.000370
421 0.000366
422 0.000363
423 0.000361
424 0.000359
425 0.000359
426 0.000359
427 0.000359
428 0.000359
429 0.000356
430 0.000354
431 0.000351
432 0.000350
433 0.000352
434 0.000352
435 0.000351
436 0.000353
437 0.000356
438 0.000356
439 0.000354
440 0.000353
441 0.000354
442 0.000356
443 0.000355
444 0.000356
445 0.000356
446 0.000359
447 0.000361
448 0.000360
449 0.000363
450 0.000365
451 0.000366
452 0.000362
453 0.000363
454 0.000362
455 0.000361
456 0.000362
457 0.000363
458 0.000365
459 0.000367
460 0.000369
461 0.000369
462 0.000372
463 0.000375
464 0.000377
465 0.000379
466 0.000378
467 0.000376
468 0.000374
469 0.000376
470 0.000378
471 0.000380
472 0.000379
473 0.000377
474 0.000376
475 0.000379
476 0.000379
477 0.000381
478 0.000383
479 0.000382
480 0.000381
481 0.000379
482 0.000380
483 0.000379
484 0.000377
485 0.000378
486 0.000379
487 0.000380
488 0.000378
489 0.000380
490 0.000381
491 0.000379
492 0.000377
493 0.000375
494 0.000374
495 0.000372
496 0.000368
497 0.000364
498 0.000361
499 0.000357
500 0.000353
501 0.000349
502 0.000346
503 0.000342
504 0.000338
505 0.000335
506 0.000332
507 0.000327
508 0.000323
509 0.000319
510 0.000315
511 0.000311
512 0.000310
513 0.000309
514 0.000308
515 0.000306
516 0.000306
517 0.000303
518 0.000302
519 0.000301
520 0.000299
521 0.000297
522 0.000294
523 0.000291
524 0.000287
525 0.000284
526 0.000283
527 0.000280
528 0.000277
529 0.000274
530 0.000269
531 0.000263
532 0.000260
533 0.000257
534 0.000256
535 0.000254
536 0.000252
537 0.000250
538 0.000250
539 0.000250
540 0.000250
541 0.000249
542 0.000250
543 0.000251
544 0.000250
545 0.000249
546 0.000247
547 0.000244
548 0.000242
549 0.000240
550 0.000238
551 0.000239
552 0.000241
553 0.000244
554 0.000244
555 0.000244
556 0.000245
557 0.000244
558 0.000245
559 0.000248
560 0.000252
561 0.000253
562 0.000255
563 0.000256
564 0.000257
565 0.000258
566 0.000256
567 0.000258
568 0.000259
569 0.000258
570 0.000253
571 0.000250
572 0.000249
573 0.000249
574 0.000246
575 0.000245
576 0.000243
577 0.000242
578 0.000240
579 0.000238
580 0.000237
581 0.000238
582 0.000235
583 0.000232
584 0.000228
585 0.000225
586 0.000221
587 0.000218
588 0.000217
589 0.000218
590 0.000221
591 0.000223
592 0.000225
593 0.000226
594 0.000227
595 0.000226
596 0.000225
597 0.000226
598 0.000228
599 0.000231
600 0.000232
601 0.000234
602 0.000237
603 0.000239
604 0.000240
605 0.000243
606 0.000243
607 0.000242
608 0.000239
609 0.000237
610 0.000237
611 0.000236
612 0.000236
613 0.000239
614 0.000242
615 0.000246
616 0.000250
617 0.000255
618 0.000258
619 0.000258
620 0.000257
621 0.000256
622 0.000257
623 0.000258
624 0.000258
625 0.000258
626 0.000258
627 0.000259
628 0.000259
629 0.000261
630 0.000260
631 0.000259
632 0.000258
633 0.000256
634 0.000255
635 0.000255
636 0.000255
637 0.000256
638 0.000256
639 0.000255
640 0.000253
641 0.000249
642 0.000246
643 0.000244
644 0.000243
645 0.000238
646 0.000234
647 0.000231
648 0.000226
649 0.000221
650 0.000218
651 0.000217
652 0.000218
653 0.000216
654 0.000212
655 0.000208
656 0.000204
657 0.000203
658 0.000199
659 0.000196
660 0.000193
661 0.000190
662 0.000186
663 0.000181
664 0.000179
665 0.000180
666 0.000182
667 0.000184
668 0.000187
669 0.000188
670 0.000188
671 0.000189
672 0.000188
673 0.000188
674 0.000190
675 0.000193
676 0.000194
677 0.000195
678 0.000194
679 0.000193
680 0.000195
681 0.000197
682 0.000199
683 0.000200
684 0.000199
685 0.000199
686 0.000197
687 0.000195
688 0.000193
689 0.000191
690 0.000191
691 0.000189
692 0.000190
693 0.000191
694 0.000194
695 0.000195
696 0.000194
697 0.000193
698 0.000190
699 0.000187
700 0.000185
701 0.000184
702 0.000182
703 0.000182
704 0.000182
705 0.000185
706 0.000186
707 0.000187
708 0.000185
709 0.000182
710 0.000181
711 0.000177
712 0.000176
713 0.000175
714 0.000174
715 0.000174
716 0.000172
717 0.000172
718 0.000173
719 0.000174
720 0.000176
721 0.000177
722 0.000178
723 0.000178
724 0.000176
725 0.000174
726 0.000173
727 0.000171
728 0.000172
729 0.000172
730 0.000172
731 0.000172
732 0.000173
733 0.000173
734 0.000173
735 0.000174
736 0.000176
737 0.000178
738 0.000180
739 0.000182
740 0.000184
741 0.000186
742 0.000187
743 0.000190
744 0.000191
745 0.000193
746 0.000193
747 0.000193
748 0.000189
749 0.000188
750 0.000186
751 0.000184
752 0.000182
753 0.000179
754 0.000178
755 0.000176
756 0.000176
757 0.000177
758 0.000177
759 0.000178
760 0.000178
761 0.000179
762 0.000177
763 0.000175
764 0.000172
765 0.000168
766 0.000163
767 0.000162
768 0.000161
769 0.000161
770 0.000159
771 0.000156
772 0.000154
773 0.000151
774 0.000147
775 0.000144
776 0.000141
777 0.000139
778 0.000135
779 0.000133
780 0.000130
781 0.000128
782 0.000126
783 0.000126
784 0.000124
785 0.000122
786 0.000119
787 0.000116
788 0.000113
789 0.000109
790 0.000105
791 0.000105
792 0.000106
793 0.000105
794 0.000104
795 0.000102
796 0.000101
797 0.000100
798 0.000098
799 0.000096
800 0.000096
801 0.000093
802 0.000091
803 0.000088
804 0.000085
805 0.000084
806 0.000084
807 0.000084
808 0.000086
809 0.000084
