# i correlation
1 0.001526
2 0.001489
3 0.001461
4 0.001436
5 0.001414
6 0.001395
7 0.001380
8 0.001365
9 0.001354
10 0.001347
11 0.001336
12 0.001328
13 0.001318
14 0.001313
15 0.001308
16 0.001302
17 0.001292
18 0.001282
19 0.001275
20 0.001266
21 0.001259
22 0.001251
23 0.001248
24 0.001242
25 0.001233
26 0.001226
27 0.001218
28 0.001211
29 0.001204
30 0.001196
31 0.001190
32 0.001182
33 0.001176
34 0.001172
35 0.001166
36 0.001157
37 0.001145
38 0.001139
39 0.001133
40 0.001122
41 0.001114
42 0.001111
43 0.001106
44 0.001097
45 0.001089
46 0.001085
47 0.001083
48 0.001079
49 0.001075
50 0.001070
51 0.001064
52 0.001058
53 0.001053
54 0.001048
55 0.001043
56 0.001037
57 0.001030
58 0.001027
59 0.001022
60 0.001017
61 0.001016
62 0.001014
63 0.001015
64 0.001012
65 0.001009
66 0.001005
67 0.000998
68 0.000989
69 0.000977
70 0.000971
71 0.000964
72 0.000957
73 0.000955
74 0.000951
75 0.000946
76 0.000939
77 0.000933
78 0.000926
79 0.000920
80 0.000914
81 0.000911
82 0.000910
83 0.000907
84 0.000907
85 0.000907
86 0.000905
87 0.000898
88 0.000895
89 0.000892
90 0.000890
91 0.000885
92 0.000878
93 0.000877
94 0.000874
95 0.000871
96 0.000870
97 0.000868
98 0.000865
99 0.000859
100 0.000857
101 0.000854
102 0.000853
103 0.000850
104 0.000844
105 0.000840
106 0.000836
107 0.000830
108 0.000829
109 0.000825
110 0.000823
111 0.000822
112 0.000824
113 0.000824
114 0.000820
115 0.000813
116 0.000808
117 0.000802
118 0.000800
119 0.000800
120 0.000802
121 0.000799
122 0.000794
123 0.000791
124 0.000792
125 0.000794
126 0.000792
127 0.000792
128 0.000792
129 0.000793
130 0.000787
131 0.000783
132 0.000782
133 0.000783
134 0.000783
135 0.000783
136 0.000784
137 0.000783
138 0.000781
139 0.000777
140 0.000776
141 0.000777
142 0.000777
143 0.000775
144 0.000773
145 0.000769
146 0.000765
147 0.000760
148 0.000758
149 0.000757
150 0.000755
151 0.000753
152 0.000749
153 0.000743
154 0.000739
155 0.000736
156 0.000734
157 0.000730
158 0.000725
159 0.000720
160 0.000714
161 0.000709
162 0.000705
163 0.000704
164 0.000704
165 0.000703
166 0.000703
167 0.000706
168 0.000704
169 0.000697
170 0.000691
171 0.000684
172 0.000678
173 0.000675
174 0.000672
175 0.000669
176 0.000665
177 0.000659
178 0.000655
179 0.000653
180 0.000648
181 0.000645
182 0.000642
183 0.000644
184 0.000646
185 0.000645
186 0.000644
187 0.000643
188 0.000642
189 0.000638
190 0.000635
191 0.000633
192 0.000631
193 0.000631
194 0.000631
195 0.000630
196 0.000628
197 0.000629
198 0.000631
199 0.000633
200 0.000636
201 0.000638
202 0.000638
203 0.000634
204 0.000629
205 0.000623
206 0.000620
207 0.000617
208 0.000616
209 0.000619
210 0.000621
211 0.000624
212 0.000627
213 0.000627
214 0.000628
215 0.000628
216 0.000626
217 0.000625
218 0.000624
219 0.000618
220 0.000611
221 0.000605
222 0.000604
223 0.000600
224 0.000596
225 0.000593
226 0.000590
227 0.000586
228 0.000584
229 0.000584
230 0.000581
231 0.000579
232 0.000578
233 0.000573
234 0.000567
235 0.000563
236 0.000562
237 0.000559
238 0.000553
239 0.000552
240 0.000550
241 0.000551
242 0.000552
243 0.000551
244 0.000550
245 0.000548
246 0.000550
247 0.000549
248 0.000545
249 0.000545
250 0.000540
251 0.000537
252 0.000536
253 0.000533
254 0.000527
255 0.000520
256 0.000515
257 0.000512
258 0.000513
259 0.000511
260 0.000511
261 0.000517
262 0.000521
263 0.000529
264 0.000530
265 0.000531
266 0.000528
267 0.000526
268 0.000523
269 0.000520
270 0.000517
271 0.000513
272 0.000506
273 0.000501
274 0.000499
275 0.000498
276 0.000496
277 0.000498
278 0.000502
279 0.000504
280 0.000504
281 0.000504
282 0.000501
283 0.000500
284 0.000501
285 0.000504
286 0.000505
287 0.000501
288 0.000499
289 0.000494
290 0.000487
291 0.000479
292 0.000475
293 0.000473
294 0.000473
295 0.000474
296 0.000475
297 0.000479
298 0.000481
299 0.000482
300 0.000486
301 0.000486
302 0.000488
303 0.000490
304 0.000489
305 0.000486
306 0.000482
307 0.000480
308 0.000478
309 0.000477
310 0.000475
311 0.000476
312 0.000478
313 0.000479
314 0.000479
315 0.000474
316 0.000471
317 0.000471
318 0.000469
319 0.000465
320 0.000463
321 0.000464
322 0.000462
323 0.000460
324 0.000462
325 0.000463
326 0.000465
327 0.000467
328 0.000471
329 0.000471
330 0.000470
331 0.000472
332 0.000471
333 0.000469
334 0.000467
335 0.000465
336 0.000465
337 0.000466
338 0.000466
339 0.000463
340 0.000462
341 0.000462
342 0.000465
343 0.000468
344 0.000466
345 0.000462
346 0.000462
347 0.000463
348 0.000464
349 0.000464
350 0.000461
351 0.000464
352 0.000469
353 0.000471
354 0.000470
355 0.000469
356 0.000471
357 0.000470
358 0.000469
359 0.000468
360 0.000466
361 0.000465
362 0.000460
363 0.000458
364 0.000454
365 0.000450
366 0.000449
367 0.000452
368 0.000451
369 0.000447
370 0.000444
371 0.000441
372 0.000437
373 0.000431
374 0.000426
375 0.000423
376 0.000421
377 0.000421
378 0.000421
379 0.000420
380 0.000416
381 0.000416
382 0.000418
383 0.000421
384 0.000420
385 0.000419
386 0.000420
387 0.000422
388 0.000423
389 0.000422
390 0.000424
391 0.000425
392 0.000423
393 0.000420
394 0.000417
395 0.000414
396 0.000412
397 0.000412
398 0.000412
399 0.000412
400 0.000414
401 0.000413
402 0.000413
403 0.000415
404 0.000411
405 0.000407
406 0.000407
407 0.000408
408 0.000410
409 0.000411
410 0.000415
411 0.000416
412 0.000413
413 0.000414
414 0.000414
415 0.000413
416 0.000411
417 0.000409
418 0.000407
419 0.000407
420 0.000405
421 0.000404
422 0.000403
423 0.000402
424 0.000400
425 0.000399
426 0.000399
427 0.000398
428 0.000398
429 0.000398
430 0.000399
431 0.000400
432 0.000399
433 0.000396
434 0.000394
435 0.000392
436 0.000390
437 0.000390
438 0.000388
439 0.000386
440 0.000384
441 0.000385
442 0.000388
443 0.000390
444 0.000394
445 0.000401
446 0.000405
447 0.000408
448 0.000410
449 0.000411
450 0.000410
451 0.000408
452 0.000408
453 0.000410
454 0.000412
455 0.000410
456 0.000407
457 0.000405
458 0.000404
459 0.000400
460 0.000395
461 0.000391
462 0.000387
463 0.000384
464 0.000384
465 0.000382
466 0.000381
467 0.000381
468 0.000380
469 0.000384
470 0.000384
471 0.000384
472 0.000384
473 0.000385
474 0.000382
475 0.000378
476 0.000374
477 0.000368
478 0.000366
479 0.000366
480 0.000366
481 0.000368
482 0.000365
483 0.000364
484 0.000362
485 0.000363
486 0.000363
487 0.000361
488 0.000362
489 0.000363
490 0.000362
491 0.000362
492 0.000362
493 0.000364
494 0.000365
495 0.000366
496 0.000370
497 0.000373
498 0.000374
499 0.000372
500 0.000371
501 0.000369
502 0.000364
503 0.000361
504 0.000361
505 0.000360
506 0.000357
507 0.000356
508 0.000355
509 0.000353
510 0.000354
511 0.000358
512 0.000361
513 0.000361
514 0.000361
515 0.000361
516 0.000362
517 0.000358
518 0.000352
519 0.000347
520 0.000344
521 0.000345
522 0.000341
523 0.000337
524 0.000333
525 0.000331
526 0.000329
527 0.000330
528 0.000331
529 0.000329
530 0.000329
531 0.000328
532 0.000326
533 0.000324
534 0.000321
535 0.000319
536 0.000317
537 0.000316
538 0.000311
539 0.000309
540 0.000306
541 0.000302
542 0.000300
543 0.000299
544 0.000300
545 0.000299
546 0.000301
547 0.000302
548 0.000299
549 0.000301
550 0.000301
551 0.000299
552 0.000296
553 0.000294
554 0.000293
555 0.000294
556 0.000295
557 0.000293
558 0.000291
559 0.000288
560 0.000288
561 0.000288
562 0.000286
563 0.000288
564 0.000291
565 0.000294
566 0.000295
567 0.000297
568 0.000294
569 0.000294
570 0.000295
571 0.000295
572 0.000297
573 0.000296
574 0.000295
575 0.000294
576 0.000291
577 0.000291
578 0.000292
579 0.000294
580 0.000292
581 0.000290
582 0.000288
583 0.000287
584 0.000285
585 0.000281
586 0.000277
587 0.000277
588 0.000276
589 0.000274
590 0.000270
591 0.000265
592 0.000262
593 0.000261
594 0.000262
595 0.000264
596 0.000263
597 0.000260
598 0.000261
599 0.000263
600 0.000266
601 0.000267
602 0.000269
603 0.000269
604 0.000267
605 0.000266
606 0.000264
607 0.000263
608 0.000259
609 0.000259
610 0.000259
611 0.000260
612 0.000261
613 0.000261
614 0.000261
615 0.000259
616 0.000256
617 0.000254
618 0.000252
619 0.000253
620 0.000255
621 0.000258
622 0.000263
623 0.000266
624 0.000268
625 0.000270
626 0.000270
627 0.000267
628 0.000267
629 0.000268
630 0.000271
631 0.000272
632 0.000275
633 0.000278
634 0.000281
635 0.000283
636 0.000284
637 0.000287
638 0.000289
639 0.000290
640 0.000294
641 0.000296
642 0.000301
643 0.000301
644 0.000299
645 0.000299
646 0.000300
647 0.000301
648 0.000302
649 0.000303
650 0.000301
651 0.000296
652 0.000293
653 0.000291
654 0.000289
655 0.000291
656 0.000292
657 0.000292
658 0.000292
659 0.000292
660 0.000294
661 0.000295
662 0.000295
663 0.000295
664 0.000296
665 0.000296
666 0.000297
667 0.000299
668 0.000302
669 0.000303
670 0.000303
671 0.000303
672 0.000304
673 0.000305
674 0.000306
675 0.000306
676 0.000305
677 0.000304
678 0.000302
679 0.000298
680 0.000295
681 0.000292
682 0.000286
683 0.000282
684 0.000281
685 0.000280
686 0.000279
687 0.000277
688 0.000275
689 0.000272
690 0.000271
691 0.000270
692 0.000268
693 0.000265
694 0.000262
695 0.000261
696 0.000260
697 0.000259
698 0.000257
699 0.000256
700 0.000256
701 0.000253
702 0.000248
703 0.000245
704 0.000240
705 0.000236
706 0.000234
707 0.000235
708 0.000236
709 0.000235
710 0.000236
711 0.000236
712 0.000237
713 0.000237
714 0.000238
715 0.000240
716 0.000241
717 0.000238
718 0.000234
719 0.000230
720 0.000226
721 0.000224
722 0.000220
723 0.000216
724 0.000211
725 0.000206
726 0.000199
727 0.000194
728 0.000190
729 0.000185
730 0.000185
731 0.000185
732 0.000187
733 0.000188
734 0.000189
735 0.000189
736 0.000187
737 0.000184
738 0.000182
739 0.000180
740 0.000178
741 0.000175
742 0.000174
743 0.000172
744 0.000173
745 0.000173
746 0.000171
747 0.000168
748 0.000166
749 0.000165
750 0.000166
751 0.000166
752 0.000161
753 0.000159
754 0.000157
755 0.000153
756 0.000153
757 0.000154
758 0.000156
759 0.000157
760 0.000156
761 0.000156
762 0.000156
763 0.000156
764 0.000155
765 0.000154
766 0.000152
767 0.000154
768 0.000155
769 0.000156
770 0.000156
771 0.000156
772 0.000155
773 0.000154
774 0.000156
775 0.000158
776 0.000159
777 0.000160
778 0.000162
779 0.000165
780 0.000166
781 0.000167
782 0.000168
783 0.000168
784 0.000167
785 0.000167
786 0.000167
787 0.000167
788 0.000167
789 0.000166
790 0.000167
791 0.000167
792 0.000169
793 0.000172
794 0.000171
795 0.000168
796 0.000170
797 0.000172
798 0.000173
799 0.000173
800 0.000174
801 0.000176
802 0.000173
803 0.000170
804 0.000167
805 0.000165
806 0.000163
807 0.000159
808 0.000157
809 0.000156
