# i correlation
1 0.001517
2 0.001487
3 0.001462
4 0.001439
5 0.001414
6 0.001394
7 0.001376
8 0.001356
9 0.001338
10 0.001323
11 0.001310
12 0.001297
13 0.001281
14 0.001272
15 0.001263
16 0.001255
17 0.001248
18 0.001239
19 0.001236
20 0.001228
21 0.001223
22 0.001215
23 0.001207
24 0.001199
25 0.001190
26 0.001178
27 0.001166
28 0.001159
29 0.001148
30 0.001135
31 0.001128
32 0.001122
33 0.001115
34 0.001110
35 0.001107
36 0.001106
37 0.001109
38 0.001111
39 0.001108
40 0.001104
41 0.001103
42 0.001098
43 0.001095
44 0.001093
45 0.001090
46 0.001087
47 0.001082
48 0.001073
49 0.001065
50 0.001053
51 0.001043
52 0.001035
53 0.001027
54 0.001018
55 0.001007
56 0.000997
57 0.000988
58 0.000984
59 0.000978
60 0.000972
61 0.000969
62 0.000970
63 0.000970
64 0.000970
65 0.000971
66 0.000972
67 0.000968
68 0.000965
69 0.000970
70 0.000971
71 0.000972
72 0.000966
73 0.000962
74 0.000954
75 0.000948
76 0.000942
77 0.000934
78 0.000927
79 0.000917
80 0.000912
81 0.000908
82 0.000904
83 0.000900
84 0.000898
85 0.000898
86 0.000896
87 0.000895
88 0.000895
89 0.000892
90 0.000892
91 0.000891
92 0.000892
93 0.000893
94 0.000890
95 0.000883
96 0.000875
97 0.000866
98 0.000856
99 0.000845
100 0.000835
101 0.000826
102 0.000822
103 0.000819
104 0.000818
105 0.000819
106 0.000821
107 0.000823
108 0.000827
109 0.000833
110 0.000837
111 0.000837
112 0.000839
113 0.000840
114 0.000840
115 0.000840
116 0.000841
117 0.000841
118 0.000839
119 0.000835
120 0.000825
121 0.000815
122 0.000808
123 0.000801
124 0.000797
125 0.000795
126 0.000791
127 0.000787
128 0.000783
129 0.000785
130 0.000783
131 0.000782
132 0.000781
133 0.000781
134 0.000781
135 0.000782
136 0.000783
137 0.000784
138 0.000788
139 0.000788
140 0.000790
141 0.000789
142 0.000787
143 0.000785
144 0.000784
145 0.000781
146 0.000780
147 0.000778
148 0.000772
149 0.000765
150 0.000760
151 0.000755
152 0.000749
153 0.000744
154 0.000742
155 0.000740
156 0.000739
157 0.000743
158 0.000745
159 0.000747
160 0.000749
161 0.000749
162 0.000750
163 0.000753
164 0.000751
165 0.000748
166 0.000745
167 0.000742
168 0.000736
169 0.000732
170 0.000727
171 0.000724
172 0.000718
173 0.000713
174 0.000709
175 0.000706
176 0.000701
177 0.000699
178 0.000703
179 0.000705
180 0.000707
181 0.000709
182 0.000712
183 0.000717
184 0.000722
185 0.000724
186 0.000725
187 0.000726
188 0.000723
189 0.000720
190 0.000715
191 0.000712
192 0.000706
193 0.000701
194 0.000697
195 0.000694
196 0.000691
197 0.000689
198 0.000692
199 0.000695
200 0.000698
201 0.000700
202 0.000703
203 0.000708
204 0.000711
205 0.000710
206 0.000709
207 0.000709
208 0.000708
209 0.000709
210 0.000711
211 0.000713
212 0.000710
213 0.000705
214 0.000698
215 0.000691
216 0.000685
217 0.000677
218 0.000672
219 0.000665
220 0.000657
221 0.000652
222 0.000649
223 0.000647
224 0.000645
225 0.000642
226 0.000639
227 0.000636
228 0.000634
229 0.000631
230 0.000630
231 0.000627
232 0.000627
233 0.000624
234 0.000623
235 0.000621
236 0.000622
237 0.000620
238 0.000619
239 0.000617
240 0.000615
241 0.000611
242 0.000611
243 0.000609
244 0.000605
245 0.000602
246 0.000599
247 0.000595
248 0.000593
249 0.000591
250 0.000591
251 0.000591
252 0.000591
253 0.000595
254 0.000594
255 0.000596
256 0.000599
257 0.000600
258 0.000600
259 0.000598
260 0.000594
261 0.000588
262 0.000584
263 0.000579
264 0.000573
265 0.000567
266 0.000559
267 0.000555
268 0.000551
269 0.000547
270 0.000544
271 0.000542
272 0.000541
273 0.000543
274 0.000544
275 0.000546
276 0.000549
277 0.000552
278 0.000552
279 0.000554
280 0.000556
281 0.000558
282 0.000559
283 0.000562
284 0.000563
285 0.000560
286 0.000556
287 0.000555
288 0.000555
289 0.000555
290 0.000553
291 0.000553
292 0.000553
293 0.000553
294 0.000554
295 0.000554
296 0.000556
297 0.000561
298 0.000563
299 0.000567
300 0.000569
301 0.000573
302 0.000574
303 0.000576
304 0.000577
305 0.000578
306 0.000577
307 0.000576
308 0.000580
309 0.000581
310 0.000579
311 0.000580
312 0.000578
313 0.000577
314 0.000573
315 0.000568
316 0.000568
317 0.000566
318 0.000563
319 0.000560
320 0.000562
321 0.000563
322 0.000563
323 0.000563
324 0.000561
325 0.000559
326 0.000556
327 0.000555
328 0.000557
329 0.000557
330 0.000558
331 0.000553
332 0.000549
333 0.000545
334 0.000539
335 0.000535
336 0.000530
337 0.000527
338 0.000523
339 0.000518
340 0.000516
341 0.000515
342 0.000516
343 0.000514
344 0.000511
345 0.000514
346 0.000519
347 0.000522
348 0.000526
349 0.000533
350 0.000540
351 0.000542
352 0.000545
353 0.000545
354 0.000545
355 0.000541
356 0.000537
357 0.000532
358 0.000529
359 0.000521
360 0.000513
361 0.000508
362 0.000503
363 0.000498
364 0.000492
365 0.000487
366 0.000482
367 0.000479
368 0.000478
369 0.000476
370 0.000475
371 0.000474
372 0.000472
373 0.000469
374 0.000465
375 0.000462
376 0.000456
377 0.000451
378 0.000445
379 0.000441
380 0.000436
381 0.000433
382 0.000433
383 0.000432
384 0.000430
385 0.000427
386 0.000428
387 0.000429
388 0.000428
389 0.000427
390 0.000425
391 0.000424
392 0.000422
393 0.000421
394 0.000420
395 0.000421
396 0.000421
397 0.000419
398 0.000416
399 0.000417
400 0.000414
401 0.000412
402 0.000412
403 0.000414
404 0.000413
405 0.000412
406 0.000410
407 0.000405
408 0.000400
409 0.000395
410 0.000389
411 0.000384
412 0.000378
413 0.000373
414 0.000370
415 0.000368
416 0.000371
417 0.000370
418 0.000372
419 0.000374
420 0.000379
421 0.000381
422 0.000382
423 0.000383
424 0.000382
425 0.000381
426 0.000381
427 0.000385
428 0.000387
429 0.000384
430 0.000384
431 0.000383
432 0.000381
433 0.000378
434 0.000376
435 0.000374
436 0.000371
437 0.000373
438 0.000373
439 0.000370
440 0.000370
441 0.000370
442 0.000368
443 0.000368
444 0.000367
445 0.000364
446 0.000365
447 0.000363
448 0.000361
449 0.000356
450 0.000351
451 0.000345
452 0.000340
453 0.000334
454 0.000332
455 0.000330
456 0.000330
457 0.000329
458 0.000329
459 0.000328
460 0.000328
461 0.000329
462 0.000330
463 0.000330
464 0.000330
465 0.000332
466 0.000337
467 0.000339
468 0.000342
469 0.000343
470 0.000341
471 0.000339
472 0.000337
473 0.000333
474 0.000331
475 0.000330
476 0.000328
477 0.000326
478 0.000324
479 0.000324
480 0.000322
481 0.000320
482 0.000316
483 0.000313
484 0.000308
485 0.000306
486 0.000305
487 0.000306
488 0.000303
489 0.000302
490 0.000300
491 0.000299
492 0.000300
493 0.000301
494 0.000302
495 0.000301
496 0.000300
497 0.000301
498 0.000302
499 0.000301
500 0.000300
501 0.000299
502 0.000296
503 0.000292
504 0.000288
505 0.000283
506 0.000279
507 0.000277
508 0.000278
509 0.000279
510 0.000279
511 0.000278
512 0.000281
513 0.000287
514 0.000292
515 0.000296
516 0.000300
517 0.000302
518 0.000301
519 0.000301
520 0.000300
521 0.000300
522 0.000296
523 0.000291
524 0.000289
525 0.000286
526 0.000282
527 0.000278
528 0.000274
529 0.000269
530 0.000265
531 0.000263
532 0.000263
533 0.000266
534 0.000266
535 0.000268
536 0.000270
537 0.000269
538 0.000267
539 0.000267
540 0.000267
541 0.000267
542 0.000266
543 0.000265
544 0.000262
545 0.000262
546 0.000263
547 0.000262
548 0.000258
549 0.000257
550 0.000260
551 0.000261
552 0.000262
553 0.000264
554 0.000267
555 0.000267
556 0.000274
557 0.000280
558 0.000284
559 0.000290
560 0.000297
561 0.000301
562 0.000306
563 0.000309
564 0.000312
565 0.000314
566 0.000318
567 0.000320
568 0.000322
569 0.000321
570 0.000322
571 0.000323
572 0.000325
573 0.000329
574 0.000330
575 0.000331
576 0.000331
577 0.000329
578 0.000327
579 0.000329
580 0.000326
581 0.000323
582 0.000321
583 0.000320
584 0.000320
585 0.000320
586 0.000320
587 0.000318
588 0.000316
589 0.000314
590 0.000312
591 0.000309
592 0.000304
593 0.000298
594 0.000295
595 0.000294
596 0.000291
597 0.000289
598 0.000288
599 0.000282
600 0.000277
601 0.000273
602 0.000269
603 0.000269
604 0.000271
605 0.000274
606 0.000276
607 0.000280
608 0.000281
609 0.000281
610 0.000283
611 0.000286
612 0.000288
613 0.000287
614 0.000286
615 0.000284
616 0.000281
617 0.000279
618 0.000277
619 0.000275
620 0.000271
621 0.000269
622 0.000267
623 0.000264
624 0.000260
625 0.000259
626 0.000259
627 0.000258
628 0.000256
629 0.000256
630 0.000255
631 0.000255
632 0.000256
633 0.000259
634 0.000260
635 0.000261
636 0.000259
637 0.000257
638 0.000255
639 0.000252
640 0.000248
641 0.000247
642 0.000245
643 0.000241
644 0.000240
645 0.000239
646 0.000238
647 0.000236
648 0.000238
649 0.000240
650 0.000243
651 0.000244
652 0.000245
653 0.000247
654 0.000247
655 0.000248
656 0.000248
657 0.000249
658 0.000249
659 0.000250
660 0.000252
661 0.000253
662 0.000252
663 0.000248
664 0.000244
665 0.000240
666 0.000238
667 0.000234
668 0.000230
669 0.000227
670 0.000224
671 0.000220
672 0.000219
673 0.000218
674 0.000217
675 0.000216
676 0.000216
677 0.000216
678 0.000216
679 0.000217
680 0.000218
681 0.000217
682 0.000214
683 0.000214
684 0.000213
685 0.000211
686 0.000208
687 0.000203
688 0.000200
689 0.000195
690 0.000190
691 0.000186
692 0.000184
693 0.000179
694 0.000176
695 0.000175
696 0.000174
697 0.000174
698 0.000175
699 0.000175
700 0.000177
701 0.000178
702 0.000178
703 0.000179
704 0.000183
705 0.000184
706 0.000184
707 0.000184
708 0.000182
709 0.000176
710 0.000169
711 0.000166
712 0.000161
713 0.000156
714 0.000154
715 0.000150
716 0.000147
717 0.000144
718 0.000139
719 0.000139
720 0.000139
721 0.000139
722 0.000138
723 0.000140
724 0.000141
725 0.000143
726 0.000144
727 0.000145
728 0.000142
729 0.000141
730 0.000140
731 0.000138
732 0.000137
733 0.000137
734 0.000134
735 0.000132
736 0.000132
737 0.000131
738 0.000130
739 0.000130
740 0.000129
741 0.000127
742 0.000127
743 0.000126
744 0.000129
745 0.000131
746 0.000131
747 0.000129
748 0.000127
749 0.000125
750 0.000125
751 0.000128
752 0.000127
753 0.000125
754 0.000123
755 0.000122
756 0.000121
757 0.000123
758 0.000125
759 0.000124
760 0.000124
761 0.000124
762 0.000122
763 0.000120
764 0.000117
765 0.000115
766 0.000114
767 0.000116
768 0.000117
769 0.000119
770 0.000123
771 0.000126
772 0.000129
773 0.000132
774 0.000133
775 0.000133
776 0.000134
777 0.000135
778 0.000136
779 0.000137
780 0.000135
781 0.000132
782 0.000129
783 0.000126
784 0.000123
785 0.000119
786 0.000116
787 0.000113
788 0.000112
789 0.000111
790 0.000110
791 0.000110
792 0.000111
793 0.000109
794 0.000107
795 0.000105
796 0.000106
797 0.000103
798 0.000102
799 0.000103
800 0.000101
801 0.000098
802 0.000095
803 0.000093
804 0.000088
805 0.000084
806 0.000079
807 0.000078
808 0.000076
809 0.000076
