# i correlation
1 0.003417
2 0.003164
3 0.002934
4 0.002751
5 0.002582
6 0.002466
7 0.002359
8 0.002251
9 0.002159
10 0.002096
11 0.002026
12 0.001957
13 0.001897
14 0.001870
15 0.001840
16 0.001844
17 0.001843
18 0.001843
19 0.001817
20 0.001787
21 0.001769
22 0.001736
23 0.001703
24 0.001684
25 0.001710
26 0.001724
27 0.001746
28 0.001764
29 0.001776
30 0.001761
31 0.001756
32 0.001752
33 0.001744
34 0.001783
35 0.001845
36 0.001858
37 0.001857
38 0.001869
39 0.001849
40 0.001800
41 0.001763
42 0.001726
43 0.001690
44 0.001615
45 0.001550
46 0.001521
47 0.001494
48 0.001497
49 0.001542
50 0.001590
51 0.001601
52 0.001590
53 0.001574
54 0.001557
55 0.001537
56 0.001531
57 0.001533
58 0.001524
59 0.001538
60 0.001575
61 0.001595
62 0.001618
63 0.001604
64 0.001602
65 0.001598
66 0.001602
67 0.001637
68 0.001632
69 0.001637
70 0.001621
71 0.001579
72 0.001559
73 0.001554
74 0.001547
75 0.001530
76 0.001498
77 0.001488
78 0.001507
79 0.001510
80 0.001500
81 0.001482
82 0.001416
83 0.001395
84 0.001401
85 0.001433
86 0.001441
87 0.001440
88 0.001441
89 0.001407
90 0.001392
91 0.001397
92 0.001411
93 0.001387
94 0.001343
95 0.001324
96 0.001343
97 0.001335
98 0.001360
99 0.001397
100 0.001432
101 0.001449
102 0.001463
103 0.001463
104 0.001434
105 0.001386
106 0.001372
107 0.001315
108 0.001286
109 0.001247
110 0.001245
111 0.001193
112 0.001187
113 0.001150
114 0.001118
115 0.001066
116 0.001053
117 0.001029
118 0.001020
119 0.000995
120 0.000996
121 0.001017
122 0.001032
123 0.001050
124 0.001081
125 0.001077
126 0.001084
127 0.001133
128 0.001182
129 0.001205
130 0.001206
131 0.001182
132 0.001139
133 0.001106
134 0.001101
135 0.001146
136 0.001146
137 0.001175
138 0.001197
139 0.001219
140 0.001213
141 0.001224
142 0.001230
143 0.001225
144 0.001210
145 0.001204
146 0.001180
147 0.001177
148 0.001172
149 0.001160
150 0.001160
151 0.001146
152 0.001139
153 0.001175
154 0.001218
155 0.001223
156 0.001225
157 0.001210
158 0.001195
159 0.001213
160 0.001237
161 0.001260
162 0.001265
163 0.001284
164 0.001281
165 0.001286
166 0.001310
167 0.001301
168 0.001276
169 0.001227
170 0.001202
171 0.001165
172 0.001086
173 0.001034
174 0.000992
175 0.000963
176 0.000971
177 0.001009
178 0.001046
179 0.001079
180 0.001102
181 0.001099
182 0.001078
183 0.001063
184 0.001080
185 0.001089
186 0.001119
187 0.001147
188 0.001197
189 0.001233
190 0.001241
191 0.001257
192 0.001247
193 0.001231
194 0.001221
195 0.001192
196 0.001207
197 0.001214
198 0.001206
199 0.001198
200 0.001177
201 0.001180
202 0.001169
203 0.001143
204 0.001152
205 0.001167
206 0.001196
207 0.001195
208 0.001210
209 0.001217
210 0.001186
211 0.001140
212 0.001115
213 0.001106
214 0.001104
215 0.001095
216 0.001128
217 0.001131
218 0.001141
219 0.001122
220 0.001158
221 0.001161
222 0.001138
223 0.001106
224 0.001074
225 0.001047
226 0.001053
227 0.001088
228 0.001128
229 0.001140
230 0.001157
231 0.001165
232 0.001162
233 0.001143
234 0.001129
235 0.001125
236 0.001117
237 0.001121
238 0.001139
239 0.001152
240 0.001163
241 0.001167
242 0.001161
243 0.001153
244 0.001134
245 0.001124
246 0.001131
247 0.001155
248 0.001140
249 0.001111
250 0.001071
251 0.001061
252 0.001033
253 0.001015
254 0.000983
255 0.000954
256 0.000957
257 0.000956
258 0.000951
259 0.000938
260 0.000922
261 0.000899
262 0.000875
263 0.000886
264 0.000922
265 0.000957
266 0.001004
267 0.001046
268 0.001071
269 0.001086
270 0.001073
271 0.001063
272 0.001028
273 0.001004
274 0.000993
275 0.000999
276 0.000990
277 0.000976
278 0.000969
279 0.000978
280 0.000973
281 0.000978
282 0.000982
283 0.000952
284 0.000920
285 0.000911
286 0.000892
287 0.000887
288 0.000888
289 0.000919
290 0.000945
291 0.000955
292 0.000976
293 0.000998
294 0.001006
295 0.000997
296 0.000983
297 0.000976
298 0.000954
299 0.000929
300 0.000911
301 0.000913
302 0.000881
303 0.000859
304 0.000835
305 0.000822
306 0.000831
307 0.000858
308 0.000886
309 0.000916
310 0.000924
311 0.000927
312 0.000921
313 0.000922
314 0.000942
315 0.000958
316 0.001000
317 0.001025
318 0.001054
319 0.001071
320 0.001092
321 0.001096
322 0.001076
323 0.001053
324 0.001039
325 0.001008
326 0.000967
327 0.000946
328 0.000948
329 0.000941
330 0.000957
331 0.000987
332 0.001036
333 0.001051
334 0.001077
335 0.001083
336 0.001092
337 0.001089
338 0.001084
339 0.001078
340 0.001058
341 0.001058
342 0.001038
343 0.001053
344 0.001083
345 0.001074
346 0.001101
347 0.001113
348 0.001135
349 0.001145
350 0.001143
351 0.001140
352 0.001147
353 0.001154
354 0.001157
355 0.001183
356 0.001173
357 0.001159
358 0.001112
359 0.001089
360 0.001059
361 0.001014
362 0.000994
363 0.000969
364 0.000928
365 0.000897
366 0.000880
367 0.000874
368 0.000880
369 0.000889
370 0.000897
371 0.000906
372 0.000890
373 0.000876
374 0.000884
375 0.000907
376 0.000899
377 0.000902
378 0.000907
379 0.000884
380 0.000872
381 0.000893
382 0.000918
383 0.000951
384 0.000986
385 0.001008
386 0.000990
387 0.000995
388 0.000982
389 0.000966
390 0.000934
391 0.000919
392 0.000910
393 0.000898
394 0.000900
395 0.000879
396 0.000860
397 0.000867
398 0.000863
399 0.000872
400 0.000885
401 0.000905
402 0.000907
403 0.000923
404 0.000938
405 0.000941
406 0.000957
407 0.000973
408 0.000987
409 0.001008
410 0.001030
411 0.001027
412 0.001024
413 0.001037
414 0.001012
415 0.000979
416 0.000948
417 0.000958
418 0.000957
419 0.000974
420 0.000981
421 0.001000
422 0.001004
423 0.000989
424 0.000982
425 0.000963
426 0.000931
427 0.000913
428 0.000904
429 0.000886
430 0.000875
431 0.000860
432 0.000829
433 0.000781
434 0.000771
435 0.000795
436 0.000794
437 0.000783
438 0.000791
439 0.000779
440 0.000781
441 0.000786
442 0.000788
443 0.000776
444 0.000781
445 0.000802
446 0.000799
447 0.000796
448 0.000801
449 0.000789
450 0.000763
451 0.000737
452 0.000703
453 0.000690
454 0.000672
455 0.000674
456 0.000699
457 0.000712
458 0.000728
459 0.000758
460 0.000770
461 0.000762
462 0.000750
463 0.000736
464 0.000698
465 0.000660
466 0.000607
467 0.000571
468 0.000528
469 0.000506
470 0.000498
471 0.000485
472 0.000470
473 0.000472
474 0.000472
475 0.000472
476 0.000491
477 0.000521
478 0.000560
479 0.000581
480 0.000611
481 0.000626
482 0.000612
483 0.000602
484 0.000600
485 0.000612
486 0.000633
487 0.000648
488 0.000648
489 0.000639
490 0.000634
491 0.000641
492 0.000635
493 0.000614
494 0.000596
495 0.000606
496 0.000611
497 0.000642
498 0.000660
499 0.000685
500 0.000705
501 0.000710
502 0.000700
503 0.000688
504 0.000663
505 0.000636
506 0.000606
507 0.000590
508 0.000574
509 0.000577
510 0.000566
511 0.000543
512 0.000528
513 0.000525
514 0.000528
515 0.000532
516 0.000531
517 0.000518
518 0.000494
519 0.000473
520 0.000450
521 0.000442
522 0.000432
523 0.000425
524 0.000404
525 0.000399
526 0.000372
527 0.000350
528 0.000347
529 0.000354
530 0.000373
531 0.000387
532 0.000392
533 0.000396
534 0.000398
535 0.000391
536 0.000389
537 0.000397
538 0.000399
539 0.000395
540 0.000396
541 0.000402
542 0.000413
543 0.000421
544 0.000410
545 0.000398
546 0.000373
547 0.000356
548 0.000368
549 0.000364
550 0.000370
551 0.000377
552 0.000395
553 0.000388
554 0.000377
555 0.000370
556 0.000357
557 0.000360
558 0.000367
559 0.000389
560 0.000398
561 0.000410
562 0.000414
563 0.000424
564 0.000435
565 0.000462
566 0.000478
567 0.000484
568 0.000495
569 0.000503
570 0.000485
571 0.000474
572 0.000466
573 0.000464
574 0.000458
575 0.000444
576 0.000425
577 0.000401
578 0.000381
579 0.000360
580 0.000346
581 0.000331
582 0.000322
583 0.000328
584 0.000325
585 0.000322
586 0.000315
587 0.000297
588 0.000298
589 0.000293
590 0.000292
591 0.000307
592 0.000331
593 0.000345
594 0.000357
595 0.000380
596 0.000385
597 0.000386
598 0.000397
599 0.000408
600 0.000427
601 0.000462
602 0.000500
603 0.000531
604 0.000537
605 0.000543
606 0.000517
607 0.000498
608 0.000464
609 0.000451
610 0.000430
611 0.000402
612 0.000362
613 0.000338
614 0.000313
615 0.000295
616 0.000265
617 0.000245
618 0.000211
619 0.000195
620 0.000178
621 0.000182
622 0.000180
623 0.000173
624 0.000145
625 0.000124
626 0.000115
627 0.000120
628 0.000122
629 0.000138
630 0.000160
631 0.000189
632 0.000204
633 0.000210
634 0.000221
635 0.000242
636 0.000273
637 0.000301
638 0.000313
639 0.000325
640 0.000323
641 0.000325
642 0.000323
643 0.000312
644 0.000324
645 0.000335
646 0.000326
647 0.000318
648 0.000308
649 0.000300
650 0.000286
651 0.000272
652 0.000262
653 0.000247
654 0.000222
655 0.000201
656 0.000180
657 0.000174
658 0.000166
659 0.000145
660 0.000133
661 0.000113
662 0.000112
663 0.000117
664 0.000130
665 0.000148
666 0.000181
667 0.000198
668 0.000203
669 0.000210
670 0.000208
671 0.000213
672 0.000218
673 0.000219
674 0.000216
675 0.000210
676 0.000213
677 0.000225
678 0.000226
679 0.000245
680 0.000246
681 0.000239
682 0.000223
683 0.000199
684 0.000180
685 0.000164
686 0.000155
687 0.000163
688 0.000177
689 0.000172
690 0.000160
691 0.000149
692 0.000148
693 0.000142
694 0.000141
695 0.000137
696 0.000147
697 0.000150
698 0.000169
699 0.000175
700 0.000175
701 0.000198
702 0.000212
703 0.000216
704 0.000217
705 0.000219
706 0.000231
707 0.000231
708 0.000229
709 0.000222
710 0.000212
711 0.000203
712 0.000174
713 0.000159
714 0.000137
715 0.000134
716 0.000130
717 0.000144
718 0.000139
719 0.000136
720 0.000132
721 0.000132
722 0.000144
723 0.000160
724 0.000174
725 0.000180
726 0.000191
727 0.000210
728 0.000230
729 0.000256
730 0.000272
731 0.000308
732 0.000331
733 0.000343
734 0.000344
735 0.000348
736 0.000354
737 0.000371
738 0.000390
739 0.000396
740 0.000393
741 0.000387
742 0.000380
743 0.000368
744 0.000367
745 0.000369
746 0.000374
747 0.000367
748 0.000356
749 0.000355
750 0.000350
751 0.000353
752 0.000354
753 0.000347
754 0.000337
755 0.000324
756 0.000322
757 0.000319
758 0.000331
759 0.000343
760 0.000357
761 0.000367
762 0.000383
763 0.000387
764 0.000393
765 0.000409
766 0.000438
767 0.000456
768 0.000469
769 0.000471
770 0.000471
771 0.000470
772 0.000477
773 0.000476
774 0.000466
775 0.000460
776 0.000448
777 0.000433
778 0.000418
779 0.000404
780 0.000393
781 0.000374
782 0.000360
783 0.000338
784 0.000320
785 0.000309
786 0.000303
787 0.000295
788 0.000290
789 0.000300
790 0.000310
791 0.000326
792 0.000334
793 0.000343
794 0.000354
795 0.000360
796 0.000376
797 0.000391
798 0.000403
799 0.000408
800 0.000424
801 0.000447
802 0.000465
803 0.000476
804 0.000484
805 0.000482
806 0.000482
807 0.000482
808 0.000482
809 0.000483
