# i correlation
1 0.003733
2 0.003434
3 0.003181
4 0.002979
5 0.002799
6 0.002653
7 0.002510
8 0.002390
9 0.002252
10 0.002104
11 0.001995
12 0.001906
13 0.001826
14 0.001775
15 0.001751
16 0.001693
17 0.001643
18 0.001602
19 0.001559
20 0.001533
21 0.001516
22 0.001485
23 0.001442
24 0.001399
25 0.001347
26 0.001303
27 0.001317
28 0.001341
29 0.001365
30 0.001373
31 0.001365
32 0.001317
33 0.001272
34 0.001220
35 0.001172
36 0.001158
37 0.001184
38 0.001216
39 0.001228
40 0.001224
41 0.001216
42 0.001230
43 0.001255
44 0.001256
45 0.001243
46 0.001219
47 0.001210
48 0.001208
49 0.001227
50 0.001252
51 0.001311
52 0.001358
53 0.001403
54 0.001457
55 0.001458
56 0.001483
57 0.001487
58 0.001495
59 0.001516
60 0.001539
61 0.001557
62 0.001557
63 0.001517
64 0.001473
65 0.001445
66 0.001370
67 0.001312
68 0.001252
69 0.001220
70 0.001193
71 0.001184
72 0.001172
73 0.001155
74 0.001145
75 0.001124
76 0.001076
77 0.001020
78 0.000976
79 0.000939
80 0.000918
81 0.000903
82 0.000890
83 0.000890
84 0.000883
85 0.000880
86 0.000869
87 0.000857
88 0.000811
89 0.000810
90 0.000836
91 0.000903
92 0.000956
93 0.000993
94 0.000996
95 0.000976
96 0.000937
97 0.000880
98 0.000860
99 0.000862
100 0.000875
101 0.000894
102 0.000935
103 0.000966
104 0.000970
105 0.000973
106 0.000973
107 0.000977
108 0.000980
109 0.001003
110 0.001025
111 0.001059
112 0.001073
113 0.001116
114 0.001168
115 0.001169
116 0.001172
117 0.001200
118 0.001230
119 0.001251
120 0.001244
121 0.001252
122 0.001277
123 0.001255
124 0.001220
125 0.001168
126 0.001139
127 0.001071
128 0.001017
129 0.000991
130 0.000964
131 0.000907
132 0.000891
133 0.000879
134 0.000860
135 0.000883
136 0.000886
137 0.000892
138 0.000879
139 0.000841
140 0.000804
141 0.000817
142 0.000807
143 0.000767
144 0.000761
145 0.000778
146 0.000830
147 0.000825
148 0.000826
149 0.000833
150 0.000859
151 0.000868
152 0.000847
153 0.000850
154 0.000873
155 0.000879
156 0.000891
157 0.000898
158 0.000870
159 0.000836
160 0.000821
161 0.000789
162 0.000766
163 0.000752
164 0.000745
165 0.000773
166 0.000811
167 0.000835
168 0.000858
169 0.000847
170 0.000821
171 0.000825
172 0.000828
173 0.000836
174 0.000855
175 0.000875
176 0.000917
177 0.000963
178 0.001035
179 0.001108
180 0.001154
181 0.001176
182 0.001177
183 0.001201
184 0.001218
185 0.001212
186 0.001202
187 0.001169
188 0.001132
189 0.001109
190 0.001053
191 0.001027
192 0.000950
193 0.000909
194 0.000888
195 0.000870
196 0.000851
197 0.000845
198 0.000812
199 0.000783
200 0.000782
201 0.000760
202 0.000740
203 0.000720
204 0.000737
205 0.000755
206 0.000797
207 0.000837
208 0.000874
209 0.000909
210 0.000972
211 0.000990
212 0.000978
213 0.000975
214 0.000974
215 0.000968
216 0.000975
217 0.000962
218 0.000940
219 0.000921
220 0.000907
221 0.000900
222 0.000923
223 0.000920
224 0.000918
225 0.000923
226 0.000924
227 0.000925
228 0.000973
229 0.000998
230 0.000997
231 0.001011
232 0.000996
233 0.000994
234 0.000982
235 0.000984
236 0.000970
237 0.000973
238 0.000958
239 0.000954
240 0.000966
241 0.000977
242 0.000964
243 0.000950
244 0.000907
245 0.000857
246 0.000798
247 0.000764
248 0.000731
249 0.000708
250 0.000671
251 0.000626
252 0.000601
253 0.000586
254 0.000552
255 0.000516
256 0.000501
257 0.000472
258 0.000474
259 0.000491
260 0.000523
261 0.000506
262 0.000467
263 0.000421
264 0.000394
265 0.000362
266 0.000322
267 0.000309
268 0.000319
269 0.000302
270 0.000290
271 0.000272
272 0.000257
273 0.000231
274 0.000239
275 0.000266
276 0.000253
277 0.000269
278 0.000274
279 0.000277
280 0.000302
281 0.000327
282 0.000340
283 0.000360
284 0.000347
285 0.000328
286 0.000316
287 0.000311
288 0.000299
289 0.000298
290 0.000293
291 0.000271
292 0.000266
293 0.000264
294 0.000236
295 0.000247
296 0.000250
297 0.000281
298 0.000305
299 0.000341
300 0.000383
301 0.000433
302 0.000476
303 0.000505
304 0.000519
305 0.000526
306 0.000497
307 0.000471
308 0.000441
309 0.000389
310 0.000341
311 0.000308
312 0.000282
313 0.000266
314 0.000224
315 0.000189
316 0.000153
317 0.000145
318 0.000129
319 0.000115
320 0.000108
321 0.000099
322 0.000099
323 0.000080
324 0.000057
325 0.000028
326 0.000030
327 0.000030
328 0.000028
329 0.000062
330 0.000078
331 0.000088
332 0.000094
333 0.000119
334 0.000156
335 0.000198
336 0.000225
337 0.000237
338 0.000227
339 0.000241
340 0.000246
341 0.000260
342 0.000314
343 0.000370
344 0.000389
345 0.000399
346 0.000399
347 0.000390
348 0.000379
349 0.000355
350 0.000352
351 0.000384
352 0.000391
353 0.000355
354 0.000339
355 0.000325
356 0.000311
357 0.000280
358 0.000254
359 0.000240
360 0.000270
361 0.000320
362 0.000369
363 0.000401
364 0.000426
365 0.000439
366 0.000457
367 0.000484
368 0.000494
369 0.000504
370 0.000526
371 0.000542
372 0.000553
373 0.000545
374 0.000523
375 0.000493
376 0.000471
377 0.000446
378 0.000413
379 0.000387
380 0.000361
381 0.000322
382 0.000320
383 0.000312
384 0.000305
385 0.000291
386 0.000287
387 0.000257
388 0.000243
389 0.000255
390 0.000283
391 0.000324
392 0.000327
393 0.000334
394 0.000359
395 0.000390
396 0.000388
397 0.000401
398 0.000413
399 0.000412
400 0.000404
401 0.000399
402 0.000377
403 0.000343
404 0.000318
405 0.000290
406 0.000267
407 0.000267
408 0.000248
409 0.000228
410 0.000228
411 0.000221
412 0.000240
413 0.000263
414 0.000268
415 0.000280
416 0.000279
417 0.000249
418 0.000233
419 0.000218
420 0.000194
421 0.000224
422 0.000243
423 0.000257
424 0.000276
425 0.000313
426 0.000354
427 0.000387
428 0.000399
429 0.000379
430 0.000344
431 0.000302
432 0.000275
433 0.000258
434 0.000251
435 0.000229
436 0.000219
437 0.000192
438 0.000166
439 0.000132
440 0.000097
441 0.000074
442 0.000078
443 0.000112
444 0.000135
445 0.000177
446 0.000200
447 0.000214
448 0.000232
449 0.000241
450 0.000232
451 0.000240
452 0.000234
453 0.000264
454 0.000293
455 0.000328
456 0.000353
457 0.000372
458 0.000368
459 0.000355
460 0.000305
461 0.000279
462 0.000232
463 0.000233
464 0.000243
465 0.000260
466 0.000271
467 0.000267
468 0.000247
469 0.000258
470 0.000247
471 0.000232
472 0.000249
473 0.000274
474 0.000279
475 0.000284
476 0.000281
477 0.000283
478 0.000279
479 0.000260
480 0.000241
481 0.000238
482 0.000200
483 0.000167
484 0.000185
485 0.000193
486 0.000212
487 0.000227
488 0.000254
489 0.000281
490 0.000287
491 0.000267
492 0.000223
493 0.000196
494 0.000162
495 0.000113
496 0.000097
497 0.000080
498 0.000054
499 0.000013
500 -0.000015
501 -0.000017
502 -0.000007
503 0.000001
504 -0.000021
505 -0.000040
506 -0.000049
507 -0.000049
508 -0.000004
509 0.000037
510 0.000075
511 0.000089
512 0.000129
513 0.000145
514 0.000140
515 0.000132
516 0.000140
517 0.000178
518 0.000216
519 0.000235
520 0.000242
521 0.000249
522 0.000235
523 0.000240
524 0.000240
525 0.000243
526 0.000247
527 0.000257
528 0.000279
529 0.000302
530 0.000332
531 0.000332
532 0.000312
533 0.000280
534 0.000232
535 0.000186
536 0.000157
537 0.000132
538 0.000098
539 0.000079
540 0.000087
541 0.000090
542 0.000074
543 0.000046
544 0.000027
545 0.000040
546 0.000045
547 0.000050
548 0.000062
549 0.000069
550 0.000067
551 0.000063
552 0.000052
553 0.000037
554 0.000029
555 0.000020
556 0.000017
557 0.000016
558 0.000006
559 -0.000007
560 -0.000018
561 -0.000021
562 -0.000003
563 0.000009
564 0.000023
565 0.000022
566 0.000033
567 0.000044
568 0.000056
569 0.000071
570 0.000097
571 0.000115
572 0.000143
573 0.000158
574 0.000160
575 0.000171
576 0.000186
577 0.000195
578 0.000217
579 0.000236
580 0.000264
581 0.000273
582 0.000291
583 0.000330
584 0.000356
585 0.000372
586 0.000381
587 0.000377
588 0.000368
589 0.000357
590 0.000343
591 0.000344
592 0.000341
593 0.000338
594 0.000340
595 0.000362
596 0.000366
597 0.000358
598 0.000341
599 0.000333
600 0.000321
601 0.000317
602 0.000341
603 0.000366
604 0.000381
605 0.000392
606 0.000389
607 0.000378
608 0.000357
609 0.000316
610 0.000305
611 0.000296
612 0.000281
613 0.000256
614 0.000234
615 0.000196
616 0.000156
617 0.000120
618 0.000067
619 0.000030
620 -0.000000
621 -0.000017
622 -0.000019
623 -0.000007
624 -0.000009
625 0.000005
626 0.000031
627 0.000040
628 0.000029
629 0.000025
630 0.000023
631 0.000037
632 0.000058
633 0.000057
634 0.000072
635 0.000077
636 0.000075
637 0.000056
638 0.000040
639 0.000018
640 0.000012
641 -0.000002
642 -0.000022
643 -0.000030
644 -0.000011
645 0.000004
646 0.000007
647 0.000015
648 0.000020
649 0.000033
650 0.000050
651 0.000056
652 0.000050
653 0.000036
654 0.000038
655 0.000060
656 0.000082
657 0.000080
658 0.000096
659 0.000114
660 0.000109
661 0.000085
662 0.000055
663 0.000053
664 0.000068
665 0.000091
666 0.000098
667 0.000097
668 0.000095
669 0.000090
670 0.000079
671 0.000060
672 0.000038
673 0.000019
674 -0.000001
675 -0.000016
676 -0.000040
677 -0.000076
678 -0.000101
679 -0.000109
680 -0.000126
681 -0.000143
682 -0.000147
683 -0.000159
684 -0.000178
685 -0.000198
686 -0.000200
687 -0.000179
688 -0.000154
689 -0.000146
690 -0.000143
691 -0.000151
692 -0.000160
693 -0.000171
694 -0.000169
695 -0.000155
696 -0.000115
697 -0.000077
698 -0.000045
699 -0.000044
700 -0.000056
701 -0.000066
702 -0.000078
703 -0.000072
704 -0.000071
705 -0.000068
706 -0.000064
707 -0.000068
708 -0.000054
709 -0.000045
710 -0.000040
711 -0.000046
712 -0.000027
713 0.000002
714 0.000009
715 0.000010
716 0.000005
717 0.000005
718 0.000006
719 0.000012
720 0.000012
721 0.000006
722 -0.000032
723 -0.000080
724 -0.000109
725 -0.000108
726 -0.000098
727 -0.000080
728 -0.000081
729 -0.000083
730 -0.000086
731 -0.000100
732 -0.000110
733 -0.000115
734 -0.000123
735 -0.000135
736 -0.000133
737 -0.000133
738 -0.000141
739 -0.000161
740 -0.000175
741 -0.000173
742 -0.000188
743 -0.000201
744 -0.000206
745 -0.000198
746 -0.000202
747 -0.000196
748 -0.000190
749 -0.000182
750 -0.000168
751 -0.000149
752 -0.000129
753 -0.000113
754 -0.000091
755 -0.000083
756 -0.000061
757 -0.000036
758 0.000005
759 0.000042
760 0.000054
761 0.000064
762 0.000092
763 0.000119
764 0.000138
765 0.000143
766 0.000150
767 0.000157
768 0.000158
769 0.000161
770 0.000170
771 0.000174
772 0.000168
773 0.000155
774 0.000149
775 0.000126
776 0.000103
777 0.000082
778 0.000058
779 0.000028
780 0.000006
781 -0.000012
782 -0.000029
783 -0.000053
784 -0.000075
785 -0.000090
786 -0.000104
787 -0.000123
788 -0.000136
789 -0.000149
790 -0.000153
791 -0.000150
792 -0.000142
793 -0.000134
794 -0.000133
795 -0.000130
796 -0.000137
797 -0.000137
798 -0.000136
799 -0.000131
800 -0.000127
801 -0.000110
802 -0.000103
803 -0.000100
804 -0.000109
805 -0.000108
806 -0.000099
807 -0.000097
808 -0.000091
809 -0.000086
