# i correlation
1 0.003315
2 0.003033
3 0.002779
4 0.002517
5 0.002297
6 0.002131
7 0.002009
8 0.001924
9 0.001875
10 0.001819
11 0.001780
12 0.001758
13 0.001751
14 0.001768
15 0.001760
16 0.001783
17 0.001805
18 0.001804
19 0.001782
20 0.001732
21 0.001685
22 0.001648
23 0.001627
24 0.001584
25 0.001580
26 0.001565
27 0.001546
28 0.001549
29 0.001525
30 0.001517
31 0.001500
32 0.001498
33 0.001494
34 0.001488
35 0.001497
36 0.001471
37 0.001466
38 0.001435
39 0.001397
40 0.001356
41 0.001293
42 0.001247
43 0.001224
44 0.001238
45 0.001259
46 0.001259
47 0.001236
48 0.001233
49 0.001247
50 0.001264
51 0.001255
52 0.001258
53 0.001264
54 0.001287
55 0.001335
56 0.001341
57 0.001313
58 0.001298
59 0.001273
60 0.001250
61 0.001222
62 0.001205
63 0.001181
64 0.001162
65 0.001174
66 0.001171
67 0.001176
68 0.001148
69 0.001130
70 0.001118
71 0.001081
72 0.001053
73 0.001054
74 0.001081
75 0.001116
76 0.001124
77 0.001103
78 0.001103
79 0.001086
80 0.001063
81 0.001061
82 0.001079
83 0.001091
84 0.001122
85 0.001127
86 0.001113
87 0.001069
88 0.001015
89 0.000969
90 0.000930
91 0.000877
92 0.000820
93 0.000785
94 0.000727
95 0.000678
96 0.000655
97 0.000635
98 0.000643
99 0.000676
100 0.000740
101 0.000778
102 0.000799
103 0.000780
104 0.000767
105 0.000723
106 0.000672
107 0.000618
108 0.000565
109 0.000543
110 0.000511
111 0.000498
112 0.000488
113 0.000466
114 0.000456
115 0.000448
116 0.000450
117 0.000467
118 0.000496
119 0.000542
120 0.000578
121 0.000622
122 0.000631
123 0.000630
124 0.000646
125 0.000649
126 0.000633
127 0.000617
128 0.000606
129 0.000644
130 0.000704
131 0.000739
132 0.000773
133 0.000793
134 0.000815
135 0.000825
136 0.000809
137 0.000800
138 0.000813
139 0.000815
140 0.000828
141 0.000846
142 0.000826
143 0.000794
144 0.000770
145 0.000731
146 0.000667
147 0.000596
148 0.000561
149 0.000532
150 0.000487
151 0.000479
152 0.000499
153 0.000510
154 0.000524
155 0.000531
156 0.000556
157 0.000580
158 0.000640
159 0.000705
160 0.000758
161 0.000807
162 0.000827
163 0.000824
164 0.000811
165 0.000825
166 0.000837
167 0.000836
168 0.000826
169 0.000808
170 0.000788
171 0.000742
172 0.000654
173 0.000545
174 0.000484
175 0.000460
176 0.000438
177 0.000433
178 0.000459
179 0.000500
180 0.000543
181 0.000538
182 0.000548
183 0.000540
184 0.000555
185 0.000535
186 0.000534
187 0.000523
188 0.000509
189 0.000511
190 0.000484
191 0.000462
192 0.000424
193 0.000392
194 0.000381
195 0.000354
196 0.000348
197 0.000326
198 0.000314
199 0.000316
200 0.000338
201 0.000380
202 0.000434
203 0.000494
204 0.000522
205 0.000555
206 0.000572
207 0.000544
208 0.000516
209 0.000510
210 0.000487
211 0.000458
212 0.000436
213 0.000434
214 0.000453
215 0.000467
216 0.000482
217 0.000528
218 0.000570
219 0.000633
220 0.000688
221 0.000753
222 0.000757
223 0.000752
224 0.000744
225 0.000706
226 0.000666
227 0.000656
228 0.000637
229 0.000609
230 0.000629
231 0.000662
232 0.000675
233 0.000682
234 0.000721
235 0.000737
236 0.000748
237 0.000766
238 0.000777
239 0.000778
240 0.000768
241 0.000780
242 0.000761
243 0.000758
244 0.000750
245 0.000730
246 0.000714
247 0.000707
248 0.000681
249 0.000688
250 0.000695
251 0.000704
252 0.000723
253 0.000755
254 0.000769
255 0.000783
256 0.000806
257 0.000793
258 0.000785
259 0.000793
260 0.000799
261 0.000799
262 0.000794
263 0.000789
264 0.000799
265 0.000827
266 0.000844
267 0.000885
268 0.000934
269 0.000971
270 0.001019
271 0.001041
272 0.001052
273 0.001025
274 0.000978
275 0.000911
276 0.000876
277 0.000832
278 0.000806
279 0.000803
280 0.000804
281 0.000812
282 0.000812
283 0.000804
284 0.000819
285 0.000848
286 0.000890
287 0.000930
288 0.000955
289 0.000985
290 0.001000
291 0.001007
292 0.001011
293 0.001034
294 0.001026
295 0.001039
296 0.001067
297 0.001086
298 0.001105
299 0.001124
300 0.001113
301 0.001096
302 0.001076
303 0.001071
304 0.001079
305 0.001089
306 0.001080
307 0.001067
308 0.001046
309 0.001032
310 0.001031
311 0.001004
312 0.000964
313 0.000942
314 0.000919
315 0.000887
316 0.000864
317 0.000843
318 0.000845
319 0.000831
320 0.000836
321 0.000863
322 0.000891
323 0.000918
324 0.000939
325 0.000949
326 0.000942
327 0.000926
328 0.000896
329 0.000834
330 0.000797
331 0.000767
332 0.000734
333 0.000692
334 0.000662
335 0.000638
336 0.000628
337 0.000605
338 0.000627
339 0.000615
340 0.000615
341 0.000626
342 0.000627
343 0.000641
344 0.000652
345 0.000687
346 0.000702
347 0.000705
348 0.000725
349 0.000734
350 0.000729
351 0.000707
352 0.000691
353 0.000676
354 0.000689
355 0.000725
356 0.000730
357 0.000715
358 0.000701
359 0.000703
360 0.000704
361 0.000702
362 0.000724
363 0.000717
364 0.000706
365 0.000682
366 0.000651
367 0.000589
368 0.000569
369 0.000546
370 0.000527
371 0.000541
372 0.000559
373 0.000599
374 0.000615
375 0.000625
376 0.000636
377 0.000602
378 0.000596
379 0.000587
380 0.000612
381 0.000607
382 0.000616
383 0.000631
384 0.000601
385 0.000584
386 0.000569
387 0.000560
388 0.000574
389 0.000600
390 0.000598
391 0.000581
392 0.000587
393 0.000595
394 0.000594
395 0.000572
396 0.000551
397 0.000549
398 0.000548
399 0.000564
400 0.000581
401 0.000618
402 0.000635
403 0.000633
404 0.000619
405 0.000642
406 0.000635
407 0.000582
408 0.000579
409 0.000553
410 0.000540
411 0.000545
412 0.000555
413 0.000541
414 0.000523
415 0.000517
416 0.000483
417 0.000466
418 0.000458
419 0.000473
420 0.000491
421 0.000504
422 0.000511
423 0.000511
424 0.000522
425 0.000516
426 0.000504
427 0.000514
428 0.000520
429 0.000513
430 0.000524
431 0.000533
432 0.000533
433 0.000542
434 0.000555
435 0.000560
436 0.000553
437 0.000554
438 0.000587
439 0.000603
440 0.000630
441 0.000636
442 0.000632
443 0.000629
444 0.000623
445 0.000618
446 0.000600
447 0.000596
448 0.000593
449 0.000592
450 0.000579
451 0.000553
452 0.000541
453 0.000502
454 0.000488
455 0.000491
456 0.000522
457 0.000555
458 0.000597
459 0.000623
460 0.000624
461 0.000622
462 0.000626
463 0.000602
464 0.000580
465 0.000549
466 0.000522
467 0.000487
468 0.000463
469 0.000428
470 0.000414
471 0.000392
472 0.000379
473 0.000389
474 0.000397
475 0.000430
476 0.000449
477 0.000444
478 0.000430
479 0.000418
480 0.000414
481 0.000390
482 0.000374
483 0.000377
484 0.000387
485 0.000401
486 0.000415
487 0.000440
488 0.000449
489 0.000468
490 0.000491
491 0.000495
492 0.000490
493 0.000486
494 0.000495
495 0.000485
496 0.000464
497 0.000437
498 0.000408
499 0.000388
500 0.000373
501 0.000367
502 0.000392
503 0.000405
504 0.000412
505 0.000425
506 0.000435
507 0.000426
508 0.000438
509 0.000428
510 0.000425
511 0.000430
512 0.000441
513 0.000441
514 0.000442
515 0.000432
516 0.000426
517 0.000420
518 0.000391
519 0.000390
520 0.000397
521 0.000397
522 0.000393
523 0.000400
524 0.000426
525 0.000427
526 0.000411
527 0.000393
528 0.000378
529 0.000364
530 0.000384
531 0.000394
532 0.000400
533 0.000394
534 0.000401
535 0.000403
536 0.000400
537 0.000401
538 0.000406
539 0.000419
540 0.000421
541 0.000447
542 0.000477
543 0.000502
544 0.000527
545 0.000543
546 0.000545
547 0.000528
548 0.000508
549 0.000480
550 0.000454
551 0.000406
552 0.000354
553 0.000318
554 0.000290
555 0.000268
556 0.000242
557 0.000245
558 0.000271
559 0.000300
560 0.000352
561 0.000396
562 0.000413
563 0.000428
564 0.000452
565 0.000476
566 0.000502
567 0.000507
568 0.000503
569 0.000508
570 0.000491
571 0.000455
572 0.000417
573 0.000378
574 0.000340
575 0.000314
576 0.000314
577 0.000317
578 0.000325
579 0.000365
580 0.000384
581 0.000404
582 0.000432
583 0.000435
584 0.000417
585 0.000384
586 0.000351
587 0.000314
588 0.000274
589 0.000252
590 0.000240
591 0.000241
592 0.000247
593 0.000263
594 0.000283
595 0.000309
596 0.000311
597 0.000309
598 0.000299
599 0.000304
600 0.000292
601 0.000277
602 0.000269
603 0.000267
604 0.000253
605 0.000256
606 0.000240
607 0.000239
608 0.000243
609 0.000233
610 0.000244
611 0.000246
612 0.000235
613 0.000224
614 0.000235
615 0.000256
616 0.000280
617 0.000292
618 0.000290
619 0.000294
620 0.000289
621 0.000293
622 0.000282
623 0.000281
624 0.000306
625 0.000313
626 0.000321
627 0.000339
628 0.000342
629 0.000344
630 0.000320
631 0.000287
632 0.000247
633 0.000205
634 0.000176
635 0.000152
636 0.000144
637 0.000113
638 0.000071
639 0.000027
640 0.000001
641 -0.000010
642 -0.000003
643 0.000025
644 0.000056
645 0.000085
646 0.000127
647 0.000155
648 0.000183
649 0.000200
650 0.000206
651 0.000198
652 0.000190
653 0.000158
654 0.000132
655 0.000124
656 0.000092
657 0.000062
658 0.000031
659 0.000006
660 -0.000009
661 -0.000003
662 0.000014
663 0.000022
664 0.000039
665 0.000055
666 0.000076
667 0.000087
668 0.000090
669 0.000100
670 0.000117
671 0.000126
672 0.000134
673 0.000143
674 0.000150
675 0.000159
676 0.000155
677 0.000156
678 0.000163
679 0.000185
680 0.000212
681 0.000232
682 0.000233
683 0.000232
684 0.000224
685 0.000205
686 0.000189
687 0.000178
688 0.000155
689 0.000141
690 0.000142
691 0.000160
692 0.000165
693 0.000166
694 0.000170
695 0.000164
696 0.000164
697 0.000152
698 0.000152
699 0.000153
700 0.000165
701 0.000187
702 0.000206
703 0.000236
704 0.000260
705 0.000267
706 0.000277
707 0.000284
708 0.000299
709 0.000307
710 0.000319
711 0.000331
712 0.000337
713 0.000314
714 0.000306
715 0.000276
716 0.000231
717 0.000199
718 0.000165
719 0.000145
720 0.000132
721 0.000123
722 0.000115
723 0.000099
724 0.000100
725 0.000106
726 0.000128
727 0.000152
728 0.000187
729 0.000218
730 0.000245
731 0.000248
732 0.000251
733 0.000271
734 0.000266
735 0.000263
736 0.000269
737 0.000267
738 0.000241
739 0.000226
740 0.000208
741 0.000199
742 0.000205
743 0.000217
744 0.000243
745 0.000265
746 0.000287
747 0.000318
748 0.000351
749 0.000391
750 0.000400
751 0.000410
752 0.000398
753 0.000378
754 0.000345
755 0.000316
756 0.000283
757 0.000254
758 0.000235
759 0.000218
760 0.000210
761 0.000229
762 0.000259
763 0.000282
764 0.000299
765 0.000330
766 0.000354
767 0.000371
768 0.000378
769 0.000381
770 0.000377
771 0.000360
772 0.000346
773 0.000333
774 0.000318
775 0.000305
776 0.000294
777 0.000293
778 0.000291
779 0.000298
780 0.000312
781 0.000335
782 0.000362
783 0.000371
784 0.000386
785 0.000403
786 0.000412
787 0.000426
788 0.000445
789 0.000460
790 0.000462
791 0.000452
792 0.000427
793 0.000403
794 0.000387
795 0.000372
796 0.000366
797 0.000371
798 0.000361
799 0.000353
800 0.000355
801 0.000349
802 0.000340
803 0.000345
804 0.000349
805 0.000348
806 0.000348
807 0.000351
808 0.000344
809 0.000328
