# i correlation
1 0.003719
2 0.003430
3 0.003152
4 0.002919
5 0.002723
6 0.002593
7 0.002454
8 0.002324
9 0.002208
10 0.002146
11 0.002057
12 0.001987
13 0.001932
14 0.001892
15 0.001836
16 0.001805
17 0.001815
18 0.001820
19 0.001829
20 0.001865
21 0.001843
22 0.001828
23 0.001824
24 0.001820
25 0.001805
26 0.001786
27 0.001741
28 0.001674
29 0.001599
30 0.001544
31 0.001542
32 0.001555
33 0.001561
34 0.001609
35 0.001673
36 0.001701
37 0.001769
38 0.001804
39 0.001845
40 0.001870
41 0.001870
42 0.001848
43 0.001838
44 0.001846
45 0.001843
46 0.001843
47 0.001852
48 0.001831
49 0.001774
50 0.001738
51 0.001716
52 0.001751
53 0.001758
54 0.001775
55 0.001804
56 0.001846
57 0.001882
58 0.001927
59 0.001941
60 0.001923
61 0.001875
62 0.001828
63 0.001797
64 0.001758
65 0.001725
66 0.001726
67 0.001694
68 0.001648
69 0.001631
70 0.001625
71 0.001593
72 0.001585
73 0.001555
74 0.001576
75 0.001593
76 0.001622
77 0.001652
78 0.001675
79 0.001684
80 0.001686
81 0.001656
82 0.001626
83 0.001576
84 0.001536
85 0.001504
86 0.001459
87 0.001434
88 0.001394
89 0.001357
90 0.001364
91 0.001369
92 0.001392
93 0.001424
94 0.001481
95 0.001500
96 0.001559
97 0.001596
98 0.001626
99 0.001670
100 0.001689
101 0.001694
102 0.001685
103 0.001703
104 0.001737
105 0.001752
106 0.001746
107 0.001727
108 0.001696
109 0.001640
110 0.001610
111 0.001587
112 0.001537
113 0.001510
114 0.001516
115 0.001501
116 0.001505
117 0.001504
118 0.001530
119 0.001522
120 0.001471
121 0.001401
122 0.001375
123 0.001324
124 0.001336
125 0.001319
126 0.001266
127 0.001207
128 0.001166
129 0.001159
130 0.001142
131 0.001151
132 0.001171
133 0.001185
134 0.001235
135 0.001270
136 0.001295
137 0.001319
138 0.001329
139 0.001333
140 0.001351
141 0.001349
142 0.001346
143 0.001325
144 0.001330
145 0.001310
146 0.001254
147 0.001204
148 0.001150
149 0.001120
150 0.001156
151 0.001210
152 0.001272
153 0.001294
154 0.001337
155 0.001376
156 0.001403
157 0.001429
158 0.001420
159 0.001395
160 0.001387
161 0.001394
162 0.001410
163 0.001447
164 0.001482
165 0.001506
166 0.001514
167 0.001504
168 0.001469
169 0.001463
170 0.001480
171 0.001482
172 0.001432
173 0.001362
174 0.001315
175 0.001279
176 0.001311
177 0.001350
178 0.001330
179 0.001290
180 0.001236
181 0.001220
182 0.001184
183 0.001137
184 0.001090
185 0.001044
186 0.001006
187 0.000981
188 0.000993
189 0.001029
190 0.001066
191 0.001140
192 0.001179
193 0.001193
194 0.001205
195 0.001197
196 0.001181
197 0.001191
198 0.001189
199 0.001189
200 0.001187
201 0.001202
202 0.001175
203 0.001174
204 0.001172
205 0.001162
206 0.001156
207 0.001170
208 0.001181
209 0.001209
210 0.001270
211 0.001327
212 0.001363
213 0.001372
214 0.001389
215 0.001429
216 0.001425
217 0.001428
218 0.001422
219 0.001377
220 0.001330
221 0.001303
222 0.001269
223 0.001236
224 0.001193
225 0.001146
226 0.001102
227 0.001048
228 0.001033
229 0.001003
230 0.000989
231 0.000941
232 0.000959
233 0.000965
234 0.000979
235 0.001017
236 0.001070
237 0.001102
238 0.001137
239 0.001136
240 0.001153
241 0.001157
242 0.001148
243 0.001127
244 0.001089
245 0.001050
246 0.001012
247 0.000967
248 0.000968
249 0.000968
250 0.000975
251 0.000982
252 0.000981
253 0.000987
254 0.000991
255 0.001011
256 0.001013
257 0.001034
258 0.001041
259 0.001054
260 0.001065
261 0.001078
262 0.001066
263 0.001062
264 0.001043
265 0.001029
266 0.000996
267 0.000977
268 0.000958
269 0.000967
270 0.000969
271 0.000947
272 0.000900
273 0.000904
274 0.000914
275 0.000947
276 0.000973
277 0.001009
278 0.000996
279 0.000998
280 0.001023
281 0.001081
282 0.001107
283 0.001121
284 0.001125
285 0.001138
286 0.001128
287 0.001143
288 0.001167
289 0.001205
290 0.001232
291 0.001220
292 0.001223
293 0.001220
294 0.001227
295 0.001237
296 0.001263
297 0.001280
298 0.001254
299 0.001221
300 0.001210
301 0.001192
302 0.001214
303 0.001198
304 0.001170
305 0.001148
306 0.001146
307 0.001166
308 0.001175
309 0.001169
310 0.001155
311 0.001155
312 0.001152
313 0.001162
314 0.001163
315 0.001172
316 0.001170
317 0.001172
318 0.001156
319 0.001136
320 0.001132
321 0.001152
322 0.001154
323 0.001136
324 0.001102
325 0.001077
326 0.001057
327 0.001032
328 0.001052
329 0.001063
330 0.001043
331 0.001033
332 0.001040
333 0.001051
334 0.001052
335 0.001047
336 0.000999
337 0.000984
338 0.000943
339 0.000938
340 0.000909
341 0.000902
342 0.000913
343 0.000925
344 0.000947
345 0.000965
346 0.000975
347 0.001007
348 0.001022
349 0.001023
350 0.000999
351 0.000985
352 0.001007
353 0.001021
354 0.001046
355 0.001092
356 0.001114
357 0.001129
358 0.001132
359 0.001129
360 0.001116
361 0.001123
362 0.001139
363 0.001162
364 0.001155
365 0.001154
366 0.001139
367 0.001137
368 0.001123
369 0.001113
370 0.001095
371 0.001065
372 0.001050
373 0.001029
374 0.001015
375 0.000993
376 0.000979
377 0.000973
378 0.000943
379 0.000949
380 0.000963
381 0.000973
382 0.001002
383 0.001006
384 0.001016
385 0.001018
386 0.001018
387 0.001032
388 0.001034
389 0.001052
390 0.001043
391 0.001020
392 0.001021
393 0.001019
394 0.001020
395 0.001000
396 0.000974
397 0.000926
398 0.000898
399 0.000885
400 0.000881
401 0.000901
402 0.000916
403 0.000944
404 0.000982
405 0.001003
406 0.001016
407 0.001037
408 0.001068
409 0.001100
410 0.001119
411 0.001135
412 0.001134
413 0.001125
414 0.001107
415 0.001092
416 0.001050
417 0.000994
418 0.000957
419 0.000940
420 0.000907
421 0.000897
422 0.000894
423 0.000858
424 0.000831
425 0.000824
426 0.000819
427 0.000832
428 0.000812
429 0.000807
430 0.000768
431 0.000762
432 0.000757
433 0.000765
434 0.000746
435 0.000724
436 0.000701
437 0.000664
438 0.000642
439 0.000621
440 0.000588
441 0.000534
442 0.000501
443 0.000470
444 0.000481
445 0.000516
446 0.000579
447 0.000662
448 0.000724
449 0.000739
450 0.000745
451 0.000755
452 0.000770
453 0.000784
454 0.000794
455 0.000779
456 0.000780
457 0.000779
458 0.000789
459 0.000811
460 0.000818
461 0.000823
462 0.000832
463 0.000831
464 0.000837
465 0.000810
466 0.000841
467 0.000867
468 0.000883
469 0.000873
470 0.000877
471 0.000877
472 0.000886
473 0.000921
474 0.000944
475 0.000938
476 0.000923
477 0.000878
478 0.000852
479 0.000848
480 0.000842
481 0.000854
482 0.000834
483 0.000817
484 0.000830
485 0.000846
486 0.000857
487 0.000874
488 0.000884
489 0.000873
490 0.000853
491 0.000833
492 0.000814
493 0.000780
494 0.000748
495 0.000715
496 0.000672
497 0.000633
498 0.000629
499 0.000631
500 0.000597
501 0.000592
502 0.000575
503 0.000566
504 0.000569
505 0.000587
506 0.000584
507 0.000565
508 0.000567
509 0.000599
510 0.000620
511 0.000649
512 0.000666
513 0.000669
514 0.000693
515 0.000701
516 0.000691
517 0.000673
518 0.000672
519 0.000678
520 0.000680
521 0.000709
522 0.000738
523 0.000784
524 0.000829
525 0.000854
526 0.000898
527 0.000898
528 0.000900
529 0.000897
530 0.000893
531 0.000864
532 0.000829
533 0.000798
534 0.000759
535 0.000700
536 0.000652
537 0.000590
538 0.000550
539 0.000522
540 0.000495
541 0.000447
542 0.000406
543 0.000402
544 0.000408
545 0.000409
546 0.000420
547 0.000427
548 0.000422
549 0.000422
550 0.000414
551 0.000402
552 0.000382
553 0.000371
554 0.000358
555 0.000337
556 0.000333
557 0.000321
558 0.000327
559 0.000311
560 0.000297
561 0.000274
562 0.000278
563 0.000289
564 0.000309
565 0.000335
566 0.000379
567 0.000433
568 0.000452
569 0.000484
570 0.000532
571 0.000561
572 0.000569
573 0.000574
574 0.000567
575 0.000546
576 0.000507
577 0.000485
578 0.000478
579 0.000464
580 0.000482
581 0.000495
582 0.000500
583 0.000507
584 0.000529
585 0.000538
586 0.000538
587 0.000542
588 0.000538
589 0.000536
590 0.000541
591 0.000535
592 0.000535
593 0.000510
594 0.000467
595 0.000423
596 0.000372
597 0.000327
598 0.000306
599 0.000297
600 0.000277
601 0.000242
602 0.000239
603 0.000230
604 0.000251
605 0.000278
606 0.000305
607 0.000305
608 0.000299
609 0.000301
610 0.000314
611 0.000311
612 0.000321
613 0.000312
614 0.000315
615 0.000328
616 0.000332
617 0.000334
618 0.000344
619 0.000338
620 0.000334
621 0.000315
622 0.000321
623 0.000348
624 0.000373
625 0.000411
626 0.000425
627 0.000443
628 0.000471
629 0.000496
630 0.000522
631 0.000519
632 0.000488
633 0.000469
634 0.000435
635 0.000380
636 0.000341
637 0.000332
638 0.000318
639 0.000322
640 0.000299
641 0.000278
642 0.000244
643 0.000226
644 0.000231
645 0.000257
646 0.000292
647 0.000311
648 0.000327
649 0.000335
650 0.000346
651 0.000347
652 0.000355
653 0.000345
654 0.000341
655 0.000343
656 0.000317
657 0.000284
658 0.000273
659 0.000262
660 0.000234
661 0.000226
662 0.000233
663 0.000240
664 0.000253
665 0.000296
666 0.000312
667 0.000322
668 0.000350
669 0.000374
670 0.000385
671 0.000395
672 0.000381
673 0.000368
674 0.000353
675 0.000348
676 0.000346
677 0.000333
678 0.000337
679 0.000338
680 0.000327
681 0.000332
682 0.000343
683 0.000342
684 0.000362
685 0.000391
686 0.000430
687 0.000453
688 0.000479
689 0.000501
690 0.000514
691 0.000532
692 0.000541
693 0.000542
694 0.000543
695 0.000526
696 0.000543
697 0.000525
698 0.000511
699 0.000494
700 0.000489
701 0.000465
702 0.000467
703 0.000455
704 0.000432
705 0.000418
706 0.000402
707 0.000387
708 0.000395
709 0.000405
710 0.000412
711 0.000410
712 0.000391
713 0.000361
714 0.000347
715 0.000331
716 0.000325
717 0.000322
718 0.000304
719 0.000286
720 0.000262
721 0.000265
722 0.000274
723 0.000285
724 0.000317
725 0.000341
726 0.000343
727 0.000337
728 0.000345
729 0.000344
730 0.000322
731 0.000306
732 0.000276
733 0.000265
734 0.000261
735 0.000259
736 0.000254
737 0.000254
738 0.000235
739 0.000223
740 0.000228
741 0.000219
742 0.000211
743 0.000223
744 0.000239
745 0.000251
746 0.000255
747 0.000261
748 0.000260
749 0.000272
750 0.000264
751 0.000258
752 0.000245
753 0.000206
754 0.000174
755 0.000150
756 0.000134
757 0.000123
758 0.000097
759 0.000089
760 0.000077
761 0.000080
762 0.000091
763 0.000118
764 0.000131
765 0.000130
766 0.000142
767 0.000156
768 0.000166
769 0.000199
770 0.000222
771 0.000230
772 0.000225
773 0.000211
774 0.000193
775 0.000202
776 0.000202
777 0.000208
778 0.000210
779 0.000202
780 0.000199
781 0.000210
782 0.000217
783 0.000242
784 0.000258
785 0.000264
786 0.000267
787 0.000268
788 0.000270
789 0.000264
790 0.000249
791 0.000246
792 0.000251
793 0.000253
794 0.000266
795 0.000279
796 0.000283
797 0.000258
798 0.000231
799 0.000208
800 0.000175
801 0.000156
802 0.000155
803 0.000157
804 0.000152
805 0.000155
806 0.000167
807 0.000172
808 0.000169
809 0.000170
