# i correlation
1 0.003087
2 0.002816
3 0.002559
4 0.002338
5 0.002140
6 0.002025
7 0.001911
8 0.001805
9 0.001717
10 0.001675
11 0.001557
12 0.001497
13 0.001438
14 0.001439
15 0.001420
16 0.001408
17 0.001375
18 0.001345
19 0.001332
20 0.001314
21 0.001320
22 0.001304
23 0.001303
24 0.001305
25 0.001301
26 0.001302
27 0.001310
28 0.001279
29 0.001235
30 0.001218
31 0.001198
32 0.001205
33 0.001203
34 0.001194
35 0.001168
36 0.001131
37 0.001131
38 0.001110
39 0.001092
40 0.001117
41 0.001131
42 0.001159
43 0.001147
44 0.001140
45 0.001131
46 0.001171
47 0.001199
48 0.001216
49 0.001230
50 0.001179
51 0.001130
52 0.001081
53 0.001063
54 0.001059
55 0.001040
56 0.001010
57 0.000970
58 0.000892
59 0.000846
60 0.000789
61 0.000776
62 0.000773
63 0.000767
64 0.000769
65 0.000769
66 0.000749
67 0.000752
68 0.000762
69 0.000788
70 0.000803
71 0.000835
72 0.000860
73 0.000881
74 0.000902
75 0.000891
76 0.000895
77 0.000875
78 0.000853
79 0.000830
80 0.000826
81 0.000825
82 0.000827
83 0.000869
84 0.000894
85 0.000891
86 0.000927
87 0.000925
88 0.000947
89 0.000962
90 0.000940
91 0.000913
92 0.000883
93 0.000862
94 0.000869
95 0.000880
96 0.000888
97 0.000881
98 0.000855
99 0.000855
100 0.000814
101 0.000798
102 0.000796
103 0.000814
104 0.000786
105 0.000771
106 0.000737
107 0.000692
108 0.000637
109 0.000609
110 0.000579
111 0.000578
112 0.000547
113 0.000555
114 0.000524
115 0.000501
116 0.000479
117 0.000475
118 0.000458
119 0.000412
120 0.000388
121 0.000356
122 0.000321
123 0.000292
124 0.000271
125 0.000256
126 0.000269
127 0.000295
128 0.000301
129 0.000312
130 0.000338
131 0.000343
132 0.000364
133 0.000375
134 0.000399
135 0.000422
136 0.000451
137 0.000486
138 0.000523
139 0.000545
140 0.000559
141 0.000579
142 0.000578
143 0.000594
144 0.000574
145 0.000557
146 0.000519
147 0.000461
148 0.000394
149 0.000310
150 0.000241
151 0.000199
152 0.000165
153 0.000182
154 0.000180
155 0.000191
156 0.000199
157 0.000234
158 0.000251
159 0.000271
160 0.000295
161 0.000302
162 0.000283
163 0.000252
164 0.000231
165 0.000230
166 0.000227
167 0.000224
168 0.000239
169 0.000245
170 0.000248
171 0.000299
172 0.000355
173 0.000425
174 0.000497
175 0.000548
176 0.000586
177 0.000617
178 0.000662
179 0.000696
180 0.000725
181 0.000767
182 0.000783
183 0.000830
184 0.000868
185 0.000887
186 0.000856
187 0.000844
188 0.000825
189 0.000815
190 0.000809
191 0.000807
192 0.000788
193 0.000778
194 0.000746
195 0.000708
196 0.000634
197 0.000569
198 0.000523
199 0.000525
200 0.000534
201 0.000556
202 0.000588
203 0.000621
204 0.000617
205 0.000634
206 0.000664
207 0.000703
208 0.000748
209 0.000800
210 0.000860
211 0.000892
212 0.000906
213 0.000905
214 0.000902
215 0.000890
216 0.000880
217 0.000865
218 0.000820
219 0.000781
220 0.000747
221 0.000717
222 0.000702
223 0.000689
224 0.000703
225 0.000727
226 0.000766
227 0.000808
228 0.000847
229 0.000904
230 0.000946
231 0.000999
232 0.001042
233 0.001073
234 0.001091
235 0.001085
236 0.001041
237 0.001004
238 0.000956
239 0.000924
240 0.000917
241 0.000912
242 0.000913
243 0.000908
244 0.000905
245 0.000904
246 0.000904
247 0.000892
248 0.000884
249 0.000888
250 0.000852
251 0.000825
252 0.000808
253 0.000780
254 0.000774
255 0.000772
256 0.000798
257 0.000814
258 0.000811
259 0.000807
260 0.000793
261 0.000779
262 0.000762
263 0.000736
264 0.000725
265 0.000700
266 0.000681
267 0.000668
268 0.000685
269 0.000668
270 0.000661
271 0.000652
272 0.000650
273 0.000645
274 0.000650
275 0.000651
276 0.000656
277 0.000706
278 0.000768
279 0.000820
280 0.000850
281 0.000881
282 0.000894
283 0.000900
284 0.000904
285 0.000886
286 0.000896
287 0.000930
288 0.000961
289 0.000989
290 0.000956
291 0.000908
292 0.000851
293 0.000792
294 0.000754
295 0.000713
296 0.000675
297 0.000646
298 0.000651
299 0.000639
300 0.000647
301 0.000671
302 0.000691
303 0.000707
304 0.000715
305 0.000728
306 0.000745
307 0.000708
308 0.000700
309 0.000663
310 0.000632
311 0.000617
312 0.000624
313 0.000643
314 0.000676
315 0.000713
316 0.000724
317 0.000711
318 0.000711
319 0.000699
320 0.000696
321 0.000719
322 0.000715
323 0.000715
324 0.000700
325 0.000687
326 0.000671
327 0.000685
328 0.000682
329 0.000686
330 0.000678
331 0.000658
332 0.000617
333 0.000575
334 0.000558
335 0.000561
336 0.000550
337 0.000530
338 0.000506
339 0.000457
340 0.000413
341 0.000380
342 0.000334
343 0.000291
344 0.000275
345 0.000279
346 0.000264
347 0.000244
348 0.000244
349 0.000233
350 0.000221
351 0.000233
352 0.000225
353 0.000213
354 0.000220
355 0.000229
356 0.000208
357 0.000195
358 0.000186
359 0.000185
360 0.000180
361 0.000206
362 0.000215
363 0.000243
364 0.000258
365 0.000245
366 0.000193
367 0.000163
368 0.000137
369 0.000147
370 0.000152
371 0.000157
372 0.000156
373 0.000165
374 0.000154
375 0.000164
376 0.000167
377 0.000172
378 0.000168
379 0.000152
380 0.000116
381 0.000046
382 -0.000000
383 -0.000034
384 -0.000021
385 -0.000001
386 0.000060
387 0.000125
388 0.000188
389 0.000261
390 0.000305
391 0.000314
392 0.000333
393 0.000310
394 0.000308
395 0.000285
396 0.000274
397 0.000247
398 0.000204
399 0.000159
400 0.000146
401 0.000142
402 0.000142
403 0.000138
404 0.000131
405 0.000116
406 0.000102
407 0.000089
408 0.000051
409 0.000013
410 0.000014
411 0.000019
412 0.000030
413 0.000072
414 0.000110
415 0.000150
416 0.000191
417 0.000244
418 0.000291
419 0.000328
420 0.000370
421 0.000395
422 0.000420
423 0.000437
424 0.000457
425 0.000458
426 0.000444
427 0.000423
428 0.000389
429 0.000349
430 0.000327
431 0.000299
432 0.000259
433 0.000234
434 0.000219
435 0.000196
436 0.000168
437 0.000152
438 0.000149
439 0.000126
440 0.000124
441 0.000124
442 0.000120
443 0.000122
444 0.000103
445 0.000094
446 0.000045
447 0.000012
448 -0.000013
449 -0.000037
450 -0.000060
451 -0.000064
452 -0.000069
453 -0.000083
454 -0.000105
455 -0.000123
456 -0.000142
457 -0.000152
458 -0.000147
459 -0.000125
460 -0.000077
461 -0.000004
462 0.000083
463 0.000155
464 0.000223
465 0.000276
466 0.000330
467 0.000360
468 0.000398
469 0.000417
470 0.000440
471 0.000458
472 0.000481
473 0.000483
474 0.000468
475 0.000439
476 0.000405
477 0.000393
478 0.000397
479 0.000396
480 0.000410
481 0.000416
482 0.000416
483 0.000408
484 0.000391
485 0.000378
486 0.000361
487 0.000371
488 0.000363
489 0.000389
490 0.000389
491 0.000399
492 0.000406
493 0.000412
494 0.000423
495 0.000432
496 0.000449
497 0.000468
498 0.000460
499 0.000473
500 0.000452
501 0.000445
502 0.000456
503 0.000464
504 0.000469
505 0.000474
506 0.000483
507 0.000490
508 0.000500
509 0.000503
510 0.000514
511 0.000517
512 0.000513
513 0.000512
514 0.000529
515 0.000532
516 0.000549
517 0.000546
518 0.000555
519 0.000564
520 0.000577
521 0.000578
522 0.000564
523 0.000538
524 0.000529
525 0.000503
526 0.000498
527 0.000481
528 0.000470
529 0.000458
530 0.000453
531 0.000435
532 0.000415
533 0.000368
534 0.000363
535 0.000362
536 0.000372
537 0.000386
538 0.000383
539 0.000349
540 0.000330
541 0.000296
542 0.000274
543 0.000240
544 0.000241
545 0.000232
546 0.000246
547 0.000240
548 0.000256
549 0.000256
550 0.000257
551 0.000267
552 0.000267
553 0.000252
554 0.000246
555 0.000229
556 0.000215
557 0.000190
558 0.000194
559 0.000184
560 0.000192
561 0.000219
562 0.000241
563 0.000269
564 0.000283
565 0.000301
566 0.000303
567 0.000311
568 0.000326
569 0.000344
570 0.000387
571 0.000420
572 0.000452
573 0.000463
574 0.000442
575 0.000434
576 0.000412
577 0.000378
578 0.000362
579 0.000360
580 0.000369
581 0.000363
582 0.000356
583 0.000354
584 0.000336
585 0.000314
586 0.000300
587 0.000268
588 0.000236
589 0.000205
590 0.000187
591 0.000184
592 0.000174
593 0.000172
594 0.000167
595 0.000179
596 0.000203
597 0.000225
598 0.000262
599 0.000296
600 0.000309
601 0.000322
602 0.000355
603 0.000387
604 0.000428
605 0.000466
606 0.000487
607 0.000498
608 0.000498
609 0.000486
610 0.000471
611 0.000435
612 0.000411
613 0.000388
614 0.000370
615 0.000349
616 0.000336
617 0.000328
618 0.000315
619 0.000302
620 0.000289
621 0.000277
622 0.000264
623 0.000263
624 0.000270
625 0.000272
626 0.000269
627 0.000260
628 0.000240
629 0.000227
630 0.000192
631 0.000166
632 0.000143
633 0.000143
634 0.000132
635 0.000125
636 0.000122
637 0.000121
638 0.000107
639 0.000087
640 0.000072
641 0.000059
642 0.000041
643 0.000043
644 0.000040
645 0.000055
646 0.000066
647 0.000070
648 0.000086
649 0.000100
650 0.000121
651 0.000141
652 0.000159
653 0.000179
654 0.000189
655 0.000203
656 0.000214
657 0.000238
658 0.000252
659 0.000260
660 0.000242
661 0.000221
662 0.000185
663 0.000169
664 0.000171
665 0.000160
666 0.000156
667 0.000165
668 0.000152
669 0.000136
670 0.000105
671 0.000077
672 0.000046
673 0.000047
674 0.000049
675 0.000065
676 0.000075
677 0.000080
678 0.000076
679 0.000078
680 0.000061
681 0.000046
682 0.000035
683 0.000029
684 0.000019
685 0.000023
686 0.000009
687 0.000008
688 -0.000004
689 -0.000004
690 0.000002
691 0.000011
692 0.000024
693 0.000039
694 0.000048
695 0.000055
696 0.000045
697 0.000042
698 0.000042
699 0.000059
700 0.000083
701 0.000106
702 0.000127
703 0.000133
704 0.000132
705 0.000144
706 0.000161
707 0.000164
708 0.000175
709 0.000187
710 0.000187
711 0.000190
712 0.000189
713 0.000196
714 0.000191
715 0.000197
716 0.000199
717 0.000189
718 0.000192
719 0.000208
720 0.000215
721 0.000218
722 0.000217
723 0.000218
724 0.000209
725 0.000195
726 0.000180
727 0.000167
728 0.000151
729 0.000160
730 0.000167
731 0.000164
732 0.000154
733 0.000138
734 0.000130
735 0.000109
736 0.000104
737 0.000108
738 0.000110
739 0.000116
740 0.000127
741 0.000134
742 0.000128
743 0.000125
744 0.000130
745 0.000122
746 0.000119
747 0.000117
748 0.000127
749 0.000123
750 0.000129
751 0.000147
752 0.000150
753 0.000153
754 0.000146
755 0.000137
756 0.000121
757 0.000119
758 0.000103
759 0.000080
760 0.000064
761 0.000048
762 0.000030
763 0.000021
764 0.000007
765 -0.000010
766 -0.000020
767 -0.000022
768 -0.000036
769 -0.000049
770 -0.000059
771 -0.000067
772 -0.000072
773 -0.000082
774 -0.000085
775 -0.000088
776 -0.000082
777 -0.000074
778 -0.000055
779 -0.000033
780 -0.000009
781 0.000011
782 0.000027
783 0.000038
784 0.000054
785 0.000061
786 0.000077
787 0.000075
788 0.000071
789 0.000064
790 0.000067
791 0.000070
792 0.000075
793 0.000087
794 0.000099
795 0.000103
796 0.000105
797 0.000116
798 0.000115
799 0.000106
800 0.000107
801 0.000092
802 0.000089
803 0.000078
804 0.000075
805 0.000078
806 0.000079
807 0.000088
808 0.000093
809 0.000099
