# time covered_sites
0.010000 3452.000000
0.020000 6466.000000
0.030000 9176.000000
0.040000 11382.000000
0.050000 13374.000000
0.060000 15102.000000
0.070000 16500.000000
0.080000 17816.000000
0.090000 19050.000000
0.100000 20000.000000
0.110000 20944.000000
0.120000 21616.000000
0.130000 22206.000000
0.140000 22728.000000
0.150000 23222.000000
0.160000 23650.000000
0.170000 24040.000000
0.180000 24422.000000
0.190000 24634.000000
0.200000 24884.000000
0.210000 25002.000000
0.220000 25160.000000
0.230000 25258.000000
0.240000 25502.000000
0.250000 25616.000000
0.260000 25764.000000
0.270000 25896.000000
0.280000 25816.000000
0.290000 26002.000000
0.300000 25932.000000
0.310000 26210.000000
0.320000 26316.000000
0.330000 26308.000000
0.340000 26272.000000
0.350000 26408.000000
0.360000 26430.000000
0.370000 26428.000000
0.380000 26332.000000
0.390000 26428.000000
0.400000 26304.000000
0.410000 26344.000000
0.420000 26424.000000
0.430000 26596.000000
0.440000 26824.000000
0.450000 26932.000000
0.460000 26874.000000
0.470000 26966.000000
0.480000 27022.000000
0.490000 27026.000000
0.500000 27076.000000
0.510000 27140.000000
0.520000 27246.000000
0.530000 27150.000000
0.540000 27074.000000
0.550000 27136.000000
0.560000 27038.000000
0.570000 27032.000000
0.580000 26974.000000
0.590000 26890.000000
0.600000 26780.000000
0.610000 26808.000000
0.620000 27038.000000
0.630000 27190.000000
0.640000 27176.000000
0.650000 27148.000000
0.660000 27084.000000
0.670000 27116.000000
0.680000 27168.000000
0.690000 27262.000000
0.700000 27234.000000
0.710000 27352.000000
0.720000 27312.000000
0.730000 27344.000000
0.740000 27310.000000
0.750000 27324.000000
0.760000 27392.000000
0.770000 27338.000000
0.780000 27428.000000
0.790000 27466.000000
0.800000 27492.000000
0.810000 27502.000000
0.820000 27388.000000
0.830000 27402.000000
0.840000 27438.000000
0.850000 27478.000000
0.860000 27372.000000
0.870000 27318.000000
0.880000 27322.000000
0.890000 27330.000000
0.900000 27444.000000
0.910000 27596.000000
0.920000 27616.000000
0.930000 27572.000000
0.940000 27608.000000
0.950000 27604.000000
0.960000 27604.000000
0.970000 27556.000000
0.980000 27520.000000
0.990000 27500.000000
1.000000 27582.000000
1.010000 27510.000000
1.020000 27388.000000
1.030000 27458.000000
1.040000 27454.000000
1.050000 27316.000000
1.060000 27328.000000
1.070000 27376.000000
1.080000 27420.000000
1.090000 27330.000000
1.100000 27200.000000
1.110000 27062.000000
1.120000 27236.000000
1.130000 27226.000000
1.140000 27250.000000
1.150000 27244.000000
1.160000 27258.000000
1.170000 27332.000000
1.180000 27344.000000
1.190000 27424.000000
1.200000 27336.000000
1.210000 27386.000000
1.220000 27446.000000
1.230000 27428.000000
1.240000 27318.000000
1.250000 27362.000000
1.260000 27348.000000
1.270000 27232.000000
1.280000 27416.000000
1.290000 27386.000000
1.300000 27478.000000
1.310000 27524.000000
1.320000 27526.000000
1.330000 27622.000000
1.340000 27612.000000
1.350000 27540.000000
1.360000 27404.000000
1.370000 27466.000000
1.380000 27504.000000
1.390000 27458.000000
1.400000 27420.000000
1.410000 27594.000000
1.420000 27610.000000
1.430000 27652.000000
1.440000 27738.000000
1.450000 27652.000000
1.460000 27524.000000
1.470000 27382.000000
1.480000 27458.000000
1.490000 27448.000000
1.500000 27522.000000
1.510000 27618.000000
1.520000 27536.000000
1.530000 27532.000000
1.540000 27480.000000
1.550000 27474.000000
1.560000 27460.000000
1.570000 27476.000000
1.580000 27564.000000
1.590000 27658.000000
1.600000 27598.000000
1.610000 27650.000000
1.620000 27724.000000
1.630000 27810.000000
1.640000 27776.000000
1.650000 27706.000000
1.660000 27662.000000
1.670000 27630.000000
1.680000 27682.000000
1.690000 27592.000000
1.700000 27584.000000
1.710000 27554.000000
1.720000 27524.000000
1.730000 27582.000000
1.740000 27636.000000
1.750000 27668.000000
1.760000 27540.000000
1.770000 27522.000000
1.780000 27454.000000
1.790000 27594.000000
1.800000 27674.000000
1.810000 27744.000000
1.820000 27602.000000
1.830000 27552.000000
1.840000 27518.000000
1.850000 27640.000000
1.860000 27800.000000
1.870000 27780.000000
1.880000 27776.000000
1.890000 27724.000000
1.900000 27650.000000
1.910000 27602.000000
1.920000 27534.000000
1.930000 27522.000000
1.940000 27562.000000
1.950000 27560.000000
1.960000 27564.000000
1.970000 27464.000000
1.980000 27462.000000
1.990000 27420.000000
2.000000 27398.000000
2.010000 27494.000000
2.020000 27456.000000
2.030000 27426.000000
2.040000 27518.000000
2.050000 27450.000000
2.060000 27538.000000
2.070000 27526.000000
2.080000 27486.000000
2.090000 27510.000000
2.100000 27606.000000
2.110000 27692.000000
2.120000 27748.000000
2.130000 27764.000000
2.140000 27720.000000
2.150000 27768.000000
2.160000 27770.000000
2.170000 27790.000000
2.180000 27740.000000
2.190000 27742.000000
2.200000 27636.000000
2.210000 27584.000000
2.220000 27630.000000
2.230000 27612.000000
2.240000 27668.000000
2.250000 27762.000000
2.260000 27790.000000
2.270000 27780.000000
2.280000 27772.000000
2.290000 27756.000000
2.300000 27710.000000
2.310000 27702.000000
2.320000 27724.000000
2.330000 27746.000000
2.340000 27710.000000
2.350000 27720.000000
2.360000 27542.000000
2.370000 27690.000000
2.380000 27788.000000
2.390000 27794.000000
2.400000 27868.000000
2.410000 27932.000000
2.420000 28010.000000
2.430000 27908.000000
2.440000 27734.000000
2.450000 27678.000000
2.460000 27666.000000
2.470000 27804.000000
2.480000 27814.000000
2.490000 27786.000000
2.500000 27730.000000
2.510000 27896.000000
2.520000 27776.000000
2.530000 27782.000000
2.540000 27638.000000
2.550000 27646.000000
2.560000 27528.000000
2.570000 27622.000000
2.580000 27748.000000
2.590000 27720.000000
2.600000 27688.000000
2.610000 27674.000000
2.620000 27794.000000
2.630000 27698.000000
2.640000 27624.000000
2.650000 27540.000000
2.660000 27528.000000
2.670000 27620.000000
2.680000 27678.000000
2.690000 27532.000000
2.700000 27478.000000
2.710000 27598.000000
2.720000 27652.000000
2.730000 27652.000000
2.740000 27732.000000
2.750000 27786.000000
2.760000 27728.000000
2.770000 27814.000000
2.780000 27814.000000
2.790000 27780.000000
2.800000 27786.000000
2.810000 27784.000000
2.820000 27900.000000
2.830000 27858.000000
2.840000 27914.000000
2.850000 27914.000000
2.860000 27912.000000
2.870000 27980.000000
2.880000 27954.000000
2.890000 27994.000000
2.900000 27932.000000
2.910000 27854.000000
2.920000 27828.000000
2.930000 27666.000000
2.940000 27510.000000
2.950000 27488.000000
2.960000 27392.000000
2.970000 27342.000000
2.980000 27296.000000
2.990000 27220.000000
3.000000 27316.000000
3.010000 27540.000000
3.020000 27718.000000
3.030000 27604.000000
3.040000 27758.000000
3.050000 27782.000000
3.060000 27972.000000
3.070000 27860.000000
3.080000 27864.000000
3.090000 27672.000000
3.100000 27812.000000
3.110000 27706.000000
3.120000 27680.000000
3.130000 27746.000000
3.140000 27642.000000
3.150000 27572.000000
3.160000 27672.000000
3.170000 27674.000000
3.180000 27688.000000
3.190000 27920.000000
3.200000 27822.000000
3.210000 27694.000000
3.220000 27854.000000
3.230000 27844.000000
3.240000 27698.000000
3.250000 27706.000000
3.260000 27682.000000
3.270000 27680.000000
3.280000 27590.000000
3.290000 27520.000000
3.300000 27520.000000
3.310000 27442.000000
3.320000 27464.000000
3.330000 27522.000000
3.340000 27540.000000
3.350000 27540.000000
3.360000 27612.000000
3.370000 27654.000000
3.380000 27634.000000
3.390000 27628.000000
3.400000 27682.000000
3.410000 27654.000000
3.420000 27648.000000
3.430000 27610.000000
3.440000 27552.000000
3.450000 27464.000000
3.460000 27602.000000
3.470000 27636.000000
3.480000 27658.000000
3.490000 27708.000000
3.500000 27648.000000
3.510000 27500.000000
3.520000 27608.000000
3.530000 27690.000000
3.540000 27586.000000
3.550000 27548.000000
3.560000 27564.000000
3.570000 27574.000000
3.580000 27502.000000
3.590000 27478.000000
3.600000 27490.000000
3.610000 27564.000000
3.620000 27586.000000
3.630000 27568.000000
3.640000 27706.000000
3.650000 27674.000000
3.660000 27768.000000
3.670000 27658.000000
3.680000 27696.000000
3.690000 27672.000000
3.700000 27646.000000
3.710000 27734.000000
3.720000 27840.000000
3.730000 27758.000000
3.740000 27858.000000
3.750000 27904.000000
3.760000 27846.000000
3.770000 27738.000000
3.780000 27674.000000
3.790000 27838.000000
3.800000 27886.000000
3.810000 27882.000000
3.820000 27940.000000
3.830000 28070.000000
3.840000 28024.000000
3.850000 28090.000000
3.860000 27992.000000
3.870000 27846.000000
3.880000 27794.000000
3.890000 27670.000000
3.900000 27650.000000
3.910000 27648.000000
3.920000 27772.000000
3.930000 27654.000000
3.940000 27710.000000
3.950000 27764.000000
3.960000 27798.000000
3.970000 27950.000000
3.980000 27850.000000
3.990000 27786.000000
4.000000 27858.000000
4.010000 27788.000000
4.020000 27916.000000
4.030000 27940.000000
4.040000 27868.000000
4.050000 27754.000000
4.060000 27692.000000
4.070000 27734.000000
4.080000 27728.000000
4.090000 27608.000000
4.100000 27752.000000
4.110000 27732.000000
4.120000 27678.000000
4.130000 27676.000000
4.140000 27606.000000
4.150000 27510.000000
4.160000 27626.000000
4.170000 27750.000000
4.180000 27778.000000
4.190000 27774.000000
4.200000 27944.000000
4.210000 27828.000000
4.220000 27728.000000
4.230000 27770.000000
4.240000 27784.000000
4.250000 27890.000000
4.260000 27746.000000
4.270000 27734.000000
4.280000 27760.000000
4.290000 27764.000000
4.300000 27742.000000
4.310000 27746.000000
4.320000 27848.000000
4.330000 27842.000000
4.340000 27764.000000
4.350000 27646.000000
4.360000 27614.000000
4.370000 27522.000000
4.380000 27452.000000
4.390000 27490.000000
4.400000 27550.000000
4.410000 27780.000000
4.420000 27754.000000
4.430000 27848.000000
4.440000 27640.000000
4.450000 27716.000000
4.460000 27666.000000
4.470000 27768.000000
4.480000 27874.000000
4.490000 27838.000000
4.500000 27834.000000
4.510000 27920.000000
4.520000 27892.000000
4.530000 27960.000000
4.540000 27832.000000
4.550000 27784.000000
4.560000 27664.000000
4.570000 27756.000000
4.580000 27754.000000
4.590000 27676.000000
4.600000 27642.000000
4.610000 27554.000000
4.620000 27530.000000
4.630000 27476.000000
4.640000 27542.000000
4.650000 27572.000000
4.660000 27514.000000
4.670000 27534.000000
4.680000 27424.000000
4.690000 27512.000000
4.700000 27552.000000
4.710000 27588.000000
4.720000 27574.000000
4.730000 27570.000000
4.740000 27682.000000
4.750000 27776.000000
4.760000 27886.000000
4.770000 27956.000000
4.780000 27796.000000
4.790000 27922.000000
4.800000 27938.000000
4.810000 27944.000000
4.820000 27856.000000
4.830000 27768.000000
4.840000 27662.000000
4.850000 27468.000000
4.860000 27578.000000
4.870000 27644.000000
4.880000 27798.000000
4.890000 27776.000000
4.900000 27878.000000
4.910000 27974.000000
4.920000 27746.000000
4.930000 27748.000000
4.940000 27778.000000
4.950000 27748.000000
4.960000 27684.000000
4.970000 27562.000000
4.980000 27536.000000
4.990000 27532.000000
5.000000 27634.000000
5.010000 27580.000000
5.020000 27382.000000
5.030000 27360.000000
5.040000 27416.000000
5.050000 27538.000000
5.060000 27728.000000
5.070000 27814.000000
5.080000 27742.000000
5.090000 27870.000000
5.100000 27878.000000
5.110000 27808.000000
5.120000 27802.000000
5.130000 27880.000000
5.140000 27840.000000
5.150000 27798.000000
5.160000 27910.000000
5.170000 27922.000000
5.180000 27880.000000
5.190000 27960.000000
5.200000 27844.000000
5.210000 27776.000000
5.220000 27770.000000
5.230000 27792.000000
5.240000 27832.000000
5.250000 27840.000000
5.260000 27718.000000
5.270000 27694.000000
5.280000 27572.000000
5.290000 27714.000000
5.300000 27720.000000
5.310000 27822.000000
5.320000 27850.000000
5.330000 27854.000000
5.340000 27894.000000
5.350000 27792.000000
5.360000 27852.000000
5.370000 27988.000000
5.380000 27956.000000
5.390000 28006.000000
5.400000 28070.000000
5.410000 27956.000000
5.420000 27936.000000
5.430000 27840.000000
5.440000 27782.000000
5.450000 27744.000000
5.460000 27710.000000
5.470000 27746.000000
5.480000 27784.000000
5.490000 27692.000000
5.500000 27642.000000
5.510000 27642.000000
5.520000 27592.000000
5.530000 27606.000000
5.540000 27642.000000
5.550000 27658.000000
5.560000 27818.000000
5.570000 27612.000000
5.580000 27562.000000
5.590000 27516.000000
5.600000 27510.000000
5.610000 27554.000000
5.620000 27560.000000
5.630000 27682.000000
5.640000 27718.000000
5.650000 27654.000000
5.660000 27554.000000
5.670000 27616.000000
5.680000 27466.000000
5.690000 27494.000000
5.700000 27578.000000
5.710000 27634.000000
5.720000 27586.000000
5.730000 27536.000000
5.740000 27598.000000
5.750000 27544.000000
5.760000 27632.000000
5.770000 27780.000000
5.780000 27792.000000
5.790000 27684.000000
5.800000 27582.000000
5.810000 27656.000000
5.820000 27590.000000
5.830000 27590.000000
5.840000 27572.000000
5.850000 27604.000000
5.860000 27778.000000
5.870000 27728.000000
5.880000 27766.000000
5.890000 27740.000000
5.900000 27626.000000
5.910000 27614.000000
5.920000 27686.000000
5.930000 27558.000000
5.940000 27518.000000
5.950000 27586.000000
5.960000 27696.000000
5.970000 27674.000000
5.980000 27654.000000
5.990000 27648.000000
6.000000 27620.000000
6.010000 27710.000000
6.020000 27646.000000
6.030000 27530.000000
6.040000 27518.000000
6.050000 27622.000000
6.060000 27636.000000
6.070000 27752.000000
6.080000 27800.000000
6.090000 27752.000000
6.100000 27688.000000
6.110000 27634.000000
6.120000 27520.000000
6.130000 27582.000000
6.140000 27724.000000
6.150000 27734.000000
6.160000 27756.000000
6.170000 27808.000000
6.180000 27674.000000
6.190000 27642.000000
6.200000 27610.000000
6.210000 27732.000000
6.220000 27814.000000
6.230000 27810.000000
6.240000 27890.000000
6.250000 27948.000000
6.260000 27932.000000
6.270000 27900.000000
6.280000 27880.000000
6.290000 27806.000000
6.300000 27818.000000
6.310000 27832.000000
6.320000 27794.000000
6.330000 27788.000000
6.340000 27722.000000
6.350000 27714.000000
6.360000 27762.000000
6.370000 27716.000000
6.380000 27598.000000
6.390000 27520.000000
6.400000 27578.000000
6.410000 27604.000000
6.420000 27738.000000
6.430000 27710.000000
6.440000 27690.000000
6.450000 27768.000000
6.460000 27718.000000
6.470000 27848.000000
6.480000 27758.000000
6.490000 27768.000000
6.500000 27820.000000
6.510000 27880.000000
6.520000 27938.000000
6.530000 27880.000000
6.540000 27880.000000
6.550000 27998.000000
6.560000 27848.000000
6.570000 27828.000000
6.580000 27876.000000
6.590000 27856.000000
6.600000 27826.000000
6.610000 28026.000000
6.620000 27976.000000
6.630000 27964.000000
6.640000 27846.000000
6.650000 27808.000000
6.660000 27760.000000
6.670000 27716.000000
6.680000 27738.000000
6.690000 27736.000000
6.700000 27776.000000
6.710000 27664.000000
6.720000 27716.000000
6.730000 27812.000000
6.740000 27752.000000
6.750000 27702.000000
6.760000 27706.000000
6.770000 27650.000000
6.780000 27702.000000
6.790000 27756.000000
6.800000 27672.000000
6.810000 27678.000000
6.820000 27744.000000
6.830000 27752.000000
6.840000 27688.000000
6.850000 27766.000000
6.860000 27858.000000
6.870000 27856.000000
6.880000 27900.000000
6.890000 27854.000000
6.900000 27690.000000
6.910000 27570.000000
6.920000 27710.000000
6.930000 27672.000000
6.940000 27548.000000
6.950000 27520.000000
6.960000 27564.000000
6.970000 27614.000000
6.980000 27732.000000
6.990000 27586.000000
7.000000 27558.000000
7.010000 27562.000000
7.020000 27666.000000
7.030000 27822.000000
7.040000 27834.000000
7.050000 27792.000000
7.060000 27820.000000
7.070000 27736.000000
7.080000 27776.000000
7.090000 27726.000000
7.100000 27536.000000
7.110000 27604.000000
7.120000 27570.000000
7.130000 27654.000000
7.140000 27740.000000
7.150000 27744.000000
7.160000 27678.000000
7.170000 27652.000000
7.180000 27680.000000
7.190000 27630.000000
7.200000 27788.000000
7.210000 27806.000000
7.220000 27824.000000
7.230000 27786.000000
7.240000 27960.000000
7.250000 28100.000000
7.260000 28216.000000
7.270000 28208.000000
7.280000 28080.000000
7.290000 28066.000000
7.300000 27956.000000
7.310000 27878.000000
7.320000 27916.000000
7.330000 27874.000000
7.340000 27796.000000
7.350000 27786.000000
7.360000 27876.000000
7.370000 27878.000000
7.380000 27906.000000
7.390000 27914.000000
7.400000 27872.000000
7.410000 27870.000000
7.420000 27812.000000
7.430000 27722.000000
7.440000 27590.000000
7.450000 27548.000000
7.460000 27644.000000
7.470000 27632.000000
7.480000 27724.000000
7.490000 27790.000000
7.500000 27722.000000
7.510000 27708.000000
7.520000 27648.000000
7.530000 27600.000000
7.540000 27674.000000
7.550000 27588.000000
7.560000 27718.000000
7.570000 27610.000000
7.580000 27552.000000
7.590000 27534.000000
7.600000 27578.000000
7.610000 27552.000000
7.620000 27658.000000
7.630000 27676.000000
7.640000 27564.000000
7.650000 27536.000000
7.660000 27560.000000
7.670000 27640.000000
7.680000 27776.000000
7.690000 27718.000000
7.700000 27704.000000
7.710000 27792.000000
7.720000 27752.000000
7.730000 27724.000000
7.740000 27708.000000
7.750000 27714.000000
7.760000 27602.000000
7.770000 27702.000000
7.780000 27670.000000
7.790000 27666.000000
7.800000 27824.000000
7.810000 27914.000000
7.820000 27746.000000
7.830000 27702.000000
7.840000 27726.000000
7.850000 27808.000000
7.860000 27796.000000
7.870000 27870.000000
7.880000 27802.000000
7.890000 27848.000000
7.900000 27836.000000
7.910000 27644.000000
7.920000 27676.000000
7.930000 27758.000000
7.940000 27652.000000
7.950000 27650.000000
7.960000 27736.000000
7.970000 27616.000000
7.980000 27686.000000
7.990000 27604.000000
8.000000 27742.000000
8.010000 27698.000000
8.020000 27734.000000
8.030000 27696.000000
8.040000 27728.000000
8.050000 27576.000000
8.060000 27644.000000
8.070000 27680.000000
8.080000 27578.000000
8.090000 27640.000000
8.100000 27742.000000
8.110000 27732.000000
8.120000 27744.000000
8.130000 27784.000000
8.140000 27722.000000
8.150000 27938.000000
8.160000 27894.000000
8.170000 27848.000000
8.180000 27948.000000
8.190000 27860.000000
8.200000 27812.000000
8.210000 27798.000000
8.220000 27842.000000
8.230000 27774.000000
8.240000 27814.000000
8.250000 27820.000000
8.260000 27778.000000
8.270000 27712.000000
8.280000 27732.000000
8.290000 27730.000000
8.300000 27788.000000
8.310000 27810.000000
8.320000 27840.000000
8.330000 27878.000000
8.340000 27918.000000
8.350000 27852.000000
8.360000 27888.000000
8.370000 27790.000000
8.380000 27926.000000
8.390000 27850.000000
8.400000 27912.000000
8.410000 27744.000000
8.420000 27752.000000
8.430000 27762.000000
8.440000 27728.000000
8.450000 27738.000000
8.460000 27714.000000
8.470000 27694.000000
8.480000 27696.000000
8.490000 27774.000000
8.500000 27726.000000
8.510000 27838.000000
8.520000 27802.000000
8.530000 27788.000000
8.540000 27826.000000
8.550000 27736.000000
8.560000 27762.000000
8.570000 27896.000000
8.580000 27686.000000
8.590000 27820.000000
8.600000 27794.000000
8.610000 27776.000000
8.620000 27806.000000
8.630000 27826.000000
8.640000 27776.000000
8.650000 27778.000000
8.660000 27762.000000
8.670000 27818.000000
8.680000 27928.000000
8.690000 27912.000000
8.700000 27812.000000
8.710000 27850.000000
8.720000 27822.000000
8.730000 27772.000000
8.740000 27764.000000
8.750000 27652.000000
8.760000 27802.000000
8.770000 27732.000000
8.780000 27696.000000
8.790000 27782.000000
8.800000 27728.000000
8.810000 27800.000000
8.820000 27802.000000
8.830000 27828.000000
8.840000 27750.000000
8.850000 27740.000000
8.860000 27712.000000
8.870000 27648.000000
8.880000 27456.000000
8.890000 27550.000000
8.900000 27652.000000
8.910000 27680.000000
8.920000 27718.000000
8.930000 27732.000000
8.940000 27856.000000
8.950000 27882.000000
8.960000 27922.000000
8.970000 27930.000000
8.980000 27950.000000
8.990000 27846.000000
9.000000 27854.000000
9.010000 27786.000000
9.020000 27810.000000
9.030000 27898.000000
9.040000 27838.000000
9.050000 27770.000000
9.060000 27696.000000
9.070000 27708.000000
9.080000 27558.000000
9.090000 27634.000000
9.100000 27796.000000
9.110000 27944.000000
9.120000 27996.000000
9.130000 27880.000000
9.140000 27850.000000
9.150000 27828.000000
9.160000 27838.000000
9.170000 27800.000000
9.180000 27894.000000
9.190000 27824.000000
9.200000 27796.000000
9.210000 27738.000000
9.220000 27700.000000
9.230000 27744.000000
9.240000 27766.000000
9.250000 27784.000000
9.260000 27888.000000
9.270000 27928.000000
9.280000 27826.000000
9.290000 27822.000000
9.300000 27822.000000
9.310000 27774.000000
9.320000 27670.000000
9.330000 27838.000000
9.340000 27816.000000
9.350000 27822.000000
9.360000 27816.000000
9.370000 27734.000000
9.380000 27650.000000
9.390000 27792.000000
9.400000 27904.000000
9.410000 27778.000000
9.420000 27858.000000
9.430000 27894.000000
9.440000 28006.000000
9.450000 27872.000000
9.460000 28012.000000
9.470000 27968.000000
9.480000 27962.000000
9.490000 27924.000000
9.500000 27992.000000
9.510000 27938.000000
9.520000 27898.000000
9.530000 27900.000000
9.540000 27716.000000
9.550000 27724.000000
9.560000 27716.000000
9.570000 27632.000000
9.580000 27642.000000
9.590000 27550.000000
9.600000 27584.000000
9.610000 27602.000000
9.620000 27622.000000
9.630000 27680.000000
9.640000 27638.000000
9.650000 27620.000000
9.660000 27638.000000
9.670000 27570.000000
9.680000 27588.000000
9.690000 27664.000000
9.700000 27668.000000
9.710000 27618.000000
9.720000 27576.000000
9.730000 27588.000000
9.740000 27542.000000
9.750000 27512.000000
9.760000 27500.000000
9.770000 27498.000000
9.780000 27490.000000
9.790000 27646.000000
9.800000 27626.000000
9.810000 27620.000000
9.820000 27666.000000
9.830000 27598.000000
9.840000 27662.000000
9.850000 27774.000000
9.860000 27850.000000
9.870000 27994.000000
9.880000 27848.000000
9.890000 27774.000000
9.900000 27828.000000
9.910000 27820.000000
9.920000 27752.000000
9.930000 27688.000000
9.940000 27620.000000
9.950000 27552.000000
9.960000 27690.000000
9.970000 27758.000000
9.980000 27608.000000
9.990000 27568.000000
10.000000 27530.000000
