# i correlation
1 0.004337
2 0.003567
3 0.002984
4 0.002558
5 0.002196
6 0.001916
7 0.001676
8 0.001532
9 0.001354
10 0.001239
11 0.001211
12 0.001176
13 0.001150
14 0.001279
15 0.001343
16 0.001402
17 0.001453
18 0.001546
19 0.001625
20 0.001571
21 0.001449
22 0.001393
23 0.001384
24 0.001366
25 0.001369
26 0.001367
27 0.001227
28 0.001077
29 0.000961
30 0.000924
31 0.000962
32 0.000955
33 0.000980
34 0.000999
35 0.000971
36 0.000934
37 0.000976
38 0.000957
39 0.000973
40 0.001062
41 0.001092
42 0.001040
43 0.000896
44 0.000846
45 0.000782
46 0.000760
47 0.000710
48 0.000786
49 0.000837
50 0.000887
51 0.000885
52 0.000889
53 0.000841
54 0.000740
55 0.000640
56 0.000583
57 0.000496
58 0.000479
59 0.000504
60 0.000651
61 0.000718
62 0.000699
63 0.000723
64 0.000817
65 0.000850
66 0.000845
67 0.000826
68 0.000837
69 0.000814
70 0.000742
71 0.000676
72 0.000719
73 0.000729
74 0.000717
75 0.000745
76 0.000714
77 0.000679
78 0.000616
79 0.000628
80 0.000720
81 0.000795
82 0.000835
83 0.000856
84 0.000929
85 0.000996
86 0.001102
87 0.001150
88 0.001200
89 0.001234
90 0.001225
91 0.001195
92 0.001142
93 0.001145
94 0.001191
95 0.001200
96 0.001158
97 0.001075
98 0.001008
99 0.000923
100 0.000883
101 0.000793
102 0.000755
103 0.000767
104 0.000746
105 0.000754
106 0.000779
107 0.000753
108 0.000774
109 0.000734
110 0.000694
111 0.000652
112 0.000668
113 0.000714
114 0.000795
115 0.000825
116 0.000919
117 0.001020
118 0.001060
119 0.001136
120 0.001171
121 0.001255
122 0.001369
123 0.001445
124 0.001492
125 0.001458
126 0.001302
127 0.001128
128 0.001010
129 0.000871
130 0.000760
131 0.000670
132 0.000634
133 0.000589
134 0.000574
135 0.000514
136 0.000546
137 0.000597
138 0.000670
139 0.000741
140 0.000864
141 0.001000
142 0.001063
143 0.001031
144 0.001002
145 0.001015
146 0.001022
147 0.001009
148 0.001051
149 0.001081
150 0.001057
151 0.000993
152 0.000839
153 0.000667
154 0.000553
155 0.000500
156 0.000532
157 0.000537
158 0.000605
159 0.000647
160 0.000675
161 0.000592
162 0.000576
163 0.000587
164 0.000530
165 0.000461
166 0.000440
167 0.000415
168 0.000397
169 0.000434
170 0.000465
171 0.000516
172 0.000548
173 0.000548
174 0.000624
175 0.000682
176 0.000719
177 0.000727
178 0.000701
179 0.000594
180 0.000549
181 0.000471
182 0.000551
183 0.000623
184 0.000606
185 0.000599
186 0.000628
187 0.000613
188 0.000616
189 0.000715
190 0.000857
191 0.000961
192 0.001086
193 0.001141
194 0.001156
195 0.001032
196 0.000887
197 0.000855
198 0.000783
199 0.000682
200 0.000598
201 0.000588
202 0.000627
203 0.000648
204 0.000616
205 0.000555
206 0.000540
207 0.000548
208 0.000672
209 0.000870
210 0.000993
211 0.001123
212 0.001191
213 0.001232
214 0.001207
215 0.001155
216 0.001102
217 0.001120
218 0.001077
219 0.000999
220 0.000932
221 0.000810
222 0.000709
223 0.000729
224 0.000786
225 0.000827
226 0.000852
227 0.000901
228 0.000847
229 0.000712
230 0.000662
231 0.000659
232 0.000620
233 0.000515
234 0.000498
235 0.000540
236 0.000580
237 0.000612
238 0.000677
239 0.000719
240 0.000704
241 0.000674
242 0.000739
243 0.000836
244 0.000936
245 0.000964
246 0.000954
247 0.000838
248 0.000653
249 0.000531
