# i correlation
1 0.001664
2 0.001604
3 0.001554
4 0.001512
5 0.001475
6 0.001434
7 0.001399
8 0.001363
9 0.001339
10 0.001317
11 0.001297
12 0.001275
13 0.001251
14 0.001227
15 0.001214
16 0.001202
17 0.001184
18 0.001163
19 0.001150
20 0.001140
21 0.001128
22 0.001122
23 0.001114
24 0.001102
25 0.001095
26 0.001089
27 0.001085
28 0.001079
29 0.001073
30 0.001075
31 0.001082
32 0.001089
33 0.001090
34 0.001090
35 0.001091
36 0.001085
37 0.001082
38 0.001077
39 0.001080
40 0.001078
41 0.001076
42 0.001079
43 0.001077
44 0.001078
45 0.001076
46 0.001074
47 0.001068
48 0.001064
49 0.001060
50 0.001055
51 0.001054
52 0.001050
53 0.001042
54 0.001031
55 0.001027
56 0.001021
57 0.001014
58 0.001011
59 0.001008
60 0.001006
61 0.001009
62 0.001015
63 0.001018
64 0.001018
65 0.001011
66 0.000997
67 0.000991
68 0.000989
69 0.000985
70 0.000987
71 0.000988
72 0.000990
73 0.000989
74 0.000993
75 0.000996
76 0.000989
77 0.000987
78 0.000992
79 0.000987
80 0.000979
81 0.000978
82 0.000973
83 0.000967
84 0.000959
85 0.000949
86 0.000934
87 0.000922
88 0.000908
89 0.000893
90 0.000884
91 0.000877
92 0.000873
93 0.000869
94 0.000869
95 0.000869
96 0.000870
97 0.000870
98 0.000866
99 0.000859
100 0.000849
101 0.000839
102 0.000830
103 0.000826
104 0.000825
105 0.000832
106 0.000839
107 0.000844
108 0.000854
109 0.000861
110 0.000861
111 0.000856
112 0.000859
113 0.000859
114 0.000860
115 0.000857
116 0.000852
117 0.000843
118 0.000831
119 0.000826
120 0.000821
121 0.000818
122 0.000815
123 0.000808
124 0.000814
125 0.000820
126 0.000825
127 0.000828
128 0.000824
129 0.000823
130 0.000827
131 0.000827
132 0.000820
133 0.000810
134 0.000803
135 0.000791
136 0.000786
137 0.000780
138 0.000771
139 0.000763
140 0.000762
141 0.000761
142 0.000760
143 0.000756
144 0.000748
145 0.000743
146 0.000740
147 0.000738
148 0.000736
149 0.000736
150 0.000737
151 0.000745
152 0.000752
153 0.000755
154 0.000756
155 0.000751
156 0.000754
157 0.000754
158 0.000751
159 0.000745
160 0.000739
161 0.000736
162 0.000730
163 0.000725
164 0.000718
165 0.000711
166 0.000706
167 0.000703
168 0.000703
169 0.000701
170 0.000697
171 0.000695
172 0.000697
173 0.000699
174 0.000698
175 0.000698
176 0.000702
177 0.000702
178 0.000700
179 0.000698
180 0.000697
181 0.000691
182 0.000682
183 0.000681
184 0.000684
185 0.000687
186 0.000692
187 0.000697
188 0.000704
189 0.000713
190 0.000722
191 0.000728
192 0.000732
193 0.000739
194 0.000739
195 0.000741
196 0.000738
197 0.000727
198 0.000718
199 0.000710
200 0.000699
201 0.000685
202 0.000674
203 0.000662
204 0.000649
205 0.000638
206 0.000621
207 0.000601
208 0.000585
209 0.000574
210 0.000565
211 0.000559
212 0.000561
213 0.000561
214 0.000564
215 0.000570
216 0.000568
217 0.000563
218 0.000561
219 0.000562
220 0.000563
221 0.000566
222 0.000560
223 0.000561
224 0.000561
225 0.000565
226 0.000569
227 0.000571
228 0.000574
229 0.000575
230 0.000577
231 0.000582
232 0.000589
233 0.000593
234 0.000596
235 0.000606
236 0.000618
237 0.000625
238 0.000631
239 0.000635
240 0.000639
241 0.000645
242 0.000643
243 0.000636
244 0.000623
245 0.000607
246 0.000602
247 0.000599
248 0.000597
249 0.000594
