# i correlation
1 0.001829
2 0.001772
3 0.001724
4 0.001682
5 0.001646
6 0.001614
7 0.001587
8 0.001569
9 0.001557
10 0.001536
11 0.001521
12 0.001509
13 0.001496
14 0.001486
15 0.001482
16 0.001474
17 0.001467
18 0.001455
19 0.001438
20 0.001424
21 0.001412
22 0.001399
23 0.001390
24 0.001377
25 0.001360
26 0.001346
27 0.001337
28 0.001328
29 0.001318
30 0.001307
31 0.001303
32 0.001303
33 0.001299
34 0.001297
35 0.001295
36 0.001291
37 0.001294
38 0.001296
39 0.001297
40 0.001293
41 0.001288
42 0.001280
43 0.001268
44 0.001256
45 0.001242
46 0.001234
47 0.001228
48 0.001219
49 0.001209
50 0.001199
51 0.001184
52 0.001173
53 0.001159
54 0.001150
55 0.001139
56 0.001136
57 0.001133
58 0.001128
59 0.001122
60 0.001118
61 0.001123
62 0.001126
63 0.001127
64 0.001120
65 0.001113
66 0.001103
67 0.001088
68 0.001068
69 0.001053
70 0.001043
71 0.001039
72 0.001038
73 0.001038
74 0.001035
75 0.001039
76 0.001037
77 0.001042
78 0.001043
79 0.001038
80 0.001036
81 0.001035
82 0.001034
83 0.001034
84 0.001029
85 0.001027
86 0.001017
87 0.001005
88 0.000991
89 0.000986
90 0.000978
91 0.000968
92 0.000965
93 0.000963
94 0.000962
95 0.000953
96 0.000946
97 0.000935
98 0.000931
99 0.000922
100 0.000915
101 0.000910
102 0.000909
103 0.000913
104 0.000912
105 0.000912
106 0.000908
107 0.000899
108 0.000888
109 0.000882
110 0.000877
111 0.000876
112 0.000883
113 0.000887
114 0.000892
115 0.000892
116 0.000888
117 0.000882
118 0.000868
119 0.000860
120 0.000856
121 0.000849
122 0.000838
123 0.000830
124 0.000822
125 0.000819
126 0.000813
127 0.000813
128 0.000807
129 0.000810
130 0.000809
131 0.000796
132 0.000781
133 0.000770
134 0.000762
135 0.000757
136 0.000754
137 0.000761
138 0.000769
139 0.000769
140 0.000769
141 0.000771
142 0.000771
143 0.000774
144 0.000775
145 0.000774
146 0.000779
147 0.000784
148 0.000790
149 0.000784
150 0.000779
151 0.000776
152 0.000771
153 0.000767
154 0.000760
155 0.000758
156 0.000763
157 0.000772
158 0.000777
159 0.000782
160 0.000787
161 0.000792
162 0.000800
163 0.000800
164 0.000800
165 0.000797
166 0.000796
167 0.000793
168 0.000790
169 0.000781
170 0.000770
171 0.000765
172 0.000756
173 0.000747
174 0.000747
175 0.000750
176 0.000759
177 0.000769
178 0.000775
179 0.000775
180 0.000772
181 0.000769
182 0.000755
183 0.000748
184 0.000740
185 0.000733
186 0.000733
187 0.000732
188 0.000735
189 0.000735
190 0.000735
191 0.000735
192 0.000743
193 0.000747
194 0.000749
195 0.000746
196 0.000742
197 0.000739
198 0.000737
199 0.000738
200 0.000741
201 0.000746
202 0.000744
203 0.000737
204 0.000733
205 0.000732
206 0.000730
207 0.000730
208 0.000731
209 0.000732
210 0.000740
211 0.000737
212 0.000736
213 0.000736
214 0.000737
215 0.000738
216 0.000740
217 0.000742
218 0.000744
219 0.000745
220 0.000746
221 0.000745
222 0.000745
223 0.000751
224 0.000753
225 0.000751
226 0.000751
227 0.000753
228 0.000755
229 0.000752
230 0.000751
231 0.000753
232 0.000752
233 0.000755
234 0.000752
235 0.000751
236 0.000742
237 0.000732
238 0.000724
239 0.000718
240 0.000720
241 0.000719
242 0.000721
243 0.000717
244 0.000715
245 0.000707
246 0.000699
247 0.000690
248 0.000678
249 0.000675
