# time covered_sites
0.010000 18394.000000
0.020000 34658.000000
0.030000 48698.000000
0.040000 61002.000000
0.050000 71888.000000
0.060000 81112.000000
0.070000 89088.000000
0.080000 96282.000000
0.090000 102226.000000
0.100000 107866.000000
0.110000 112598.000000
0.120000 116272.000000
0.130000 119724.000000
0.140000 122510.000000
0.150000 125302.000000
0.160000 127626.000000
0.170000 129736.000000
0.180000 131460.000000
0.190000 132762.000000
0.200000 134306.000000
0.210000 134980.000000
0.220000 136098.000000
0.230000 137238.000000
0.240000 137822.000000
0.250000 138782.000000
0.260000 139524.000000
0.270000 140372.000000
0.280000 141084.000000
0.290000 141766.000000
0.300000 142114.000000
0.310000 142510.000000
0.320000 143032.000000
0.330000 143298.000000
0.340000 143426.000000
0.350000 144058.000000
0.360000 144224.000000
0.370000 144246.000000
0.380000 144596.000000
0.390000 144672.000000
0.400000 145104.000000
0.410000 145240.000000
0.420000 145374.000000
0.430000 145454.000000
0.440000 145442.000000
0.450000 145742.000000
0.460000 146154.000000
0.470000 146150.000000
0.480000 146482.000000
0.490000 146678.000000
0.500000 146558.000000
0.510000 147126.000000
0.520000 147158.000000
0.530000 147408.000000
0.540000 147296.000000
0.550000 147202.000000
0.560000 147302.000000
0.570000 147494.000000
0.580000 147666.000000
0.590000 147766.000000
0.600000 147784.000000
0.610000 147872.000000
0.620000 147926.000000
0.630000 148100.000000
0.640000 148104.000000
0.650000 148028.000000
0.660000 148104.000000
0.670000 148088.000000
0.680000 148204.000000
0.690000 148444.000000
0.700000 148374.000000
0.710000 148758.000000
0.720000 148748.000000
0.730000 149228.000000
0.740000 149000.000000
0.750000 148814.000000
0.760000 148824.000000
0.770000 148952.000000
0.780000 148992.000000
0.790000 149144.000000
0.800000 148978.000000
0.810000 148944.000000
0.820000 148688.000000
0.830000 148820.000000
0.840000 148958.000000
0.850000 148930.000000
0.860000 148992.000000
0.870000 149000.000000
0.880000 149102.000000
0.890000 149360.000000
0.900000 149312.000000
0.910000 149178.000000
0.920000 149062.000000
0.930000 149046.000000
0.940000 148938.000000
0.950000 149134.000000
0.960000 149312.000000
0.970000 149180.000000
0.980000 149286.000000
0.990000 149346.000000
1.000000 149394.000000
1.010000 149426.000000
1.020000 149294.000000
1.030000 149632.000000
1.040000 149714.000000
1.050000 149754.000000
1.060000 149780.000000
1.070000 149720.000000
1.080000 149654.000000
1.090000 149920.000000
1.100000 149874.000000
1.110000 149464.000000
1.120000 149634.000000
1.130000 149728.000000
1.140000 149654.000000
1.150000 149978.000000
1.160000 150086.000000
1.170000 150194.000000
1.180000 149928.000000
1.190000 149444.000000
1.200000 149188.000000
1.210000 149220.000000
1.220000 149308.000000
1.230000 149418.000000
1.240000 149326.000000
1.250000 149494.000000
1.260000 149618.000000
1.270000 149730.000000
1.280000 149738.000000
1.290000 149644.000000
1.300000 149596.000000
1.310000 149482.000000
1.320000 149930.000000
1.330000 149722.000000
1.340000 149808.000000
1.350000 149820.000000
1.360000 149950.000000
1.370000 149978.000000
1.380000 149698.000000
1.390000 150040.000000
1.400000 150138.000000
1.410000 150432.000000
1.420000 150502.000000
1.430000 150380.000000
1.440000 150652.000000
1.450000 150608.000000
1.460000 150544.000000
1.470000 150386.000000
1.480000 150434.000000
1.490000 150346.000000
1.500000 150258.000000
1.510000 150500.000000
1.520000 150204.000000
1.530000 150068.000000
1.540000 150108.000000
1.550000 150184.000000
1.560000 149914.000000
1.570000 149894.000000
1.580000 149950.000000
1.590000 150024.000000
1.600000 150058.000000
1.610000 150146.000000
1.620000 150022.000000
1.630000 149844.000000
1.640000 150482.000000
1.650000 150384.000000
1.660000 150160.000000
1.670000 150304.000000
1.680000 150164.000000
1.690000 150266.000000
1.700000 150220.000000
1.710000 150290.000000
1.720000 150350.000000
1.730000 150192.000000
1.740000 150350.000000
1.750000 150312.000000
1.760000 150256.000000
1.770000 150286.000000
1.780000 150150.000000
1.790000 150374.000000
1.800000 150056.000000
1.810000 150120.000000
1.820000 150274.000000
1.830000 150348.000000
1.840000 150302.000000
1.850000 150462.000000
1.860000 150352.000000
1.870000 150234.000000
1.880000 150698.000000
1.890000 150898.000000
1.900000 150684.000000
1.910000 150772.000000
1.920000 150598.000000
1.930000 150684.000000
1.940000 150826.000000
1.950000 150760.000000
1.960000 150952.000000
1.970000 150640.000000
1.980000 150618.000000
1.990000 150658.000000
2.000000 150914.000000
2.010000 150596.000000
2.020000 150594.000000
2.030000 150516.000000
2.040000 150388.000000
2.050000 150406.000000
2.060000 149952.000000
2.070000 150140.000000
2.080000 149964.000000
2.090000 150072.000000
2.100000 150214.000000
2.110000 150572.000000
2.120000 150502.000000
2.130000 150284.000000
2.140000 150388.000000
2.150000 150462.000000
2.160000 150634.000000
2.170000 150522.000000
2.180000 150654.000000
2.190000 150502.000000
2.200000 150480.000000
2.210000 150582.000000
2.220000 150414.000000
2.230000 150316.000000
2.240000 150124.000000
2.250000 149996.000000
2.260000 150176.000000
2.270000 150146.000000
2.280000 149978.000000
2.290000 149882.000000
2.300000 150010.000000
2.310000 150146.000000
2.320000 150094.000000
2.330000 150106.000000
2.340000 150396.000000
2.350000 150324.000000
2.360000 150266.000000
2.370000 150294.000000
2.380000 150362.000000
2.390000 150302.000000
2.400000 150504.000000
2.410000 150556.000000
2.420000 150470.000000
2.430000 150436.000000
2.440000 150490.000000
2.450000 150540.000000
2.460000 150382.000000
2.470000 150278.000000
2.480000 150368.000000
2.490000 150300.000000
2.500000 150382.000000
2.510000 150964.000000
2.520000 151020.000000
2.530000 151266.000000
2.540000 151120.000000
2.550000 150878.000000
2.560000 150800.000000
2.570000 150658.000000
2.580000 150718.000000
2.590000 150346.000000
2.600000 150648.000000
2.610000 150322.000000
2.620000 150240.000000
2.630000 150628.000000
2.640000 150518.000000
2.650000 150658.000000
2.660000 150170.000000
2.670000 150078.000000
2.680000 150052.000000
2.690000 150218.000000
2.700000 150426.000000
2.710000 150762.000000
2.720000 150782.000000
2.730000 150874.000000
2.740000 151166.000000
2.750000 150568.000000
2.760000 150898.000000
2.770000 150716.000000
2.780000 150936.000000
2.790000 151178.000000
2.800000 151254.000000
2.810000 151108.000000
2.820000 150902.000000
2.830000 151158.000000
2.840000 151538.000000
2.850000 151324.000000
2.860000 151110.000000
2.870000 150958.000000
2.880000 151042.000000
2.890000 150822.000000
2.900000 150914.000000
2.910000 151168.000000
2.920000 151214.000000
2.930000 150674.000000
2.940000 150556.000000
2.950000 150532.000000
2.960000 150532.000000
2.970000 150370.000000
2.980000 150536.000000
2.990000 150296.000000
3.000000 150516.000000
3.010000 150220.000000
3.020000 150150.000000
3.030000 150056.000000
3.040000 149896.000000
3.050000 149974.000000
3.060000 150120.000000
3.070000 150028.000000
3.080000 150320.000000
3.090000 150288.000000
3.100000 150648.000000
3.110000 150696.000000
3.120000 150778.000000
3.130000 150800.000000
3.140000 150454.000000
3.150000 150302.000000
3.160000 150520.000000
3.170000 150574.000000
3.180000 150796.000000
3.190000 150950.000000
3.200000 150910.000000
3.210000 150952.000000
3.220000 150776.000000
3.230000 150662.000000
3.240000 151106.000000
3.250000 150910.000000
3.260000 150692.000000
3.270000 150774.000000
3.280000 150480.000000
3.290000 150762.000000
3.300000 150736.000000
3.310000 150972.000000
3.320000 151236.000000
3.330000 151282.000000
3.340000 151336.000000
3.350000 151252.000000
3.360000 151228.000000
3.370000 151334.000000
3.380000 151232.000000
3.390000 151228.000000
3.400000 151098.000000
3.410000 150848.000000
3.420000 150732.000000
3.430000 150688.000000
3.440000 150674.000000
3.450000 150540.000000
3.460000 151084.000000
3.470000 151084.000000
3.480000 151144.000000
3.490000 151056.000000
3.500000 150982.000000
3.510000 150674.000000
3.520000 150976.000000
3.530000 150854.000000
3.540000 150886.000000
3.550000 150914.000000
3.560000 150602.000000
3.570000 150418.000000
3.580000 150446.000000
3.590000 150328.000000
3.600000 150336.000000
3.610000 150602.000000
3.620000 150578.000000
3.630000 150652.000000
3.640000 150452.000000
3.650000 150576.000000
3.660000 150648.000000
3.670000 150568.000000
3.680000 150772.000000
3.690000 150900.000000
3.700000 150780.000000
3.710000 150748.000000
3.720000 150680.000000
3.730000 150762.000000
3.740000 150788.000000
3.750000 150944.000000
3.760000 151230.000000
3.770000 151154.000000
3.780000 151336.000000
3.790000 151332.000000
3.800000 151154.000000
3.810000 151212.000000
3.820000 151266.000000
3.830000 150904.000000
3.840000 150824.000000
3.850000 150612.000000
3.860000 150806.000000
3.870000 151182.000000
3.880000 151364.000000
3.890000 151152.000000
3.900000 151262.000000
3.910000 151044.000000
3.920000 150738.000000
3.930000 150950.000000
3.940000 151036.000000
3.950000 151014.000000
3.960000 151190.000000
3.970000 151146.000000
3.980000 151096.000000
3.990000 151196.000000
4.000000 150906.000000
4.010000 150948.000000
4.020000 150934.000000
4.030000 150792.000000
4.040000 150764.000000
4.050000 150820.000000
4.060000 150784.000000
4.070000 150598.000000
4.080000 150656.000000
4.090000 150856.000000
4.100000 150950.000000
4.110000 151018.000000
4.120000 151116.000000
4.130000 151082.000000
4.140000 151076.000000
4.150000 151178.000000
4.160000 150926.000000
4.170000 150668.000000
4.180000 150938.000000
4.190000 150748.000000
4.200000 150894.000000
4.210000 150578.000000
4.220000 150646.000000
4.230000 150722.000000
4.240000 150338.000000
4.250000 150506.000000
4.260000 150426.000000
4.270000 150580.000000
4.280000 150738.000000
4.290000 150822.000000
4.300000 150770.000000
4.310000 150794.000000
4.320000 150736.000000
4.330000 150816.000000
4.340000 150948.000000
4.350000 151026.000000
4.360000 151038.000000
4.370000 150906.000000
4.380000 150744.000000
4.390000 150536.000000
4.400000 150406.000000
4.410000 150548.000000
4.420000 150848.000000
4.430000 150710.000000
4.440000 150772.000000
4.450000 150624.000000
4.460000 150486.000000
4.470000 150602.000000
4.480000 150788.000000
4.490000 150696.000000
4.500000 150714.000000
4.510000 150516.000000
4.520000 150514.000000
4.530000 150706.000000
4.540000 151012.000000
4.550000 150990.000000
4.560000 151022.000000
4.570000 151334.000000
4.580000 151382.000000
4.590000 151140.000000
4.600000 151072.000000
4.610000 151184.000000
4.620000 151154.000000
4.630000 151276.000000
4.640000 151474.000000
4.650000 151386.000000
4.660000 151316.000000
4.670000 151162.000000
4.680000 151262.000000
4.690000 151036.000000
4.700000 151516.000000
4.710000 151400.000000
4.720000 151182.000000
4.730000 151104.000000
4.740000 151186.000000
4.750000 151512.000000
4.760000 151390.000000
4.770000 151246.000000
4.780000 151216.000000
4.790000 151488.000000
4.800000 151608.000000
4.810000 151458.000000
4.820000 151398.000000
4.830000 151338.000000
4.840000 151172.000000
4.850000 151518.000000
4.860000 151530.000000
4.870000 151556.000000
4.880000 151392.000000
4.890000 151312.000000
4.900000 151422.000000
4.910000 151346.000000
4.920000 151422.000000
4.930000 151278.000000
4.940000 151214.000000
4.950000 151348.000000
4.960000 151332.000000
4.970000 151460.000000
4.980000 151718.000000
4.990000 151664.000000
5.000000 151374.000000
5.010000 150980.000000
5.020000 151092.000000
5.030000 151096.000000
5.040000 151320.000000
5.050000 151086.000000
5.060000 151056.000000
5.070000 150966.000000
5.080000 150900.000000
5.090000 151068.000000
5.100000 151350.000000
5.110000 151372.000000
5.120000 150974.000000
5.130000 151108.000000
5.140000 150910.000000
5.150000 150656.000000
5.160000 150372.000000
5.170000 150126.000000
5.180000 150542.000000
5.190000 150434.000000
5.200000 150528.000000
5.210000 150784.000000
5.220000 150988.000000
5.230000 151044.000000
5.240000 151176.000000
5.250000 150740.000000
5.260000 150394.000000
5.270000 150344.000000
5.280000 150424.000000
5.290000 150658.000000
5.300000 150922.000000
5.310000 151064.000000
5.320000 150780.000000
5.330000 150830.000000
5.340000 150756.000000
5.350000 150712.000000
5.360000 150842.000000
5.370000 150904.000000
5.380000 150568.000000
5.390000 150486.000000
5.400000 150324.000000
5.410000 150756.000000
5.420000 150570.000000
5.430000 150570.000000
5.440000 150738.000000
5.450000 150340.000000
5.460000 150210.000000
5.470000 150416.000000
5.480000 150442.000000
5.490000 149910.000000
5.500000 150108.000000
5.510000 149926.000000
5.520000 150190.000000
5.530000 150280.000000
5.540000 150614.000000
5.550000 150550.000000
5.560000 150410.000000
5.570000 150264.000000
5.580000 150538.000000
5.590000 150752.000000
5.600000 150876.000000
5.610000 150858.000000
5.620000 151256.000000
5.630000 151240.000000
5.640000 151336.000000
5.650000 151070.000000
5.660000 150996.000000
5.670000 150874.000000
5.680000 150704.000000
5.690000 150594.000000
5.700000 150946.000000
5.710000 151020.000000
5.720000 151292.000000
5.730000 151000.000000
5.740000 151374.000000
5.750000 151408.000000
5.760000 151332.000000
5.770000 151040.000000
5.780000 150814.000000
5.790000 150622.000000
5.800000 150836.000000
5.810000 150480.000000
5.820000 150574.000000
5.830000 150756.000000
5.840000 150646.000000
5.850000 150744.000000
5.860000 151064.000000
5.870000 151198.000000
5.880000 151176.000000
5.890000 151296.000000
5.900000 151518.000000
5.910000 151598.000000
5.920000 151484.000000
5.930000 151432.000000
5.940000 151492.000000
5.950000 151418.000000
5.960000 151640.000000
5.970000 151944.000000
5.980000 151848.000000
5.990000 151954.000000
6.000000 151484.000000
6.010000 151406.000000
6.020000 151318.000000
6.030000 151398.000000
6.040000 151376.000000
6.050000 151584.000000
6.060000 151314.000000
6.070000 151426.000000
6.080000 151178.000000
6.090000 150950.000000
6.100000 151134.000000
6.110000 151410.000000
6.120000 151214.000000
6.130000 151408.000000
6.140000 152032.000000
6.150000 151892.000000
6.160000 151884.000000
6.170000 151726.000000
6.180000 151416.000000
6.190000 151194.000000
6.200000 151334.000000
6.210000 151284.000000
6.220000 151184.000000
6.230000 151094.000000
6.240000 151086.000000
6.250000 150570.000000
6.260000 150750.000000
6.270000 150522.000000
6.280000 150610.000000
6.290000 150770.000000
6.300000 150622.000000
6.310000 150826.000000
6.320000 151184.000000
6.330000 151412.000000
6.340000 151532.000000
6.350000 151334.000000
6.360000 150978.000000
6.370000 150966.000000
6.380000 151062.000000
6.390000 151120.000000
6.400000 151308.000000
6.410000 151542.000000
6.420000 151360.000000
6.430000 151174.000000
6.440000 150906.000000
6.450000 151044.000000
6.460000 151136.000000
6.470000 151300.000000
6.480000 151222.000000
6.490000 150990.000000
6.500000 151204.000000
6.510000 151224.000000
6.520000 151010.000000
6.530000 151092.000000
6.540000 151112.000000
6.550000 150984.000000
6.560000 151020.000000
6.570000 151278.000000
6.580000 151402.000000
6.590000 151448.000000
6.600000 151604.000000
6.610000 151026.000000
6.620000 150902.000000
6.630000 150734.000000
6.640000 150664.000000
6.650000 151030.000000
6.660000 151182.000000
6.670000 151156.000000
6.680000 151172.000000
6.690000 151388.000000
6.700000 151488.000000
6.710000 151584.000000
6.720000 151490.000000
6.730000 151292.000000
6.740000 151484.000000
6.750000 151466.000000
6.760000 151674.000000
6.770000 151582.000000
6.780000 151198.000000
6.790000 150978.000000
6.800000 150762.000000
6.810000 150824.000000
6.820000 151152.000000
6.830000 150724.000000
6.840000 150326.000000
6.850000 150624.000000
6.860000 150480.000000
6.870000 150632.000000
6.880000 150880.000000
6.890000 150726.000000
6.900000 150808.000000
6.910000 150808.000000
6.920000 151316.000000
6.930000 151136.000000
6.940000 151264.000000
6.950000 151152.000000
6.960000 150952.000000
6.970000 150698.000000
6.980000 150880.000000
6.990000 150840.000000
7.000000 151036.000000
7.010000 151212.000000
7.020000 151028.000000
7.030000 151016.000000
7.040000 150854.000000
7.050000 150756.000000
7.060000 150878.000000
7.070000 151130.000000
7.080000 151216.000000
7.090000 150698.000000
7.100000 150902.000000
7.110000 150858.000000
7.120000 150818.000000
7.130000 150798.000000
7.140000 150560.000000
7.150000 150426.000000
7.160000 150544.000000
7.170000 150386.000000
7.180000 150568.000000
7.190000 150874.000000
7.200000 151126.000000
7.210000 150988.000000
7.220000 150886.000000
7.230000 150860.000000
7.240000 151130.000000
7.250000 151134.000000
7.260000 151764.000000
7.270000 151514.000000
7.280000 151258.000000
7.290000 151358.000000
7.300000 150832.000000
7.310000 150860.000000
7.320000 151052.000000
7.330000 151068.000000
7.340000 151056.000000
7.350000 150898.000000
7.360000 150848.000000
7.370000 150930.000000
7.380000 150616.000000
7.390000 150480.000000
7.400000 150586.000000
7.410000 151088.000000
7.420000 151664.000000
7.430000 151476.000000
7.440000 151180.000000
7.450000 151114.000000
7.460000 151012.000000
7.470000 151130.000000
7.480000 151196.000000
7.490000 151166.000000
7.500000 151210.000000
7.510000 151362.000000
7.520000 151132.000000
7.530000 151108.000000
7.540000 150834.000000
7.550000 150930.000000
7.560000 150782.000000
7.570000 150806.000000
7.580000 150486.000000
7.590000 150738.000000
7.600000 150594.000000
7.610000 150640.000000
7.620000 150800.000000
7.630000 150712.000000
7.640000 150780.000000
7.650000 151140.000000
7.660000 151490.000000
7.670000 151600.000000
7.680000 151474.000000
7.690000 151582.000000
7.700000 151310.000000
7.710000 151388.000000
7.720000 151294.000000
7.730000 151092.000000
7.740000 150976.000000
7.750000 151340.000000
7.760000 151138.000000
7.770000 151052.000000
7.780000 150940.000000
7.790000 150732.000000
7.800000 150980.000000
7.810000 151052.000000
7.820000 151218.000000
7.830000 151812.000000
7.840000 151488.000000
7.850000 151442.000000
7.860000 151288.000000
7.870000 150988.000000
7.880000 151148.000000
7.890000 151346.000000
7.900000 150898.000000
7.910000 151028.000000
7.920000 150970.000000
7.930000 151192.000000
7.940000 151148.000000
7.950000 151118.000000
7.960000 151222.000000
7.970000 151106.000000
7.980000 150794.000000
7.990000 151312.000000
8.000000 151118.000000
8.010000 151266.000000
8.020000 151316.000000
8.030000 151482.000000
8.040000 151474.000000
8.050000 151774.000000
8.060000 151738.000000
8.070000 151586.000000
8.080000 151688.000000
8.090000 151872.000000
8.100000 151630.000000
8.110000 151444.000000
8.120000 151622.000000
8.130000 151538.000000
8.140000 151782.000000
8.150000 151642.000000
8.160000 151566.000000
8.170000 151396.000000
8.180000 151304.000000
8.190000 151174.000000
8.200000 151294.000000
8.210000 151032.000000
8.220000 151188.000000
8.230000 151218.000000
8.240000 151534.000000
8.250000 151516.000000
8.260000 151498.000000
8.270000 151494.000000
8.280000 151598.000000
8.290000 151572.000000
8.300000 151500.000000
8.310000 151272.000000
8.320000 151042.000000
8.330000 151290.000000
8.340000 151106.000000
8.350000 151168.000000
8.360000 151258.000000
8.370000 151164.000000
8.380000 151266.000000
8.390000 151260.000000
8.400000 151494.000000
8.410000 151836.000000
8.420000 151696.000000
8.430000 151426.000000
8.440000 151322.000000
8.450000 151636.000000
8.460000 151546.000000
8.470000 151634.000000
8.480000 151320.000000
8.490000 151176.000000
8.500000 151542.000000
8.510000 151430.000000
8.520000 151304.000000
8.530000 151252.000000
8.540000 151146.000000
8.550000 150844.000000
8.560000 151044.000000
8.570000 150986.000000
8.580000 151338.000000
8.590000 151322.000000
8.600000 151274.000000
8.610000 151316.000000
8.620000 151128.000000
8.630000 151244.000000
8.640000 151204.000000
8.650000 151288.000000
8.660000 151060.000000
8.670000 150944.000000
8.680000 151198.000000
8.690000 151496.000000
8.700000 151524.000000
8.710000 151268.000000
8.720000 151048.000000
8.730000 151164.000000
8.740000 151254.000000
8.750000 151240.000000
8.760000 151426.000000
8.770000 151218.000000
8.780000 151078.000000
8.790000 151148.000000
8.800000 150996.000000
8.810000 151138.000000
8.820000 151220.000000
8.830000 151478.000000
8.840000 151302.000000
8.850000 151000.000000
8.860000 150794.000000
8.870000 150842.000000
8.880000 151120.000000
8.890000 151002.000000
8.900000 150856.000000
8.910000 150954.000000
8.920000 151034.000000
8.930000 150954.000000
8.940000 150910.000000
8.950000 150992.000000
8.960000 151052.000000
8.970000 151092.000000
8.980000 151084.000000
8.990000 151282.000000
9.000000 151292.000000
9.010000 151002.000000
9.020000 151178.000000
9.030000 151262.000000
9.040000 151182.000000
9.050000 151166.000000
9.060000 151158.000000
9.070000 151286.000000
9.080000 151298.000000
9.090000 151782.000000
9.100000 151920.000000
9.110000 152036.000000
9.120000 151950.000000
9.130000 151968.000000
9.140000 151838.000000
9.150000 151640.000000
9.160000 151754.000000
9.170000 152098.000000
9.180000 151768.000000
9.190000 151600.000000
9.200000 151800.000000
9.210000 151766.000000
9.220000 151722.000000
9.230000 151380.000000
9.240000 151614.000000
9.250000 151116.000000
9.260000 151112.000000
9.270000 151388.000000
9.280000 151398.000000
9.290000 151388.000000
9.300000 151660.000000
9.310000 151510.000000
9.320000 152004.000000
9.330000 151908.000000
9.340000 151540.000000
9.350000 151360.000000
9.360000 151068.000000
9.370000 151012.000000
9.380000 151132.000000
9.390000 151056.000000
9.400000 150968.000000
9.410000 151232.000000
9.420000 151134.000000
9.430000 150894.000000
9.440000 151082.000000
9.450000 150854.000000
9.460000 150902.000000
9.470000 151038.000000
9.480000 150728.000000
9.490000 151098.000000
9.500000 151086.000000
9.510000 151078.000000
9.520000 150948.000000
9.530000 150948.000000
9.540000 150730.000000
9.550000 151286.000000
9.560000 151306.000000
9.570000 151512.000000
9.580000 151728.000000
9.590000 151890.000000
9.600000 151892.000000
9.610000 152076.000000
9.620000 151840.000000
9.630000 151842.000000
9.640000 151794.000000
9.650000 151590.000000
9.660000 151356.000000
9.670000 151260.000000
9.680000 151234.000000
9.690000 150940.000000
9.700000 151266.000000
9.710000 150972.000000
9.720000 151126.000000
9.730000 151212.000000
9.740000 151122.000000
9.750000 151310.000000
9.760000 151054.000000
9.770000 151152.000000
9.780000 151208.000000
9.790000 151412.000000
9.800000 151066.000000
9.810000 150768.000000
9.820000 150750.000000
9.830000 150674.000000
9.840000 150970.000000
9.850000 151056.000000
9.860000 151072.000000
9.870000 151144.000000
9.880000 151132.000000
9.890000 151576.000000
9.900000 151560.000000
9.910000 151454.000000
9.920000 151078.000000
9.930000 150854.000000
9.940000 150932.000000
9.950000 151034.000000
9.960000 151088.000000
9.970000 150908.000000
9.980000 150900.000000
9.990000 151050.000000
10.000000 151052.000000
