# time covered_sites
0.010000 24434.000000
0.020000 45850.000000
0.030000 64104.000000
0.040000 80268.000000
0.050000 94190.000000
0.060000 106372.000000
0.070000 116886.000000
0.080000 126654.000000
0.090000 134170.000000
0.100000 141164.000000
0.110000 147298.000000
0.120000 152180.000000
0.130000 156824.000000
0.140000 160678.000000
0.150000 164146.000000
0.160000 167074.000000
0.170000 169602.000000
0.180000 171784.000000
0.190000 173690.000000
0.200000 175222.000000
0.210000 176808.000000
0.220000 178366.000000
0.230000 179312.000000
0.240000 180712.000000
0.250000 181588.000000
0.260000 182068.000000
0.270000 182792.000000
0.280000 183718.000000
0.290000 184214.000000
0.300000 184888.000000
0.310000 185596.000000
0.320000 186380.000000
0.330000 187092.000000
0.340000 187690.000000
0.350000 187828.000000
0.360000 187868.000000
0.370000 188446.000000
0.380000 188602.000000
0.390000 188696.000000
0.400000 188956.000000
0.410000 189122.000000
0.420000 189478.000000
0.430000 189572.000000
0.440000 189552.000000
0.450000 189678.000000
0.460000 190036.000000
0.470000 190432.000000
0.480000 190758.000000
0.490000 190886.000000
0.500000 191288.000000
0.510000 191422.000000
0.520000 191730.000000
0.530000 191836.000000
0.540000 191930.000000
0.550000 192274.000000
0.560000 192642.000000
0.570000 192808.000000
0.580000 192980.000000
0.590000 193058.000000
0.600000 192960.000000
0.610000 192766.000000
0.620000 192990.000000
0.630000 192570.000000
0.640000 192502.000000
0.650000 192608.000000
0.660000 193064.000000
0.670000 193292.000000
0.680000 193504.000000
0.690000 193206.000000
0.700000 193460.000000
0.710000 193204.000000
0.720000 192966.000000
0.730000 193132.000000
0.740000 193312.000000
0.750000 193580.000000
0.760000 193978.000000
0.770000 193916.000000
0.780000 194054.000000
0.790000 194030.000000
0.800000 194068.000000
0.810000 194268.000000
0.820000 194866.000000
0.830000 194814.000000
0.840000 194850.000000
0.850000 194658.000000
0.860000 194352.000000
0.870000 194332.000000
0.880000 194170.000000
0.890000 194384.000000
0.900000 194280.000000
0.910000 194236.000000
0.920000 194510.000000
0.930000 194602.000000
0.940000 194728.000000
0.950000 194912.000000
0.960000 195362.000000
0.970000 194860.000000
0.980000 194608.000000
0.990000 194800.000000
1.000000 194958.000000
1.010000 195046.000000
1.020000 194910.000000
1.030000 194638.000000
1.040000 195002.000000
1.050000 194786.000000
1.060000 194572.000000
1.070000 194598.000000
1.080000 194678.000000
1.090000 194954.000000
1.100000 194908.000000
1.110000 194978.000000
1.120000 194814.000000
1.130000 194620.000000
1.140000 194904.000000
1.150000 195258.000000
1.160000 195740.000000
1.170000 195538.000000
1.180000 195440.000000
1.190000 195280.000000
1.200000 195308.000000
1.210000 194806.000000
1.220000 194620.000000
1.230000 194736.000000
1.240000 194876.000000
1.250000 194764.000000
1.260000 194976.000000
1.270000 195138.000000
1.280000 195550.000000
1.290000 195406.000000
1.300000 195384.000000
1.310000 195432.000000
1.320000 195626.000000
1.330000 195936.000000
1.340000 195986.000000
1.350000 196280.000000
1.360000 196282.000000
1.370000 196462.000000
1.380000 196058.000000
1.390000 196516.000000
1.400000 196696.000000
1.410000 196696.000000
1.420000 196642.000000
1.430000 196478.000000
1.440000 196562.000000
1.450000 196224.000000
1.460000 196380.000000
1.470000 196362.000000
1.480000 196226.000000
1.490000 196218.000000
1.500000 196058.000000
1.510000 196108.000000
1.520000 196354.000000
1.530000 196198.000000
1.540000 195936.000000
1.550000 196104.000000
1.560000 196050.000000
1.570000 196108.000000
1.580000 195806.000000
1.590000 195854.000000
1.600000 195884.000000
1.610000 196066.000000
1.620000 196086.000000
1.630000 196494.000000
1.640000 196634.000000
1.650000 196916.000000
1.660000 196706.000000
1.670000 196762.000000
1.680000 196614.000000
1.690000 196748.000000
1.700000 196954.000000
1.710000 196624.000000
1.720000 196506.000000
1.730000 196794.000000
1.740000 196940.000000
1.750000 196812.000000
1.760000 196596.000000
1.770000 196570.000000
1.780000 196662.000000
1.790000 196748.000000
1.800000 196532.000000
1.810000 196664.000000
1.820000 196232.000000
1.830000 196422.000000
1.840000 196738.000000
1.850000 196642.000000
1.860000 196688.000000
1.870000 196714.000000
1.880000 196838.000000
1.890000 196550.000000
1.900000 196634.000000
1.910000 196470.000000
1.920000 196434.000000
1.930000 196278.000000
1.940000 195890.000000
1.950000 196146.000000
1.960000 196608.000000
1.970000 196820.000000
1.980000 196712.000000
1.990000 196844.000000
2.000000 196794.000000
2.010000 196520.000000
2.020000 196310.000000
2.030000 196396.000000
2.040000 196416.000000
2.050000 196336.000000
2.060000 195984.000000
2.070000 196528.000000
2.080000 196454.000000
2.090000 196588.000000
2.100000 196858.000000
2.110000 196604.000000
2.120000 196868.000000
2.130000 196968.000000
2.140000 196860.000000
2.150000 196826.000000
2.160000 196668.000000
2.170000 196966.000000
2.180000 196858.000000
2.190000 196832.000000
2.200000 196910.000000
2.210000 196508.000000
2.220000 196630.000000
2.230000 196736.000000
2.240000 196940.000000
2.250000 196652.000000
2.260000 196358.000000
2.270000 196386.000000
2.280000 196834.000000
2.290000 196608.000000
2.300000 196598.000000
2.310000 196574.000000
2.320000 196382.000000
2.330000 196124.000000
2.340000 196344.000000
2.350000 196498.000000
2.360000 196332.000000
2.370000 196278.000000
2.380000 196236.000000
2.390000 196370.000000
2.400000 196868.000000
2.410000 196674.000000
2.420000 196740.000000
2.430000 196646.000000
2.440000 196566.000000
2.450000 196572.000000
2.460000 196340.000000
2.470000 195888.000000
2.480000 196050.000000
2.490000 196134.000000
2.500000 196034.000000
2.510000 196414.000000
2.520000 196264.000000
2.530000 196234.000000
2.540000 196704.000000
2.550000 197278.000000
2.560000 197422.000000
2.570000 197538.000000
2.580000 197326.000000
2.590000 197140.000000
2.600000 197338.000000
2.610000 197374.000000
2.620000 197362.000000
2.630000 197250.000000
2.640000 197316.000000
2.650000 197458.000000
2.660000 197406.000000
2.670000 196980.000000
2.680000 197206.000000
2.690000 197066.000000
2.700000 197132.000000
2.710000 197230.000000
2.720000 197172.000000
2.730000 197024.000000
2.740000 197150.000000
2.750000 197480.000000
2.760000 197528.000000
2.770000 197288.000000
2.780000 197164.000000
2.790000 196940.000000
2.800000 196866.000000
2.810000 196934.000000
2.820000 196826.000000
2.830000 196990.000000
2.840000 196802.000000
2.850000 197084.000000
2.860000 196776.000000
2.870000 196742.000000
2.880000 196848.000000
2.890000 197104.000000
2.900000 197194.000000
2.910000 197204.000000
2.920000 196708.000000
2.930000 196710.000000
2.940000 196694.000000
2.950000 196542.000000
2.960000 196578.000000
2.970000 196498.000000
2.980000 196854.000000
2.990000 196596.000000
3.000000 196384.000000
3.010000 196628.000000
3.020000 196916.000000
3.030000 196882.000000
3.040000 196872.000000
3.050000 196992.000000
3.060000 196792.000000
3.070000 196730.000000
3.080000 196952.000000
3.090000 196986.000000
3.100000 196874.000000
3.110000 196996.000000
3.120000 197170.000000
3.130000 197034.000000
3.140000 196524.000000
3.150000 196474.000000
3.160000 196670.000000
3.170000 196880.000000
3.180000 196644.000000
3.190000 196864.000000
3.200000 197034.000000
3.210000 197006.000000
3.220000 197116.000000
3.230000 197044.000000
3.240000 197556.000000
3.250000 197372.000000
3.260000 196930.000000
3.270000 196992.000000
3.280000 197068.000000
3.290000 197436.000000
3.300000 197458.000000
3.310000 197686.000000
3.320000 197374.000000
3.330000 197610.000000
3.340000 197476.000000
3.350000 197500.000000
3.360000 197494.000000
3.370000 197332.000000
3.380000 197256.000000
3.390000 197496.000000
3.400000 197438.000000
3.410000 197334.000000
3.420000 197108.000000
3.430000 197064.000000
3.440000 197066.000000
3.450000 197142.000000
3.460000 197182.000000
3.470000 197390.000000
3.480000 197276.000000
3.490000 197566.000000
3.500000 197798.000000
3.510000 197798.000000
3.520000 197616.000000
3.530000 197540.000000
3.540000 197418.000000
3.550000 197100.000000
3.560000 197402.000000
3.570000 197138.000000
3.580000 197116.000000
3.590000 197408.000000
3.600000 197374.000000
3.610000 196938.000000
3.620000 197294.000000
3.630000 197278.000000
3.640000 197266.000000
3.650000 196860.000000
3.660000 196768.000000
3.670000 196868.000000
3.680000 196824.000000
3.690000 196892.000000
3.700000 197032.000000
3.710000 196986.000000
3.720000 196994.000000
3.730000 196862.000000
3.740000 197210.000000
3.750000 196844.000000
3.760000 197102.000000
3.770000 197210.000000
3.780000 197236.000000
3.790000 197246.000000
3.800000 197114.000000
3.810000 197412.000000
3.820000 197600.000000
3.830000 197458.000000
3.840000 197422.000000
3.850000 197462.000000
3.860000 197200.000000
3.870000 197188.000000
3.880000 197070.000000
3.890000 196730.000000
3.900000 196710.000000
3.910000 196682.000000
3.920000 196540.000000
3.930000 196572.000000
3.940000 196454.000000
3.950000 196796.000000
3.960000 196988.000000
3.970000 197158.000000
3.980000 197052.000000
3.990000 197282.000000
4.000000 197440.000000
4.010000 197136.000000
4.020000 197142.000000
4.030000 197000.000000
4.040000 197070.000000
4.050000 197526.000000
4.060000 197050.000000
4.070000 197068.000000
4.080000 197270.000000
4.090000 197220.000000
4.100000 197278.000000
4.110000 197228.000000
4.120000 197332.000000
4.130000 197466.000000
4.140000 197286.000000
4.150000 197334.000000
4.160000 197370.000000
4.170000 197366.000000
4.180000 197014.000000
4.190000 196948.000000
4.200000 197398.000000
4.210000 197154.000000
4.220000 196528.000000
4.230000 196260.000000
4.240000 196424.000000
4.250000 196692.000000
4.260000 197240.000000
4.270000 197312.000000
4.280000 197098.000000
4.290000 197068.000000
4.300000 197414.000000
4.310000 197120.000000
4.320000 197142.000000
4.330000 197194.000000
4.340000 197056.000000
4.350000 197332.000000
4.360000 197186.000000
4.370000 197288.000000
4.380000 197220.000000
4.390000 197180.000000
4.400000 197344.000000
4.410000 197600.000000
4.420000 197314.000000
4.430000 197010.000000
4.440000 197196.000000
4.450000 197106.000000
4.460000 197064.000000
4.470000 196846.000000
4.480000 196872.000000
4.490000 196978.000000
4.500000 197216.000000
4.510000 197296.000000
4.520000 196802.000000
4.530000 196742.000000
4.540000 196974.000000
4.550000 196974.000000
4.560000 197208.000000
4.570000 197144.000000
4.580000 197398.000000
4.590000 197446.000000
4.600000 197322.000000
4.610000 197320.000000
4.620000 197490.000000
4.630000 197366.000000
4.640000 197486.000000
4.650000 197376.000000
4.660000 197588.000000
4.670000 197896.000000
4.680000 197762.000000
4.690000 198072.000000
4.700000 197978.000000
4.710000 198050.000000
4.720000 197690.000000
4.730000 197564.000000
4.740000 197178.000000
4.750000 197170.000000
4.760000 197230.000000
4.770000 197174.000000
4.780000 197254.000000
4.790000 197454.000000
4.800000 197716.000000
4.810000 197522.000000
4.820000 197388.000000
4.830000 197302.000000
4.840000 197138.000000
4.850000 197354.000000
4.860000 196872.000000
4.870000 196826.000000
4.880000 196908.000000
4.890000 196970.000000
4.900000 196938.000000
4.910000 197034.000000
4.920000 197020.000000
4.930000 197104.000000
4.940000 196956.000000
4.950000 197204.000000
4.960000 197330.000000
4.970000 197556.000000
4.980000 197392.000000
4.990000 197394.000000
5.000000 197564.000000
5.010000 197512.000000
5.020000 197536.000000
5.030000 197522.000000
5.040000 197428.000000
5.050000 197256.000000
5.060000 197494.000000
5.070000 197046.000000
5.080000 196894.000000
5.090000 196872.000000
5.100000 196634.000000
5.110000 197076.000000
5.120000 197098.000000
5.130000 197170.000000
5.140000 197152.000000
5.150000 197168.000000
5.160000 196910.000000
5.170000 196726.000000
5.180000 196900.000000
5.190000 197050.000000
5.200000 197172.000000
5.210000 197252.000000
5.220000 196692.000000
5.230000 196874.000000
5.240000 197016.000000
5.250000 196874.000000
5.260000 196654.000000
5.270000 196804.000000
5.280000 196894.000000
5.290000 196890.000000
5.300000 196758.000000
5.310000 196494.000000
5.320000 196692.000000
5.330000 196610.000000
5.340000 197182.000000
5.350000 197170.000000
5.360000 197448.000000
5.370000 197276.000000
5.380000 197310.000000
5.390000 197452.000000
5.400000 197396.000000
5.410000 197770.000000
5.420000 197540.000000
5.430000 197602.000000
5.440000 197632.000000
5.450000 197756.000000
5.460000 197672.000000
5.470000 197372.000000
5.480000 197336.000000
5.490000 197346.000000
5.500000 197448.000000
5.510000 197414.000000
5.520000 197136.000000
5.530000 196876.000000
5.540000 196544.000000
5.550000 196878.000000
5.560000 196754.000000
5.570000 196626.000000
5.580000 196932.000000
5.590000 197530.000000
5.600000 197818.000000
5.610000 197972.000000
5.620000 197970.000000
5.630000 197818.000000
5.640000 197954.000000
5.650000 197946.000000
5.660000 197906.000000
5.670000 197728.000000
5.680000 197780.000000
5.690000 197836.000000
5.700000 197788.000000
5.710000 197596.000000
5.720000 197648.000000
5.730000 197638.000000
5.740000 197792.000000
5.750000 197662.000000
5.760000 197336.000000
5.770000 197602.000000
5.780000 197218.000000
5.790000 197490.000000
5.800000 197718.000000
5.810000 197860.000000
5.820000 198168.000000
5.830000 197988.000000
5.840000 198060.000000
5.850000 197846.000000
5.860000 198092.000000
5.870000 197924.000000
5.880000 197594.000000
5.890000 197430.000000
5.900000 197404.000000
5.910000 197424.000000
5.920000 197750.000000
5.930000 197748.000000
5.940000 197944.000000
5.950000 197536.000000
5.960000 197532.000000
5.970000 197504.000000
5.980000 197132.000000
5.990000 197230.000000
6.000000 197582.000000
6.010000 197554.000000
6.020000 197410.000000
6.030000 197594.000000
6.040000 197258.000000
6.050000 197114.000000
6.060000 197460.000000
6.070000 197650.000000
6.080000 197654.000000
6.090000 197808.000000
6.100000 197690.000000
6.110000 197488.000000
6.120000 197548.000000
6.130000 197336.000000
6.140000 197222.000000
6.150000 197660.000000
6.160000 197866.000000
6.170000 197832.000000
6.180000 197742.000000
6.190000 197910.000000
6.200000 197872.000000
6.210000 197434.000000
6.220000 197202.000000
6.230000 197306.000000
6.240000 197320.000000
6.250000 197406.000000
6.260000 197524.000000
6.270000 197472.000000
6.280000 197272.000000
6.290000 197222.000000
6.300000 197596.000000
6.310000 197576.000000
6.320000 197588.000000
6.330000 197662.000000
6.340000 197514.000000
6.350000 197682.000000
6.360000 197534.000000
6.370000 197620.000000
6.380000 197670.000000
6.390000 197258.000000
6.400000 197122.000000
6.410000 197058.000000
6.420000 197208.000000
6.430000 197240.000000
6.440000 197190.000000
6.450000 197276.000000
6.460000 197278.000000
6.470000 197406.000000
6.480000 197064.000000
6.490000 197570.000000
6.500000 197418.000000
6.510000 197666.000000
6.520000 197800.000000
6.530000 197538.000000
6.540000 197212.000000
6.550000 197158.000000
6.560000 197274.000000
6.570000 197150.000000
6.580000 197390.000000
6.590000 197416.000000
6.600000 197328.000000
6.610000 197406.000000
6.620000 197110.000000
6.630000 196944.000000
6.640000 197222.000000
6.650000 197144.000000
6.660000 197018.000000
6.670000 197150.000000
6.680000 197410.000000
6.690000 197392.000000
6.700000 197222.000000
6.710000 197460.000000
6.720000 197340.000000
6.730000 197608.000000
6.740000 197750.000000
6.750000 197748.000000
6.760000 198008.000000
6.770000 198016.000000
6.780000 198054.000000
6.790000 198188.000000
6.800000 198142.000000
6.810000 198172.000000
6.820000 198184.000000
6.830000 198346.000000
6.840000 198182.000000
6.850000 198414.000000
6.860000 198406.000000
6.870000 198376.000000
6.880000 198452.000000
6.890000 198420.000000
6.900000 198444.000000
6.910000 198094.000000
6.920000 198204.000000
6.930000 198422.000000
6.940000 198170.000000
6.950000 198070.000000
6.960000 197896.000000
6.970000 197648.000000
6.980000 197476.000000
6.990000 197278.000000
7.000000 197394.000000
7.010000 197538.000000
7.020000 197294.000000
7.030000 197324.000000
7.040000 197500.000000
7.050000 197970.000000
7.060000 198032.000000
7.070000 197936.000000
7.080000 197676.000000
7.090000 198172.000000
7.100000 197922.000000
7.110000 197752.000000
7.120000 197720.000000
7.130000 197410.000000
7.140000 197640.000000
7.150000 197996.000000
7.160000 198456.000000
7.170000 198562.000000
7.180000 198278.000000
7.190000 198318.000000
7.200000 198252.000000
7.210000 198212.000000
7.220000 198036.000000
7.230000 197776.000000
7.240000 197742.000000
7.250000 197706.000000
7.260000 197592.000000
7.270000 197702.000000
7.280000 197938.000000
7.290000 197850.000000
7.300000 197694.000000
7.310000 197736.000000
7.320000 197318.000000
7.330000 197146.000000
7.340000 197238.000000
7.350000 197282.000000
7.360000 197090.000000
7.370000 196806.000000
7.380000 197154.000000
7.390000 197112.000000
7.400000 197122.000000
7.410000 197280.000000
7.420000 197250.000000
7.430000 197440.000000
7.440000 197534.000000
7.450000 197384.000000
7.460000 197260.000000
7.470000 197260.000000
7.480000 197384.000000
7.490000 197594.000000
7.500000 197552.000000
7.510000 197880.000000
7.520000 198150.000000
7.530000 198264.000000
7.540000 198460.000000
7.550000 198222.000000
7.560000 197740.000000
7.570000 197798.000000
7.580000 197578.000000
7.590000 197530.000000
7.600000 197402.000000
7.610000 197642.000000
7.620000 197560.000000
7.630000 197818.000000
7.640000 198020.000000
7.650000 198050.000000
7.660000 198110.000000
7.670000 197778.000000
7.680000 197588.000000
7.690000 197592.000000
7.700000 197696.000000
7.710000 197742.000000
7.720000 197646.000000
7.730000 197706.000000
7.740000 197808.000000
7.750000 197946.000000
7.760000 197726.000000
7.770000 197908.000000
7.780000 197640.000000
7.790000 197612.000000
7.800000 197624.000000
7.810000 197610.000000
7.820000 197292.000000
7.830000 197314.000000
7.840000 197212.000000
7.850000 197188.000000
7.860000 197168.000000
7.870000 197308.000000
7.880000 197756.000000
7.890000 197920.000000
7.900000 197906.000000
7.910000 197598.000000
7.920000 197446.000000
7.930000 197454.000000
7.940000 197426.000000
7.950000 197438.000000
7.960000 197756.000000
7.970000 198018.000000
7.980000 198088.000000
7.990000 198032.000000
8.000000 198238.000000
8.010000 198128.000000
8.020000 197926.000000
8.030000 197738.000000
8.040000 197772.000000
8.050000 197952.000000
8.060000 197722.000000
8.070000 197286.000000
8.080000 197202.000000
8.090000 197356.000000
8.100000 197396.000000
8.110000 197204.000000
8.120000 197266.000000
8.130000 197258.000000
8.140000 197746.000000
8.150000 197762.000000
8.160000 197860.000000
8.170000 197910.000000
8.180000 197748.000000
8.190000 197488.000000
8.200000 197208.000000
8.210000 197060.000000
8.220000 197052.000000
8.230000 197420.000000
8.240000 197632.000000
8.250000 197428.000000
8.260000 197600.000000
8.270000 197420.000000
8.280000 197398.000000
8.290000 197612.000000
8.300000 197474.000000
8.310000 197504.000000
8.320000 197676.000000
8.330000 197568.000000
8.340000 197536.000000
8.350000 197602.000000
8.360000 197156.000000
8.370000 197320.000000
8.380000 197448.000000
8.390000 197508.000000
8.400000 197214.000000
8.410000 197092.000000
8.420000 197100.000000
8.430000 197062.000000
8.440000 197726.000000
8.450000 197770.000000
8.460000 197460.000000
8.470000 197596.000000
8.480000 197532.000000
8.490000 197660.000000
8.500000 197808.000000
8.510000 197394.000000
8.520000 197338.000000
8.530000 197500.000000
8.540000 197768.000000
8.550000 197856.000000
8.560000 197800.000000
8.570000 198308.000000
8.580000 198074.000000
8.590000 198018.000000
8.600000 197942.000000
8.610000 197974.000000
8.620000 198306.000000
8.630000 197868.000000
8.640000 198306.000000
8.650000 197888.000000
8.660000 197544.000000
8.670000 197690.000000
8.680000 197484.000000
8.690000 197426.000000
8.700000 197604.000000
8.710000 197580.000000
8.720000 197776.000000
8.730000 198078.000000
8.740000 198144.000000
8.750000 198116.000000
8.760000 198008.000000
8.770000 197650.000000
8.780000 197754.000000
8.790000 197736.000000
8.800000 197756.000000
8.810000 198112.000000
8.820000 198116.000000
8.830000 197862.000000
8.840000 197990.000000
8.850000 197918.000000
8.860000 197632.000000
8.870000 197364.000000
8.880000 197328.000000
8.890000 197554.000000
8.900000 197632.000000
8.910000 197814.000000
8.920000 197676.000000
8.930000 197934.000000
8.940000 197982.000000
8.950000 197620.000000
8.960000 197352.000000
8.970000 197380.000000
8.980000 197358.000000
8.990000 197336.000000
9.000000 197080.000000
9.010000 197186.000000
9.020000 197116.000000
9.030000 197332.000000
9.040000 197424.000000
9.050000 197492.000000
9.060000 197132.000000
9.070000 197188.000000
9.080000 197032.000000
9.090000 197464.000000
9.100000 197772.000000
9.110000 197502.000000
9.120000 197486.000000
9.130000 197188.000000
9.140000 197236.000000
9.150000 196744.000000
9.160000 197000.000000
9.170000 196582.000000
9.180000 196740.000000
9.190000 196990.000000
9.200000 196866.000000
9.210000 196872.000000
9.220000 196902.000000
9.230000 197214.000000
9.240000 196736.000000
9.250000 196598.000000
9.260000 196960.000000
9.270000 197270.000000
9.280000 196978.000000
9.290000 196784.000000
9.300000 197040.000000
9.310000 196688.000000
9.320000 196916.000000
9.330000 197078.000000
9.340000 197358.000000
9.350000 197240.000000
9.360000 197504.000000
9.370000 197186.000000
9.380000 197286.000000
9.390000 197378.000000
9.400000 197412.000000
9.410000 197554.000000
9.420000 197596.000000
9.430000 197728.000000
9.440000 197914.000000
9.450000 197682.000000
9.460000 197604.000000
9.470000 197676.000000
9.480000 197200.000000
9.490000 197410.000000
9.500000 197528.000000
9.510000 197418.000000
9.520000 197506.000000
9.530000 197614.000000
9.540000 197432.000000
9.550000 197728.000000
9.560000 197704.000000
9.570000 197610.000000
9.580000 197910.000000
9.590000 197328.000000
9.600000 196930.000000
9.610000 196760.000000
9.620000 197040.000000
9.630000 197220.000000
9.640000 197388.000000
9.650000 197226.000000
9.660000 197368.000000
9.670000 197576.000000
9.680000 197710.000000
9.690000 197576.000000
9.700000 197474.000000
9.710000 197394.000000
9.720000 197514.000000
9.730000 197342.000000
9.740000 197618.000000
9.750000 198048.000000
9.760000 197600.000000
9.770000 197586.000000
9.780000 197804.000000
9.790000 197972.000000
9.800000 198018.000000
9.810000 197754.000000
9.820000 197424.000000
9.830000 197496.000000
9.840000 197820.000000
9.850000 197760.000000
9.860000 197662.000000
9.870000 197470.000000
9.880000 197328.000000
9.890000 197484.000000
9.900000 197208.000000
9.910000 197464.000000
9.920000 197662.000000
9.930000 197744.000000
9.940000 197522.000000
9.950000 197672.000000
9.960000 197868.000000
9.970000 197934.000000
9.980000 197782.000000
9.990000 197522.000000
10.000000 197736.000000
