# i correlation
1 0.017597
2 0.014818
3 0.012533
4 0.010429
5 0.008723
6 0.007271
7 0.005869
8 0.004813
9 0.004229
10 0.003773
11 0.003499
12 0.003072
13 0.002870
14 0.002886
15 0.002893
16 0.002719
17 0.002938
18 0.002909
19 0.002916
20 0.002932
21 0.002946
22 0.002977
23 0.003116
24 0.003336
25 0.003357
26 0.003320
27 0.003261
28 0.003214
29 0.002890
30 0.002702
31 0.002702
32 0.002760
33 0.002854
34 0.002824
35 0.003203
36 0.003522
37 0.003595
38 0.003733
39 0.003500
40 0.003148
41 0.003018
42 0.002331
43 0.001672
44 0.000954
45 0.000681
46 0.000151
47 0.000161
48 0.000536
49 0.000708
50 0.000903
51 0.001120
52 0.001088
53 0.001175
54 0.001334
55 0.001569
56 0.001785
57 0.002060
58 0.002457
59 0.002561
60 0.002686
61 0.002637
62 0.002408
63 0.002217
64 0.002067
65 0.001641
66 0.001368
67 0.001216
68 0.001328
69 0.001613
70 0.001755
71 0.002062
72 0.002371
73 0.002753
74 0.002732
75 0.002580
76 0.002583
77 0.002464
78 0.002469
79 0.002570
80 0.002540
81 0.002347
82 0.002100
83 0.001937
84 0.002010
85 0.001859
86 0.001850
87 0.001743
88 0.001793
89 0.001956
90 0.002260
91 0.002445
92 0.002140
93 0.001780
94 0.001698
95 0.001773
96 0.001840
97 0.001785
98 0.001687
99 0.001823
100 0.001846
101 0.001955
102 0.002090
103 0.001946
104 0.001910
105 0.002118
106 0.002451
107 0.002432
108 0.002265
109 0.002293
110 0.002169
111 0.001733
112 0.001270
113 0.000792
114 0.000540
115 0.000185
116 -0.000169
117 -0.000456
118 -0.000925
119 -0.001354
120 -0.001587
121 -0.001661
122 -0.001741
123 -0.001724
124 -0.001613
125 -0.001408
126 -0.001140
127 -0.000643
128 -0.000431
129 0.000074
130 0.000660
131 0.000991
132 0.001124
133 0.001116
134 0.000767
135 0.000625
136 0.000040
137 -0.000374
138 -0.000620
139 -0.000784
140 -0.000914
141 -0.000820
142 -0.000749
143 -0.000697
144 -0.000104
145 0.000382
146 0.000542
147 0.000602
148 0.000556
149 0.000272
150 0.000134
151 0.000003
152 0.000013
153 0.000194
154 0.000205
155 0.000294
156 0.000126
157 -0.000055
158 -0.000202
159 -0.000238
160 -0.000553
161 -0.001118
162 -0.001448
163 -0.001801
164 -0.002030
165 -0.002057
166 -0.002111
167 -0.002328
168 -0.002234
169 -0.002339
170 -0.002174
171 -0.001747
172 -0.001233
173 -0.000816
174 -0.000539
175 -0.000520
176 -0.000668
177 -0.000668
178 -0.000490
179 -0.000361
180 -0.000121
181 0.000077
182 0.000627
183 0.000844
184 0.000498
185 0.000156
186 -0.000019
187 -0.000249
188 -0.000126
189 -0.000073
190 0.000020
191 0.000122
192 0.000203
193 -0.000046
194 -0.000181
195 -0.000465
196 -0.000830
197 -0.001117
198 -0.001541
199 -0.001775
200 -0.002054
201 -0.002301
202 -0.002597
203 -0.002505
204 -0.002563
205 -0.002240
206 -0.002053
207 -0.001878
208 -0.001234
209 -0.000991
210 -0.001075
211 -0.001093
212 -0.001034
213 -0.001000
214 -0.000888
215 -0.000796
216 -0.000489
217 -0.000310
218 -0.000143
219 -0.000129
220 -0.000108
221 -0.000133
222 -0.000389
223 -0.000465
224 -0.000519
225 -0.000678
226 -0.000849
227 -0.000974
228 -0.001152
229 -0.001167
230 -0.001083
231 -0.000878
232 -0.000620
233 -0.000405
234 -0.000364
235 -0.000156
236 -0.000043
237 0.000177
238 0.000096
239 0.000098
240 0.000203
241 0.000329
242 0.000387
243 0.000610
244 0.000899
245 0.001023
246 0.001084
247 0.000849
248 0.000523
249 0.000176
250 -0.000110
251 -0.000242
252 -0.000377
253 -0.000375
254 -0.000209
255 -0.000010
256 0.000247
257 0.000425
258 0.000443
259 0.000582
260 0.000731
261 0.000710
262 0.000834
263 0.000898
264 0.000692
265 0.000751
266 0.000746
267 0.000732
268 0.000887
269 0.000950
270 0.000884
271 0.000854
272 0.001012
273 0.000976
274 0.001052
275 0.000977
276 0.000992
277 0.001194
278 0.001526
279 0.001973
280 0.002469
281 0.002984
282 0.003435
283 0.003702
284 0.003739
285 0.003723
286 0.003393
287 0.002889
288 0.002420
289 0.002002
290 0.001605
291 0.001299
292 0.000865
293 0.000529
294 0.000375
295 0.000165
296 0.000467
297 0.000694
298 0.000881
299 0.001124
300 0.001258
301 0.001222
302 0.001015
303 0.001220
304 0.001554
305 0.001858
306 0.001828
307 0.001814
308 0.001532
309 0.001282
310 0.001149
311 0.001017
312 0.000858
313 0.000765
314 0.000795
315 0.000754
316 0.000734
317 0.001043
318 0.001278
319 0.001332
320 0.001248
321 0.001282
322 0.001453
323 0.001600
324 0.001903
325 0.001795
326 0.001734
327 0.001703
328 0.001714
329 0.001625
330 0.001624
331 0.001636
332 0.001609
333 0.001595
334 0.001648
335 0.001756
336 0.001985
337 0.002107
338 0.002177
339 0.002325
340 0.002486
341 0.002943
342 0.003016
343 0.002926
344 0.002793
345 0.002574
346 0.002546
347 0.002405
348 0.002278
349 0.001836
350 0.001495
351 0.001189
352 0.001081
353 0.001000
354 0.001231
355 0.001389
356 0.001503
357 0.001442
358 0.001330
359 0.001190
360 0.001214
361 0.001182
362 0.001425
363 0.001660
364 0.001847
365 0.002257
366 0.002221
367 0.001868
368 0.001414
369 0.001350
370 0.001218
371 0.001040
372 0.001021
373 0.000998
374 0.001215
375 0.001535
376 0.001804
377 0.001849
378 0.001684
379 0.001781
380 0.001974
381 0.002172
382 0.002440
383 0.002558
384 0.002514
385 0.002416
386 0.002305
387 0.002239
388 0.002069
389 0.001971
390 0.002101
391 0.002241
392 0.002160
393 0.001885
394 0.001541
395 0.001556
396 0.001558
397 0.001469
398 0.001461
399 0.001185
400 0.001184
401 0.001234
402 0.001393
403 0.001574
404 0.001655
405 0.001822
406 0.001928
407 0.002044
408 0.002034
409 0.001971
410 0.001858
411 0.001738
412 0.001730
413 0.002024
414 0.002483
415 0.002724
416 0.002899
417 0.003223
418 0.003262
419 0.003204
420 0.003153
421 0.002875
422 0.002448
423 0.002200
424 0.001785
425 0.001427
426 0.001253
427 0.000992
428 0.000708
429 0.000369
430 0.000027
431 -0.000061
432 -0.000137
433 -0.000040
434 0.000020
435 0.000021
436 0.000050
437 0.000036
438 0.000151
439 0.000176
440 0.000177
441 0.000151
442 0.000118
443 0.000212
444 0.000118
445 0.000099
446 -0.000009
447 -0.000227
448 -0.000439
449 -0.000646
450 -0.000712
451 -0.000759
452 -0.000955
453 -0.000927
454 -0.000782
455 -0.000686
456 -0.000570
457 -0.000660
458 -0.000944
459 -0.000999
460 -0.000915
461 -0.000892
462 -0.000708
463 -0.000510
464 -0.000285
465 -0.000119
466 0.000041
467 -0.000068
468 -0.000051
469 -0.000213
470 -0.000183
471 0.000241
472 0.000417
473 0.000526
474 0.000790
475 0.001009
476 0.001375
477 0.001724
478 0.001869
479 0.001978
480 0.001812
481 0.001876
482 0.001692
483 0.001552
484 0.001206
485 0.000995
486 0.001019
487 0.001065
488 0.001119
489 0.001122
490 0.001050
491 0.000864
492 0.000594
493 0.000428
494 0.000168
495 0.000097
496 0.000157
497 0.000114
498 -0.000088
499 -0.000073
500 -0.000160
501 -0.000215
502 -0.000229
503 -0.000463
504 -0.000384
505 -0.000223
506 -0.000185
507 -0.000104
508 0.000001
509 0.000178
510 0.000350
511 0.000352
512 0.000484
513 0.000654
514 0.001007
515 0.001115
516 0.001232
517 0.001195
518 0.001050
519 0.000984
520 0.000902
521 0.000635
522 0.000558
523 0.000538
524 0.000501
525 0.000322
526 0.000055
527 -0.000203
528 -0.000329
529 -0.000510
530 -0.000764
531 -0.000883
532 -0.001119
533 -0.001429
534 -0.001448
535 -0.001534
536 -0.001536
537 -0.001283
538 -0.001032
539 -0.000977
540 -0.000888
541 -0.001026
542 -0.001232
543 -0.001321
544 -0.001014
545 -0.000933
546 -0.000876
547 -0.000748
548 -0.000589
549 -0.000309
550 -0.000094
551 -0.000055
552 -0.000031
553 -0.000075
554 -0.000164
555 0.000029
556 -0.000060
557 -0.000046
558 -0.000086
559 -0.000070
560 -0.000016
561 0.000050
562 0.000026
563 0.000046
564 0.000116
565 0.000244
566 0.000319
567 0.000263
568 0.000274
569 0.000284
570 0.000302
571 0.000268
572 0.000276
573 0.000351
574 0.000360
575 0.000357
576 0.000485
577 0.000627
578 0.000785
579 0.000870
580 0.000811
581 0.000820
582 0.000657
583 0.000556
584 0.000339
585 0.000206
586 -0.000010
587 -0.000183
588 -0.000229
589 -0.000268
590 -0.000334
591 -0.000311
592 -0.000174
593 -0.000071
594 -0.000125
595 0.000111
596 0.000280
597 0.000204
598 0.000147
599 -0.000003
600 0.000009
601 0.000125
602 0.000013
603 -0.000076
604 -0.000163
605 -0.000214
606 -0.000250
607 -0.000329
608 -0.000154
609 -0.000010
610 0.000124
611 0.000144
612 0.000078
613 -0.000071
614 -0.000174
615 -0.000219
616 -0.000252
617 -0.000360
618 -0.000336
619 -0.000242
620 -0.000133
621 -0.000060
622 0.000115
623 0.000199
624 0.000354
625 0.000537
626 0.000772
627 0.000954
628 0.001297
629 0.001642
630 0.001749
631 0.001877
632 0.001857
633 0.001873
634 0.001834
635 0.001599
636 0.001358
637 0.001136
638 0.000873
639 0.000744
640 0.000635
641 0.000671
642 0.000621
643 0.000514
644 0.000417
645 0.000443
646 0.000575
647 0.000543
648 0.000360
649 0.000408
650 0.000365
651 0.000514
652 0.000575
653 0.000640
654 0.000733
655 0.000885
656 0.001083
657 0.001139
658 0.001161
659 0.001324
660 0.001583
661 0.001823
662 0.001909
663 0.002113
664 0.002273
665 0.002526
666 0.002594
667 0.002541
668 0.002499
669 0.002544
670 0.002531
671 0.002423
672 0.002263
673 0.002055
674 0.001771
675 0.001395
676 0.001137
677 0.000854
678 0.000715
679 0.000812
680 0.000833
681 0.000669
682 0.000821
683 0.000869
684 0.000983
685 0.000883
686 0.000732
687 0.000812
688 0.000898
689 0.000903
690 0.000905
691 0.000913
692 0.000898
693 0.000902
694 0.001015
695 0.000884
696 0.000892
697 0.000954
698 0.000970
699 0.001125
700 0.001335
701 0.001566
702 0.001682
703 0.001679
704 0.001706
705 0.001801
706 0.001788
707 0.001732
708 0.001675
709 0.001481
710 0.001229
711 0.001064
712 0.000944
713 0.000796
714 0.000678
715 0.000415
716 0.000169
717 0.000123
718 0.000066
719 0.000034
720 0.000125
721 0.000287
722 0.000531
723 0.000869
724 0.001047
725 0.001166
726 0.001258
727 0.001229
728 0.001165
729 0.000985
730 0.000798
731 0.000816
732 0.000905
733 0.000921
734 0.000829
735 0.000769
736 0.000997
737 0.001298
738 0.001537
739 0.001788
740 0.001987
741 0.002133
742 0.002219
743 0.002263
744 0.002154
745 0.002040
746 0.001864
747 0.001631
748 0.001428
749 0.001304
750 0.001239
751 0.001180
752 0.001114
753 0.001122
754 0.001066
755 0.001179
756 0.001332
757 0.001457
758 0.001512
759 0.001564
760 0.001698
761 0.001888
762 0.002011
763 0.002021
764 0.001989
765 0.001837
766 0.001564
767 0.001425
768 0.001331
769 0.001180
770 0.001045
771 0.001002
772 0.001028
773 0.001120
774 0.001202
775 0.001255
776 0.001230
777 0.001257
778 0.001239
779 0.001194
780 0.001089
781 0.001009
782 0.000888
783 0.000781
784 0.000810
785 0.000700
786 0.000650
787 0.000600
788 0.000580
789 0.000547
790 0.000581
791 0.000656
792 0.000725
793 0.000843
794 0.000942
795 0.000975
796 0.001081
797 0.001137
798 0.001103
799 0.001022
800 0.001013
801 0.001017
802 0.000933
803 0.000853
804 0.000763
805 0.000641
806 0.000564
807 0.000493
808 0.000434
809 0.000515
