# i correlation
1 0.018919
2 0.016533
3 0.014534
4 0.012605
5 0.011141
6 0.010164
7 0.009566
8 0.008944
9 0.008443
10 0.008115
11 0.007702
12 0.007417
13 0.007199
14 0.007110
15 0.006858
16 0.006645
17 0.006360
18 0.006007
19 0.005676
20 0.005164
21 0.004439
22 0.003794
23 0.003499
24 0.003208
25 0.002957
26 0.002860
27 0.002991
28 0.002631
29 0.002235
30 0.001890
31 0.001389
32 0.001013
33 0.000722
34 0.000888
35 0.000866
36 0.001047
37 0.001031
38 0.000993
39 0.001038
40 0.001432
41 0.001457
42 0.001727
43 0.001967
44 0.002261
45 0.002368
46 0.002602
47 0.002842
48 0.002915
49 0.003060
50 0.002957
51 0.002670
52 0.002248
53 0.001786
54 0.001490
55 0.001235
56 0.001032
57 0.001133
58 0.001157
59 0.000997
60 0.000826
61 0.001026
62 0.000816
63 0.000912
64 0.000697
65 0.000544
66 0.000126
67 -0.000472
68 -0.000768
69 -0.001011
70 -0.000996
71 -0.001062
72 -0.001136
73 -0.001186
74 -0.001296
75 -0.001203
76 -0.001168
77 -0.000839
78 -0.000608
79 -0.000381
80 -0.000217
81 -0.000078
82 -0.000366
83 -0.000450
84 -0.000603
85 -0.000567
86 -0.000801
87 -0.000969
88 -0.001009
89 -0.001179
90 -0.000975
91 -0.000813
92 -0.000785
93 -0.000702
94 -0.000730
95 -0.000564
96 -0.000628
97 -0.000409
98 -0.000428
99 -0.000763
100 -0.000862
101 -0.001066
102 -0.001426
103 -0.001518
104 -0.001279
105 -0.001158
106 -0.001089
107 -0.000798
108 -0.000774
109 -0.000935
110 -0.000877
111 -0.000925
112 -0.001113
113 -0.001536
114 -0.001924
115 -0.002364
116 -0.002665
117 -0.002998
118 -0.003327
119 -0.003340
120 -0.003103
121 -0.003086
122 -0.002743
123 -0.002446
124 -0.002231
125 -0.002022
126 -0.001580
127 -0.001418
128 -0.001401
129 -0.001286
130 -0.001225
131 -0.001268
132 -0.001113
133 -0.001001
134 -0.000911
135 -0.000926
136 -0.000956
137 -0.001100
138 -0.001019
139 -0.001257
140 -0.001287
141 -0.001315
142 -0.001761
143 -0.002064
144 -0.002106
145 -0.001982
146 -0.002019
147 -0.001924
148 -0.001829
149 -0.001810
150 -0.001849
151 -0.001938
152 -0.001847
153 -0.001631
154 -0.001564
155 -0.001525
156 -0.001596
157 -0.001670
158 -0.001761
159 -0.001790
160 -0.001454
161 -0.001201
162 -0.000975
163 -0.000737
164 -0.000770
165 -0.000965
166 -0.001187
167 -0.001471
168 -0.001383
169 -0.001163
170 -0.000967
171 -0.000943
172 -0.000621
173 -0.000308
174 -0.000041
175 0.000113
176 0.000196
177 0.000317
178 0.000560
179 0.000594
180 0.000867
181 0.001006
182 0.000924
183 0.000790
184 0.000666
185 0.000745
186 0.000428
187 0.000605
188 0.000710
189 0.000971
190 0.000934
191 0.000905
192 0.000678
193 0.000376
194 0.000050
195 0.000121
196 0.000002
197 0.000110
198 0.000229
199 0.000279
200 0.000400
201 0.000950
202 0.000948
203 0.001108
204 0.001300
205 0.001453
206 0.001608
207 0.001649
208 0.001779
209 0.001896
210 0.002241
211 0.002424
212 0.002645
213 0.002743
214 0.002883
215 0.003160
216 0.003285
217 0.003122
218 0.003061
219 0.002981
220 0.002750
221 0.002522
222 0.002160
223 0.002129
224 0.002187
225 0.002160
226 0.001917
227 0.001735
228 0.001709
229 0.001675
230 0.001775
231 0.001947
232 0.002076
233 0.002263
234 0.002185
235 0.002224
236 0.002021
237 0.001650
238 0.001531
239 0.001271
240 0.000833
241 0.000532
242 0.000224
243 0.000046
244 -0.000259
245 -0.000330
246 -0.000378
247 -0.000711
248 -0.000490
249 -0.000366
250 -0.000226
251 -0.000410
252 -0.000489
253 -0.000596
254 -0.000804
255 -0.000769
256 -0.000937
257 -0.001016
258 -0.000737
259 -0.000257
260 0.000192
261 0.000558
262 0.000641
263 0.000499
264 0.000257
265 0.000048
266 -0.000076
267 0.000023
268 0.000166
269 0.000141
270 -0.000001
271 -0.000052
272 -0.000088
273 -0.000177
274 -0.000111
275 -0.000001
276 -0.000033
277 -0.000223
278 -0.000379
279 -0.000453
280 -0.000507
281 -0.000612
282 -0.000587
283 -0.000994
284 -0.001314
285 -0.001410
286 -0.001182
287 -0.001490
288 -0.001476
289 -0.001305
290 -0.001409
291 -0.001341
292 -0.001171
293 -0.000953
294 -0.000785
295 -0.000655
296 -0.000725
297 -0.000875
298 -0.000874
299 -0.000704
300 -0.000720
301 -0.000577
302 -0.000151
303 -0.000073
304 -0.000130
305 -0.000053
306 -0.000242
307 -0.000249
308 -0.000028
309 0.000376
310 0.000749
311 0.001363
312 0.001592
313 0.001897
314 0.001759
315 0.001564
316 0.001448
317 0.001129
318 0.001306
319 0.001496
320 0.001777
321 0.002029
322 0.001980
323 0.001849
324 0.001665
325 0.001259
326 0.001129
327 0.000673
328 0.000399
329 0.000322
330 0.000191
331 0.000021
332 -0.000076
333 -0.000022
334 -0.000289
335 -0.000368
336 -0.000338
337 -0.000581
338 -0.000338
339 0.000082
340 0.000320
341 0.000403
342 0.000579
343 0.000715
344 0.000658
345 0.000588
346 0.000488
347 0.000187
348 -0.000128
349 -0.000401
350 -0.000454
351 -0.000607
352 -0.000660
353 -0.000540
354 -0.000586
355 -0.000605
356 -0.000542
357 -0.000460
358 -0.000270
359 -0.000012
360 0.000480
361 0.000711
362 0.000870
363 0.000997
364 0.000840
365 0.000893
366 0.000662
367 0.000385
368 0.000207
369 0.000055
370 0.000221
371 0.000096
372 0.000172
373 0.000048
374 -0.000253
375 -0.000660
376 -0.000943
377 -0.001209
378 -0.001394
379 -0.001229
380 -0.001059
381 -0.000872
382 -0.000659
383 -0.000454
384 -0.000067
385 0.000156
386 0.000318
387 0.000227
388 0.000173
389 -0.000061
390 0.000031
391 -0.000005
392 0.000037
393 0.000083
394 -0.000021
395 -0.000057
396 0.000128
397 0.000327
398 0.000563
399 0.000751
400 0.000881
401 0.000893
402 0.000931
403 0.000894
404 0.001075
405 0.001188
406 0.001297
407 0.001322
408 0.001456
409 0.001847
410 0.001919
411 0.001985
412 0.001939
413 0.001711
414 0.001498
415 0.001301
416 0.001228
417 0.001227
418 0.001299
419 0.001339
420 0.001261
421 0.001371
422 0.001412
423 0.001327
424 0.001123
425 0.000987
426 0.000875
427 0.000813
428 0.000747
429 0.000580
430 0.000510
431 0.000488
432 0.000371
433 0.000506
434 0.000646
435 0.000741
436 0.000853
437 0.000849
438 0.000628
439 0.000357
440 0.000369
441 0.000193
442 -0.000011
443 -0.000001
444 0.000156
445 0.000466
446 0.000851
447 0.000933
448 0.001065
449 0.001330
450 0.001485
451 0.001607
452 0.001475
453 0.001398
454 0.001433
455 0.001409
456 0.001470
457 0.001220
458 0.000996
459 0.000631
460 0.000340
461 0.000070
462 -0.000019
463 -0.000010
464 0.000063
465 0.000227
466 0.000153
467 0.000085
468 0.000025
469 0.000093
470 0.000182
471 0.000273
472 0.000463
473 0.000828
474 0.000953
475 0.000981
476 0.001120
477 0.001141
478 0.000899
479 0.000769
480 0.000657
481 0.000567
482 0.000478
483 0.000521
484 0.000689
485 0.000593
486 0.000517
487 0.000352
488 0.000161
489 -0.000018
490 -0.000147
491 -0.000121
492 0.000140
493 0.000138
494 0.000295
495 0.000139
496 0.000139
497 -0.000106
498 -0.000109
499 -0.000106
500 0.000016
501 -0.000184
502 -0.000503
503 -0.000795
504 -0.001048
505 -0.001234
506 -0.001540
507 -0.001756
508 -0.001676
509 -0.001519
510 -0.001342
511 -0.001131
512 -0.001034
513 -0.000771
514 -0.000586
515 -0.000461
516 -0.000518
517 -0.000609
518 -0.000747
519 -0.000742
520 -0.000793
521 -0.000729
522 -0.000704
523 -0.000553
524 -0.000368
525 -0.000198
526 -0.000034
527 0.000139
528 0.000493
529 0.000645
530 0.001013
531 0.001218
532 0.001192
533 0.001046
534 0.001131
535 0.001246
536 0.001383
537 0.001497
538 0.001655
539 0.001574
540 0.001358
541 0.001340
542 0.001244
543 0.001304
544 0.001372
545 0.001632
546 0.001433
547 0.001346
548 0.001207
549 0.001015
550 0.000991
551 0.000895
552 0.000603
553 0.000375
554 0.000406
555 0.000276
556 -0.000082
557 -0.000020
558 -0.000174
559 -0.000352
560 -0.000699
561 -0.000758
562 -0.000757
563 -0.000957
564 -0.001089
565 -0.001337
566 -0.001530
567 -0.001907
568 -0.002147
569 -0.002338
570 -0.002276
571 -0.001987
572 -0.001835
573 -0.001632
574 -0.001518
575 -0.001419
576 -0.001541
577 -0.001509
578 -0.001523
579 -0.001555
580 -0.001497
581 -0.001306
582 -0.001312
583 -0.001368
584 -0.001380
585 -0.001276
586 -0.001286
587 -0.001421
588 -0.001626
589 -0.001643
590 -0.001750
591 -0.001587
592 -0.001597
593 -0.001445
594 -0.001320
595 -0.001300
596 -0.001167
597 -0.001146
598 -0.001206
599 -0.001287
600 -0.001408
601 -0.001586
602 -0.001803
603 -0.002128
604 -0.002397
605 -0.002699
606 -0.002750
607 -0.002792
608 -0.002704
609 -0.002707
610 -0.002506
611 -0.002268
612 -0.002219
613 -0.002246
614 -0.002258
615 -0.002269
616 -0.002331
617 -0.002534
618 -0.002636
619 -0.002811
620 -0.002797
621 -0.002798
622 -0.002517
623 -0.002298
624 -0.002161
625 -0.001929
626 -0.001812
627 -0.001777
628 -0.001623
629 -0.001536
630 -0.001510
631 -0.001444
632 -0.001393
633 -0.001393
634 -0.001320
635 -0.001171
636 -0.001143
637 -0.001215
638 -0.001223
639 -0.001347
640 -0.001420
641 -0.001334
642 -0.001194
643 -0.001143
644 -0.001110
645 -0.000945
646 -0.000726
647 -0.000592
648 -0.000631
649 -0.000597
650 -0.000558
651 -0.000524
652 -0.000319
653 -0.000348
654 -0.000181
655 -0.000116
656 -0.000083
657 -0.000105
658 -0.000194
659 -0.000239
660 -0.000294
661 -0.000276
662 -0.000271
663 -0.000385
664 -0.000395
665 -0.000479
666 -0.000660
667 -0.000916
668 -0.001060
669 -0.001175
670 -0.001236
671 -0.001158
672 -0.000993
673 -0.000750
674 -0.000543
675 -0.000591
676 -0.000664
677 -0.000590
678 -0.000553
679 -0.000551
680 -0.000732
681 -0.000754
682 -0.001117
683 -0.001206
684 -0.001167
685 -0.001187
686 -0.001123
687 -0.000999
688 -0.000965
689 -0.000859
690 -0.000720
691 -0.000407
692 -0.000214
693 -0.000135
694 -0.000026
695 -0.000042
696 -0.000216
697 -0.000302
698 -0.000314
699 -0.000381
700 -0.000426
701 -0.000421
702 -0.000427
703 -0.000271
704 -0.000046
705 0.000177
706 0.000378
707 0.000560
708 0.000733
709 0.000744
710 0.000653
711 0.000605
712 0.000545
713 0.000413
714 0.000290
715 0.000319
716 0.000241
717 0.000207
718 0.000229
719 0.000322
720 0.000432
721 0.000464
722 0.000494
723 0.000656
724 0.000731
725 0.000919
726 0.001002
727 0.001036
728 0.000888
729 0.000727
730 0.000744
731 0.000753
732 0.000813
733 0.000849
734 0.000903
735 0.000945
736 0.000972
737 0.000890
738 0.000973
739 0.000997
740 0.000986
741 0.000883
742 0.000953
743 0.000989
744 0.001109
745 0.001134
746 0.001229
747 0.001169
748 0.001150
749 0.001277
750 0.001208
751 0.001142
752 0.001008
753 0.000910
754 0.000898
755 0.000903
756 0.000854
757 0.000718
758 0.000726
759 0.000682
760 0.000664
761 0.000638
762 0.000494
763 0.000367
764 0.000285
765 0.000133
766 -0.000092
767 -0.000271
768 -0.000483
769 -0.000581
770 -0.000602
771 -0.000673
772 -0.000699
773 -0.000737
774 -0.000739
775 -0.000751
776 -0.000677
777 -0.000792
778 -0.000799
779 -0.000848
780 -0.000958
781 -0.001097
782 -0.001142
783 -0.001311
784 -0.001376
785 -0.001356
786 -0.001306
787 -0.001331
788 -0.001228
789 -0.001165
790 -0.001042
791 -0.000792
792 -0.000788
793 -0.000807
794 -0.000717
795 -0.000723
796 -0.000711
797 -0.000625
798 -0.000645
799 -0.000666
800 -0.000695
801 -0.000836
802 -0.001011
803 -0.001031
804 -0.001064
805 -0.000974
806 -0.000936
807 -0.000874
808 -0.000904
809 -0.000854
