# i correlation
1 0.019031
2 0.016316
3 0.014050
4 0.012093
5 0.010835
6 0.009278
7 0.007846
8 0.006880
9 0.006003
10 0.004918
11 0.004006
12 0.002747
13 0.001766
14 0.001078
15 0.000379
16 -0.000124
17 -0.000187
18 -0.000614
19 -0.001217
20 -0.001586
21 -0.002022
22 -0.002222
23 -0.002480
24 -0.002789
25 -0.002731
26 -0.002574
27 -0.002439
28 -0.002298
29 -0.002222
30 -0.002389
31 -0.002304
32 -0.002301
33 -0.002296
34 -0.002283
35 -0.002016
36 -0.001948
37 -0.001640
38 -0.001336
39 -0.000727
40 0.000049
41 0.000418
42 0.000627
43 0.000810
44 0.000757
45 0.001134
46 0.001452
47 0.001693
48 0.002049
49 0.001822
50 0.001956
51 0.002226
52 0.002497
53 0.002704
54 0.002539
55 0.002449
56 0.002274
57 0.002242
58 0.002246
59 0.002141
60 0.002035
61 0.001645
62 0.001786
63 0.001843
64 0.001741
65 0.001610
66 0.001412
67 0.001213
68 0.001427
69 0.001754
70 0.001821
71 0.001924
72 0.001814
73 0.001552
74 0.001488
75 0.001251
76 0.001114
77 0.001066
78 0.001144
79 0.001680
80 0.002121
81 0.002283
82 0.002218
83 0.002248
84 0.002571
85 0.003049
86 0.003202
87 0.003076
88 0.003051
89 0.003021
90 0.002904
91 0.002794
92 0.002746
93 0.002896
94 0.002691
95 0.002304
96 0.002056
97 0.001980
98 0.001786
99 0.001603
100 0.001249
101 0.001004
102 0.000910
103 0.000936
104 0.001038
105 0.001344
106 0.001784
107 0.002040
108 0.002068
109 0.001898
110 0.001920
111 0.002200
112 0.002400
113 0.002208
114 0.001993
115 0.001788
116 0.001842
117 0.002027
118 0.001626
119 0.001388
120 0.000979
121 0.000615
122 0.000254
123 -0.000264
124 -0.000841
125 -0.001347
126 -0.001427
127 -0.001615
128 -0.001426
129 -0.001597
130 -0.001647
131 -0.001449
132 -0.001426
133 -0.001442
134 -0.001325
135 -0.001241
136 -0.001362
137 -0.001339
138 -0.001258
139 -0.001013
140 -0.000481
141 -0.000366
142 -0.000246
143 -0.000314
144 -0.000564
145 -0.000751
146 -0.000816
147 -0.000851
148 -0.000819
149 -0.000749
150 -0.000723
151 -0.000690
152 -0.000708
153 -0.000721
154 -0.000809
155 -0.000630
156 -0.000388
157 -0.000009
158 0.000109
159 0.000451
160 0.000811
161 0.000788
162 0.000919
163 0.001322
164 0.001728
165 0.001942
166 0.002166
167 0.002392
168 0.002591
169 0.002650
170 0.002556
171 0.002412
172 0.002439
173 0.002658
174 0.002764
175 0.002656
176 0.002466
177 0.002574
178 0.002510
179 0.002540
180 0.002392
181 0.002204
182 0.002315
183 0.002236
184 0.001766
185 0.001482
186 0.001331
187 0.001113
188 0.000892
189 0.000492
190 0.000454
191 0.000438
192 0.000512
193 0.000140
194 -0.000237
195 -0.000184
196 -0.000240
197 -0.000312
198 -0.000354
199 -0.000333
200 -0.000246
201 -0.000432
202 -0.000488
203 -0.000623
204 -0.000867
205 -0.000763
206 -0.000585
207 -0.000370
208 -0.000301
209 -0.000391
210 -0.000728
211 -0.001003
212 -0.001189
213 -0.001470
214 -0.001782
215 -0.002137
216 -0.002515
217 -0.002973
218 -0.003325
219 -0.003324
220 -0.003416
221 -0.003405
222 -0.003498
223 -0.003503
224 -0.003432
225 -0.003421
226 -0.003416
227 -0.003285
228 -0.002947
229 -0.002763
230 -0.002629
231 -0.002672
232 -0.002693
233 -0.002663
234 -0.002628
235 -0.002365
236 -0.002029
237 -0.001726
238 -0.001291
239 -0.000993
240 -0.000678
241 -0.000352
242 0.000082
243 0.000411
244 0.000688
245 0.001201
246 0.001641
247 0.002364
248 0.003080
249 0.003395
250 0.003488
251 0.003568
252 0.003900
253 0.004081
254 0.004325
255 0.004297
256 0.004231
257 0.004147
258 0.003959
259 0.004053
260 0.003912
261 0.003742
262 0.003614
263 0.003581
264 0.003356
265 0.003260
266 0.002945
267 0.002418
268 0.001734
269 0.001032
270 0.000444
271 -0.000016
272 -0.000708
273 -0.001365
274 -0.001910
275 -0.002180
276 -0.002048
277 -0.002099
278 -0.002212
279 -0.002036
280 -0.001808
281 -0.001358
282 -0.001269
283 -0.001123
284 -0.000961
285 -0.000873
286 -0.000799
287 -0.000963
288 -0.000677
289 -0.000617
290 -0.000399
291 -0.000163
292 0.000078
293 0.000555
294 0.000910
295 0.001049
296 0.000993
297 0.000957
298 0.000967
299 0.001165
300 0.001373
301 0.001214
302 0.001303
303 0.001128
304 0.000857
305 0.000684
306 0.000377
307 0.000168
308 -0.000226
309 -0.000728
310 -0.001093
311 -0.001189
312 -0.001249
313 -0.001185
314 -0.001352
315 -0.001569
316 -0.001571
317 -0.001448
318 -0.001289
319 -0.001195
320 -0.000855
321 -0.000518
322 -0.000437
323 -0.000278
324 -0.000276
325 -0.000348
326 -0.000306
327 -0.000150
328 0.000167
329 0.000487
330 0.000667
331 0.000845
332 0.000887
333 0.001126
334 0.001199
335 0.001296
336 0.001607
337 0.001784
338 0.002212
339 0.002446
340 0.002469
341 0.002593
342 0.002693
343 0.002608
344 0.002508
345 0.002447
346 0.002459
347 0.002519
348 0.002396
349 0.002063
350 0.002004
351 0.001800
352 0.001744
353 0.001548
354 0.001107
355 0.001204
356 0.001273
357 0.001132
358 0.001219
359 0.001308
360 0.001271
361 0.001014
362 0.000699
363 0.000567
364 0.000672
365 0.000747
366 0.000680
367 0.000498
368 0.000401
369 0.000451
370 0.000670
371 0.000676
372 0.000844
373 0.000953
374 0.000880
375 0.000780
376 0.000468
377 0.000095
378 0.000010
379 -0.000093
380 -0.000346
381 -0.000443
382 -0.000622
383 -0.000513
384 -0.000437
385 -0.000557
386 -0.000634
387 -0.000388
388 -0.000264
389 -0.000281
390 -0.000424
391 -0.000608
392 -0.000511
393 -0.000626
394 -0.000881
395 -0.001094
396 -0.001256
397 -0.001043
398 -0.000608
399 -0.000395
400 -0.000230
401 -0.000170
402 -0.000363
403 -0.000442
404 -0.000395
405 -0.000102
406 0.000125
407 0.000505
408 0.000650
409 0.000869
410 0.000991
411 0.001136
412 0.001387
413 0.001394
414 0.001426
415 0.001446
416 0.001636
417 0.001718
418 0.001947
419 0.001935
420 0.001914
421 0.001985
422 0.001989
423 0.002131
424 0.002108
425 0.001935
426 0.001778
427 0.001794
428 0.001977
429 0.002125
430 0.002066
431 0.002146
432 0.002437
433 0.002696
434 0.002962
435 0.003134
436 0.003061
437 0.003023
438 0.002874
439 0.002654
440 0.002617
441 0.002301
442 0.001952
443 0.001588
444 0.001454
445 0.001522
446 0.001515
447 0.001539
448 0.001461
449 0.001480
450 0.001146
451 0.000664
452 0.000456
453 0.000326
454 0.000200
455 0.000173
456 0.000265
457 0.000440
458 0.000628
459 0.000738
460 0.000661
461 0.000655
462 0.000662
463 0.000870
464 0.001122
465 0.001117
466 0.000906
467 0.000695
468 0.000366
469 0.000294
470 0.000191
471 0.000175
472 0.000095
473 -0.000009
474 -0.000208
475 -0.000383
476 -0.000347
477 -0.000351
478 -0.000401
479 -0.000507
480 -0.000553
481 -0.000763
482 -0.001138
483 -0.001523
484 -0.001748
485 -0.001856
486 -0.001761
487 -0.001565
488 -0.001485
489 -0.001383
490 -0.001098
491 -0.000949
492 -0.000709
493 -0.000597
494 -0.000403
495 -0.000092
496 0.000129
497 0.000268
498 0.000444
499 0.000446
500 0.000771
501 0.000959
502 0.001180
503 0.001533
504 0.001901
505 0.002463
506 0.002893
507 0.003189
508 0.003182
509 0.003293
510 0.003391
511 0.003582
512 0.003701
513 0.003650
514 0.003576
515 0.003683
516 0.003672
517 0.003419
518 0.003191
519 0.002983
520 0.002750
521 0.002536
522 0.002167
523 0.001755
524 0.001384
525 0.001147
526 0.000898
527 0.000780
528 0.000677
529 0.000632
530 0.000725
531 0.000626
532 0.000502
533 0.000634
534 0.000478
535 0.000329
536 -0.000087
537 -0.000633
538 -0.000800
539 -0.000901
540 -0.000661
541 -0.000423
542 -0.000108
543 0.000066
544 0.000267
545 0.000552
546 0.000647
547 0.000876
548 0.000982
549 0.001131
550 0.001354
551 0.001632
552 0.001813
553 0.001740
554 0.001461
555 0.001251
556 0.000991
557 0.000744
558 0.000738
559 0.000607
560 0.000526
561 0.000411
562 0.000387
563 0.000313
564 0.000116
565 0.000035
566 0.000088
567 -0.000158
568 -0.000349
569 -0.000536
570 -0.000723
571 -0.000853
572 -0.001043
573 -0.001225
574 -0.001264
575 -0.001273
576 -0.001302
577 -0.001422
578 -0.001461
579 -0.001351
580 -0.001056
581 -0.000765
582 -0.000721
583 -0.000601
584 -0.000247
585 -0.000049
586 0.000219
587 0.000351
588 0.000554
589 0.000645
590 0.000675
591 0.000697
592 0.000864
593 0.001087
594 0.001174
595 0.001390
596 0.001457
597 0.001606
598 0.001637
599 0.001763
600 0.001922
601 0.002042
602 0.002207
603 0.002321
604 0.002505
605 0.002577
606 0.002576
607 0.002450
608 0.002004
609 0.001702
610 0.001324
611 0.001239
612 0.001241
613 0.001291
614 0.001354
615 0.001312
616 0.000949
617 0.000573
618 0.000151
619 -0.000042
620 -0.000021
621 0.000058
622 0.000219
623 0.000310
624 0.000543
625 0.000474
626 0.000654
627 0.000721
628 0.000751
629 0.000800
630 0.000563
631 0.000504
632 0.000525
633 0.000354
634 0.000193
635 0.000163
636 -0.000022
637 -0.000172
638 -0.000326
639 -0.000447
640 -0.000368
641 -0.000345
642 -0.000476
643 -0.000508
644 -0.000354
645 -0.000386
646 -0.000301
647 -0.000274
648 -0.000338
649 -0.000317
650 -0.000369
651 -0.000401
652 -0.000190
653 0.000028
654 0.000149
655 0.000360
656 0.000423
657 0.000498
658 0.000457
659 0.000323
660 0.000104
661 -0.000043
662 -0.000203
663 -0.000287
664 -0.000247
665 -0.000321
666 -0.000298
667 -0.000246
668 -0.000288
669 -0.000267
670 -0.000277
671 -0.000288
672 -0.000249
673 -0.000191
674 -0.000150
675 -0.000035
676 0.000007
677 0.000072
678 0.000126
679 0.000078
680 0.000052
681 -0.000103
682 -0.000166
683 -0.000195
684 -0.000167
685 0.000001
686 0.000147
687 0.000276
688 0.000352
689 0.000250
690 -0.000020
691 -0.000156
692 -0.000222
693 -0.000077
694 0.000216
695 0.000358
696 0.000427
697 0.000534
698 0.000623
699 0.000622
700 0.000697
701 0.000681
702 0.000714
703 0.000751
704 0.000850
705 0.000890
706 0.000939
707 0.000916
708 0.001046
709 0.001123
710 0.001150
711 0.001282
712 0.001495
713 0.001644
714 0.001701
715 0.001652
716 0.001503
717 0.001383
718 0.001247
719 0.001115
720 0.000900
721 0.000690
722 0.000490
723 0.000263
724 -0.000064
725 -0.000207
726 -0.000326
727 -0.000607
728 -0.000708
729 -0.000857
730 -0.000858
731 -0.000963
732 -0.001048
733 -0.001048
734 -0.001066
735 -0.000968
736 -0.000900
737 -0.000955
738 -0.001024
739 -0.000898
740 -0.000743
741 -0.000538
742 -0.000390
743 -0.000262
744 -0.000319
745 -0.000364
746 -0.000485
747 -0.000540
748 -0.000583
749 -0.000560
750 -0.000581
751 -0.000567
752 -0.000438
753 -0.000319
754 -0.000148
755 -0.000114
756 -0.000111
757 0.000058
758 0.000155
759 0.000238
760 0.000398
761 0.000495
762 0.000603
763 0.000837
764 0.000948
765 0.000981
766 0.001051
767 0.001033
768 0.001002
769 0.001034
770 0.001126
771 0.001229
772 0.001170
773 0.001033
774 0.000904
775 0.000657
776 0.000461
777 0.000237
778 0.000062
779 0.000013
780 -0.000095
781 -0.000143
782 -0.000234
783 -0.000451
784 -0.000532
785 -0.000636
786 -0.000723
787 -0.000568
788 -0.000483
789 -0.000541
790 -0.000546
791 -0.000576
792 -0.000463
793 -0.000311
794 -0.000110
795 0.000160
796 0.000340
797 0.000564
798 0.000711
799 0.000819
800 0.000735
801 0.000686
802 0.000553
803 0.000429
804 0.000471
805 0.000556
806 0.000531
807 0.000465
808 0.000381
809 0.000300
