# i correlation
1 0.023040
2 0.020277
3 0.018157
4 0.016475
5 0.015072
6 0.014126
7 0.013301
8 0.012470
9 0.011898
10 0.011225
11 0.010213
12 0.009168
13 0.008189
14 0.007453
15 0.006905
16 0.006504
17 0.006232
18 0.005828
19 0.005507
20 0.005319
21 0.005301
22 0.005379
23 0.005798
24 0.005902
25 0.005970
26 0.006106
27 0.006549
28 0.006678
29 0.006839
30 0.006616
31 0.006592
32 0.006674
33 0.006958
34 0.007352
35 0.007476
36 0.007483
37 0.007355
38 0.007357
39 0.007145
40 0.007151
41 0.006997
42 0.006697
43 0.006527
44 0.006315
45 0.006225
46 0.006099
47 0.005830
48 0.005372
49 0.005146
50 0.004995
51 0.004672
52 0.004453
53 0.004204
54 0.004081
55 0.004113
56 0.004430
57 0.004611
58 0.004818
59 0.004942
60 0.004953
61 0.004802
62 0.004755
63 0.004782
64 0.004781
65 0.004823
66 0.004778
67 0.004738
68 0.004591
69 0.004755
70 0.005066
71 0.005175
72 0.005345
73 0.005246
74 0.005227
75 0.005443
76 0.005457
77 0.005433
78 0.005092
79 0.004626
80 0.003878
81 0.003713
82 0.003721
83 0.003560
84 0.003334
85 0.003033
86 0.003150
87 0.003348
88 0.003541
89 0.003603
90 0.003350
91 0.002718
92 0.002454
93 0.002375
94 0.002354
95 0.002491
96 0.002672
97 0.002862
98 0.003379
99 0.003550
100 0.003576
101 0.003313
102 0.003153
103 0.002629
104 0.002368
105 0.002196
106 0.001911
107 0.001929
108 0.002219
109 0.002587
110 0.002862
111 0.003000
112 0.002945
113 0.002554
114 0.002001
115 0.001760
116 0.001707
117 0.001691
118 0.001576
119 0.001341
120 0.001129
121 0.001109
122 0.000919
123 0.000816
124 0.000711
125 0.000633
126 0.000527
127 0.000326
128 0.000228
129 -0.000034
130 -0.000293
131 -0.000520
132 -0.000449
133 -0.000148
134 0.000468
135 0.001078
136 0.001661
137 0.002003
138 0.002406
139 0.002430
140 0.002377
141 0.002374
142 0.002428
143 0.002521
144 0.002661
145 0.002961
146 0.002754
147 0.002693
148 0.002674
149 0.002456
150 0.001945
151 0.001703
152 0.001632
153 0.001521
154 0.001674
155 0.001902
156 0.001761
157 0.001519
158 0.001455
159 0.001519
160 0.001406
161 0.001454
162 0.001214
163 0.001123
164 0.001025
165 0.001198
166 0.001075
167 0.001078
168 0.001251
169 0.001138
170 0.001058
171 0.000996
172 0.001071
173 0.000958
174 0.000951
175 0.001014
176 0.001035
177 0.001224
178 0.001259
179 0.001173
180 0.001116
181 0.001124
182 0.001401
183 0.001708
184 0.001918
185 0.002069
186 0.002280
187 0.002444
188 0.002711
189 0.002816
190 0.002422
191 0.002129
192 0.002189
193 0.001852
194 0.001680
195 0.001697
196 0.001768
197 0.001638
198 0.001789
199 0.001979
200 0.002019
201 0.002142
202 0.002033
203 0.001540
204 0.001066
205 0.000804
206 0.000635
207 0.000435
208 0.000275
209 0.000192
210 0.000294
211 0.000566
212 0.000824
213 0.000959
214 0.000883
215 0.000931
216 0.001079
217 0.001128
218 0.001212
219 0.001238
220 0.001146
221 0.001278
222 0.001357
223 0.001544
224 0.001649
225 0.001752
226 0.001814
227 0.002070
228 0.002236
229 0.002133
230 0.002017
231 0.001861
232 0.001582
233 0.001565
234 0.001542
235 0.001473
236 0.001487
237 0.001411
238 0.001336
239 0.001157
240 0.000681
241 0.000222
242 0.000170
243 0.000148
244 0.000181
245 0.000473
246 0.000545
247 0.000742
248 0.000740
249 0.000836
250 0.001111
251 0.001460
252 0.001840
253 0.002162
254 0.002516
255 0.002861
256 0.003137
257 0.003294
258 0.003382
259 0.003583
260 0.003466
261 0.003498
262 0.003369
263 0.003344
264 0.003263
265 0.003142
266 0.002956
267 0.002578
268 0.001997
269 0.001256
270 0.000779
271 0.000679
272 0.000662
273 0.000798
274 0.001013
275 0.001175
276 0.001135
277 0.001181
278 0.001007
279 0.000843
280 0.000624
281 0.000484
282 0.000093
283 -0.000173
284 -0.000239
285 -0.000068
286 0.000058
287 0.000287
288 0.000292
289 0.000155
290 0.000036
291 -0.000032
292 -0.000372
293 -0.000497
294 -0.000314
295 -0.000479
296 -0.000553
297 -0.000513
298 -0.000645
299 -0.000662
300 -0.000501
301 -0.000569
302 -0.000842
303 -0.000903
304 -0.000733
305 -0.000745
306 -0.000691
307 -0.000907
308 -0.000892
309 -0.000866
310 -0.000690
311 -0.000562
312 -0.000371
313 -0.000124
314 -0.000100
315 -0.000316
316 -0.000579
317 -0.000985
318 -0.001572
319 -0.002067
320 -0.002106
321 -0.002221
322 -0.002257
323 -0.002130
324 -0.002048
325 -0.002032
326 -0.002050
327 -0.002170
328 -0.002000
329 -0.001768
330 -0.001766
331 -0.001829
332 -0.001800
333 -0.001726
334 -0.001737
335 -0.001838
336 -0.001834
337 -0.001686
338 -0.001582
339 -0.001497
340 -0.001580
341 -0.001666
342 -0.001818
343 -0.001644
344 -0.001460
345 -0.001366
346 -0.001332
347 -0.001012
348 -0.000776
349 -0.000566
350 -0.000477
351 -0.000386
352 -0.000483
353 -0.000506
354 -0.000376
355 -0.000305
356 -0.000118
357 0.000130
358 -0.000041
359 -0.000009
360 0.000212
361 0.000493
362 0.000574
363 0.000956
364 0.001093
365 0.000944
366 0.001046
367 0.000855
368 0.000740
369 0.000668
370 0.000618
371 0.000604
372 0.000714
373 0.000653
374 0.000411
375 0.000393
376 0.000221
377 0.000108
378 -0.000078
379 -0.000384
380 -0.000783
381 -0.001221
382 -0.001587
383 -0.001764
384 -0.001763
385 -0.001566
386 -0.001542
387 -0.001317
388 -0.001067
389 -0.000970
390 -0.001047
391 -0.001387
392 -0.001779
393 -0.002176
394 -0.002326
395 -0.002294
396 -0.002208
397 -0.002011
398 -0.002005
399 -0.001835
400 -0.001744
401 -0.001722
402 -0.001683
403 -0.001641
404 -0.001520
405 -0.001616
406 -0.001534
407 -0.001440
408 -0.001408
409 -0.001317
410 -0.001299
411 -0.000892
412 -0.000373
413 0.000013
414 0.000304
415 0.000721
416 0.000830
417 0.000837
418 0.000883
419 0.000941
420 0.000935
421 0.001023
422 0.001227
423 0.001407
424 0.001611
425 0.001846
426 0.002016
427 0.001860
428 0.001648
429 0.001451
430 0.001217
431 0.001004
432 0.000850
433 0.000554
434 0.000420
435 0.000427
436 0.000384
437 0.000253
438 0.000178
439 0.000117
440 -0.000167
441 -0.000285
442 -0.000298
443 -0.000351
444 -0.000141
445 0.000069
446 0.000310
447 0.000689
448 0.001029
449 0.001423
450 0.001765
451 0.001842
452 0.001880
453 0.001888
454 0.001886
455 0.002010
456 0.002081
457 0.002044
458 0.002076
459 0.002351
460 0.002416
461 0.002565
462 0.002509
463 0.002289
464 0.002272
465 0.002242
466 0.002273
467 0.002317
468 0.002161
469 0.001859
470 0.001333
471 0.001076
472 0.000753
473 0.000711
474 0.000526
475 0.000362
476 0.000270
477 0.000343
478 0.000252
479 0.000096
480 -0.000127
481 -0.000237
482 -0.000165
483 0.000018
484 0.000326
485 0.000482
486 0.000681
487 0.000957
488 0.001311
489 0.001554
490 0.001698
491 0.001668
492 0.001799
493 0.001904
494 0.002027
495 0.002105
496 0.002145
497 0.002036
498 0.001864
499 0.001640
500 0.001613
501 0.001768
502 0.001829
503 0.001635
504 0.001649
505 0.001828
506 0.002066
507 0.002193
508 0.002279
509 0.002461
510 0.002514
511 0.002808
512 0.002947
513 0.003095
514 0.003330
515 0.003508
516 0.003693
517 0.003762
518 0.003696
519 0.003470
520 0.003229
521 0.002897
522 0.002645
523 0.002409
524 0.002407
525 0.002578
526 0.002664
527 0.002600
528 0.002219
529 0.001911
530 0.001871
531 0.001954
532 0.001967
533 0.002024
534 0.002277
535 0.002108
536 0.002079
537 0.001986
538 0.001824
539 0.001572
540 0.001418
541 0.001177
542 0.001166
543 0.001240
544 0.001130
545 0.000969
546 0.000890
547 0.000771
548 0.000610
549 0.000613
550 0.000702
551 0.000750
552 0.000759
553 0.000749
554 0.000616
555 0.000488
556 0.000428
557 0.000431
558 0.000467
559 0.000687
560 0.001131
561 0.001471
562 0.001656
563 0.001808
564 0.001789
565 0.001861
566 0.001983
567 0.002333
568 0.002527
569 0.002466
570 0.002461
571 0.002784
572 0.003045
573 0.002871
574 0.002682
575 0.002570
576 0.002509
577 0.002509
578 0.002321
579 0.002043
580 0.001642
581 0.001324
582 0.000982
583 0.000687
584 0.000547
585 0.000315
586 0.000215
587 0.000196
588 0.000373
589 0.000621
590 0.000781
591 0.000865
592 0.000863
593 0.000846
594 0.000820
595 0.000844
596 0.000927
597 0.000871
598 0.000887
599 0.000916
600 0.000905
601 0.000982
602 0.001332
603 0.001892
604 0.002423
605 0.002840
606 0.003128
607 0.003280
608 0.003180
609 0.003101
610 0.003063
611 0.002918
612 0.002837
613 0.003002
614 0.003104
615 0.003060
616 0.002935
617 0.002678
618 0.002402
619 0.002106
620 0.002112
621 0.002027
622 0.001982
623 0.001772
624 0.001752
625 0.001488
626 0.001259
627 0.001279
628 0.001291
629 0.001238
630 0.001305
631 0.001361
632 0.001320
633 0.001308
634 0.001390
635 0.001442
636 0.001517
637 0.001452
638 0.001588
639 0.001667
640 0.001576
641 0.001580
642 0.001807
643 0.002000
644 0.002231
645 0.002299
646 0.002235
647 0.002203
648 0.002334
649 0.002592
650 0.002784
651 0.002821
652 0.002570
653 0.002498
654 0.002507
655 0.002339
656 0.002125
657 0.001810
658 0.001463
659 0.001168
660 0.001054
661 0.000944
662 0.000795
663 0.000783
664 0.000634
665 0.000656
666 0.000573
667 0.000352
668 0.000060
669 -0.000134
670 -0.000219
671 -0.000215
672 0.000017
673 0.000220
674 0.000394
675 0.000514
676 0.000807
677 0.001225
678 0.001539
679 0.001862
680 0.002008
681 0.002088
682 0.001950
683 0.001921
684 0.001917
685 0.001920
686 0.002097
687 0.002035
688 0.001969
689 0.001982
690 0.001885
691 0.001822
692 0.001914
693 0.001925
694 0.001958
695 0.001957
696 0.001829
697 0.001646
698 0.001519
699 0.001441
700 0.001572
701 0.001799
702 0.002061
703 0.002252
704 0.002297
705 0.002393
706 0.002524
707 0.002388
708 0.002305
709 0.002219
710 0.002272
711 0.002430
712 0.002573
713 0.002718
714 0.002680
715 0.002644
716 0.002598
717 0.002521
718 0.002304
719 0.002238
720 0.002241
721 0.002029
722 0.001806
723 0.001780
724 0.001691
725 0.001681
726 0.001691
727 0.001533
728 0.001384
729 0.001194
730 0.001075
731 0.000984
732 0.001103
733 0.001209
734 0.001049
735 0.000896
736 0.000793
737 0.000782
738 0.000814
739 0.000753
740 0.000857
741 0.000856
742 0.000923
743 0.000891
744 0.000878
745 0.000724
746 0.000584
747 0.000501
748 0.000524
749 0.000479
750 0.000468
751 0.000554
752 0.000485
753 0.000383
754 0.000227
755 0.000118
756 -0.000103
757 -0.000372
758 -0.000540
759 -0.000498
760 -0.000438
761 -0.000400
762 -0.000390
763 -0.000381
764 -0.000437
765 -0.000394
766 -0.000532
767 -0.000535
768 -0.000565
769 -0.000444
770 -0.000303
771 -0.000246
772 -0.000116
773 0.000187
774 0.000366
775 0.000516
776 0.000574
777 0.000635
778 0.000731
779 0.000689
780 0.000488
781 0.000427
782 0.000452
783 0.000397
784 0.000311
785 0.000215
786 0.000010
787 0.000039
788 0.000159
789 0.000135
790 0.000124
791 0.000063
792 -0.000057
793 -0.000208
794 -0.000333
795 -0.000429
796 -0.000495
797 -0.000634
798 -0.000690
799 -0.000764
800 -0.000814
801 -0.000821
802 -0.000767
803 -0.000885
804 -0.000977
805 -0.001037
806 -0.001230
807 -0.001415
808 -0.001552
809 -0.001617
