# i correlation
1 0.013075
2 0.010610
3 0.008521
4 0.007069
5 0.005872
6 0.005079
7 0.004804
8 0.004621
9 0.004242
10 0.003471
11 0.003089
12 0.002843
13 0.002761
14 0.002461
15 0.002156
16 0.001995
17 0.001916
18 0.001455
19 0.001239
20 0.001654
21 0.002186
22 0.002513
23 0.002598
24 0.002576
25 0.002617
26 0.002514
27 0.002233
28 0.002128
29 0.002379
30 0.002281
31 0.002209
32 0.002050
33 0.001560
34 0.001073
35 0.000817
36 0.000664
37 0.000447
38 0.000341
39 0.000035
40 -0.000305
41 -0.000413
42 -0.000174
43 -0.000302
44 -0.000122
45 -0.000173
46 0.000024
47 0.000205
48 0.000423
49 0.000801
50 0.001252
51 0.001364
52 0.001705
53 0.002263
54 0.002702
55 0.002808
56 0.002760
57 0.002648
58 0.002406
59 0.002284
60 0.001999
61 0.002001
62 0.001993
63 0.001816
64 0.001512
65 0.001377
66 0.001195
67 0.000924
68 0.000736
69 0.000637
70 0.000596
71 0.000461
72 0.000282
73 0.000247
74 0.000383
75 0.000740
76 0.000932
77 0.001385
78 0.001385
79 0.001346
80 0.001084
81 0.000536
82 0.000333
83 0.000194
84 0.000017
85 0.000189
86 0.000623
87 0.000861
88 0.000893
89 0.000839
90 0.000584
91 0.000812
92 0.000905
93 0.000938
94 0.001180
95 0.001122
96 0.001112
97 0.000784
98 0.000478
99 0.000414
100 0.000364
101 0.000205
102 0.000139
103 0.000083
104 0.000177
105 0.000417
106 0.000852
107 0.001220
108 0.001366
109 0.001552
110 0.001220
111 0.001231
112 0.001063
113 0.000747
114 0.000289
115 0.000219
116 0.000229
117 0.000291
118 0.000130
119 0.000464
120 0.000703
121 0.000922
122 0.001147
123 0.001167
124 0.001327
125 0.001053
126 0.000626
127 0.000421
128 0.000587
129 0.000807
130 0.000970
131 0.001426
132 0.001833
133 0.002069
134 0.001777
135 0.001530
136 0.001446
137 0.001786
138 0.001931
139 0.001785
140 0.001729
141 0.001562
142 0.001414
143 0.001165
144 0.001234
145 0.001348
146 0.001548
147 0.001732
148 0.001960
149 0.002006
150 0.001935
151 0.001803
152 0.001334
153 0.001117
154 0.000957
155 0.000754
156 0.000579
157 0.000507
158 0.000349
159 0.000246
160 0.000412
161 0.000774
162 0.001108
163 0.001354
164 0.001335
165 0.001498
166 0.001443
167 0.001137
168 0.000729
169 0.000450
170 0.000536
171 0.000800
172 0.000981
173 0.001314
174 0.001618
175 0.001836
176 0.001693
177 0.001412
178 0.001065
179 0.000812
180 0.000425
181 -0.000013
182 -0.000052
183 0.000022
184 -0.000071
185 -0.000184
186 0.000086
187 0.000240
188 0.000323
189 0.000235
190 0.000055
191 -0.000158
192 -0.000218
193 -0.000135
194 -0.000014
195 0.000039
196 0.000311
197 0.000488
198 0.000564
199 0.000687
200 0.000802
201 0.000979
202 0.000993
203 0.000838
204 0.000734
205 0.000424
206 0.000079
207 0.000049
208 0.000073
209 0.000062
210 0.000015
211 -0.000050
212 -0.000341
213 -0.000498
214 -0.000541
215 -0.000386
216 -0.000584
217 -0.000527
218 -0.000493
219 -0.000565
220 -0.000696
221 -0.000935
222 -0.000823
223 -0.000527
224 -0.000073
225 0.000305
226 0.000783
227 0.001035
228 0.001294
229 0.001466
230 0.001492
231 0.001493
232 0.001449
233 0.001141
234 0.000594
235 0.000114
236 -0.000070
237 -0.000197
238 -0.000233
239 -0.000013
240 0.000217
241 -0.000205
242 -0.000437
243 -0.000578
244 -0.000474
245 -0.000608
246 -0.000663
247 -0.000831
248 -0.000928
249 -0.000848
250 -0.000800
251 -0.000665
252 -0.000339
253 -0.000042
254 -0.000047
255 -0.000249
256 -0.000359
257 -0.000114
258 -0.000125
259 0.000081
260 0.000069
261 0.000229
262 0.000337
263 0.000244
264 0.000046
265 -0.000237
266 -0.000277
267 -0.000444
268 -0.000456
269 -0.000495
270 -0.000432
271 -0.000307
272 -0.000297
273 -0.000190
274 -0.000080
275 -0.000003
276 -0.000034
277 -0.000323
278 -0.000222
279 -0.000042
280 0.000158
281 0.000417
282 0.000862
283 0.001052
284 0.001250
285 0.001391
286 0.001188
287 0.001059
288 0.001393
289 0.001438
290 0.001317
291 0.000891
292 0.000448
293 0.000250
294 0.000219
295 0.000398
296 0.000510
297 0.000368
298 0.000358
299 0.000271
300 0.000064
301 -0.000050
302 0.000044
303 0.000230
304 0.000235
305 0.000452
306 0.000484
307 0.000458
308 0.000512
309 0.000644
310 0.000841
311 0.001173
312 0.001360
313 0.001517
314 0.001481
315 0.001318
316 0.001395
317 0.001482
318 0.001554
319 0.001415
320 0.001602
321 0.001576
322 0.001397
323 0.001034
324 0.000738
325 0.000566
326 0.000432
327 0.000244
328 0.000081
329 0.000091
330 -0.000098
331 -0.000174
332 -0.000015
333 0.000025
334 0.000196
335 0.000243
336 0.000197
337 0.000320
338 0.000708
339 0.001051
340 0.001403
341 0.001367
342 0.001138
343 0.000949
344 0.000671
345 0.000496
346 0.000786
347 0.000898
348 0.001009
349 0.001068
350 0.001008
351 0.000949
352 0.000760
353 0.000573
354 0.000249
355 0.000154
356 -0.000274
357 -0.000498
358 -0.000781
359 -0.000751
360 -0.000651
361 -0.000486
362 -0.000434
363 -0.000478
364 -0.000433
365 -0.000726
366 -0.000688
367 -0.000764
368 -0.000712
369 -0.000723
370 -0.000528
371 -0.000222
372 0.000091
373 0.000092
374 0.000037
375 0.000290
376 0.000466
377 0.000647
378 0.000617
379 0.000445
380 0.000380
381 0.000167
382 -0.000006
383 -0.000287
384 -0.000422
385 -0.000591
386 -0.000925
387 -0.001239
388 -0.001333
389 -0.001344
390 -0.001007
391 -0.000898
392 -0.000751
393 -0.000459
394 -0.000459
395 -0.000568
396 -0.000851
397 -0.000609
398 -0.000593
399 -0.000577
400 -0.000542
401 -0.000332
402 -0.000256
403 -0.000154
404 -0.000089
405 -0.000002
406 0.000166
407 0.000372
408 0.000416
409 0.000546
410 0.000537
411 0.000373
412 0.000454
413 0.000492
414 0.000671
415 0.000686
416 0.000764
417 0.000691
418 0.000552
419 0.000630
420 0.000619
421 0.000600
422 0.000894
423 0.001127
424 0.001046
425 0.001071
426 0.001249
427 0.001347
428 0.001466
429 0.001564
430 0.001561
431 0.001336
432 0.001432
433 0.001362
434 0.001380
435 0.001385
436 0.001352
437 0.001462
438 0.001228
439 0.001068
440 0.000829
441 0.000834
442 0.000585
443 0.000503
444 0.000348
445 0.000300
446 0.000417
447 0.000457
448 0.000178
449 0.000003
450 0.000029
451 0.000204
452 0.000338
453 0.000431
454 0.000471
455 0.000481
456 0.000151
457 -0.000094
458 -0.000207
459 -0.000368
460 -0.000456
461 -0.000636
462 -0.000681
463 -0.000802
464 -0.000932
465 -0.001224
466 -0.001383
467 -0.001271
468 -0.001089
469 -0.000835
470 -0.000679
471 -0.000366
472 -0.000091
473 -0.000172
474 -0.000464
475 -0.000593
476 -0.000399
477 -0.000214
478 0.000138
479 0.000548
480 0.000568
481 0.000455
482 0.000232
483 0.000197
484 0.000240
485 0.000088
486 -0.000107
487 -0.000349
488 -0.000540
489 -0.000628
490 -0.000882
491 -0.000913
492 -0.000875
493 -0.000861
494 -0.000871
495 -0.000988
496 -0.001047
497 -0.001053
498 -0.001270
499 -0.001073
500 -0.000767
501 -0.000489
502 -0.000463
503 -0.000330
504 -0.000312
505 -0.000232
506 -0.000201
507 -0.000185
508 -0.000090
509 -0.000108
510 -0.000179
511 -0.000370
512 -0.000416
513 -0.000403
514 -0.000180
515 -0.000162
516 -0.000255
517 -0.000412
518 -0.000429
519 -0.000668
520 -0.000714
521 -0.000603
522 -0.000406
523 -0.000310
524 -0.000361
525 -0.000287
526 -0.000136
527 -0.000064
528 0.000050
529 0.000251
530 0.000379
531 0.000323
532 0.000418
533 0.000254
534 0.000113
535 0.000039
536 -0.000241
537 -0.000451
538 -0.000453
539 -0.000404
540 -0.000453
541 -0.000348
542 -0.000328
543 -0.000289
544 -0.000351
545 -0.000363
546 -0.000296
547 -0.000109
548 0.000035
549 0.000194
550 0.000273
551 0.000321
552 0.000279
553 0.000228
554 0.000305
555 0.000324
556 0.000401
557 0.000371
558 0.000491
559 0.000342
560 0.000320
561 0.000297
562 0.000373
563 0.000360
564 0.000459
565 0.000445
566 0.000483
567 0.000361
568 0.000279
569 0.000334
570 0.000562
571 0.000702
572 0.000749
573 0.000719
574 0.000815
575 0.000700
576 0.000517
577 0.000678
578 0.000859
579 0.001197
580 0.001238
581 0.001223
582 0.001119
583 0.001219
584 0.001367
585 0.001393
586 0.001422
587 0.001444
588 0.001220
589 0.001034
590 0.000846
591 0.000815
592 0.000834
593 0.000829
594 0.000691
595 0.000628
596 0.000434
597 0.000233
598 0.000022
599 -0.000094
600 0.000314
601 0.000759
602 0.000962
603 0.001088
604 0.001151
605 0.000962
606 0.000761
607 0.000626
608 0.000873
609 0.001163
610 0.001235
611 0.001248
612 0.001323
613 0.001253
614 0.001125
615 0.000973
616 0.001038
617 0.001204
618 0.001198
619 0.001156
620 0.001002
621 0.000982
622 0.000750
623 0.000738
624 0.000677
625 0.000820
626 0.000916
627 0.000891
628 0.000913
629 0.000888
630 0.000707
631 0.000464
632 0.000279
633 0.000310
634 0.000591
635 0.000542
636 0.000582
637 0.000582
638 0.000513
639 0.000467
640 0.000414
641 0.000235
642 0.000249
643 0.000276
644 0.000317
645 0.000399
646 0.000453
647 0.000383
648 0.000258
649 0.000316
650 0.000304
651 0.000406
652 0.000442
653 0.000327
654 0.000533
655 0.000810
656 0.001089
657 0.001353
658 0.001454
659 0.001524
660 0.001509
661 0.001409
662 0.001284
663 0.001194
664 0.001088
665 0.000989
666 0.001100
667 0.001051
668 0.000939
669 0.000738
670 0.000554
671 0.000427
672 0.000353
673 0.000285
674 0.000119
675 0.000210
676 0.000320
677 0.000351
678 0.000493
679 0.000517
680 0.000702
681 0.000962
682 0.000929
683 0.000874
684 0.000694
685 0.000512
686 0.000538
687 0.000458
688 0.000382
689 0.000337
690 0.000269
691 0.000184
692 0.000151
693 0.000220
694 0.000226
695 0.000265
696 0.000375
697 0.000391
698 0.000414
699 0.000208
700 -0.000016
701 -0.000114
702 -0.000098
703 0.000059
704 0.000254
705 0.000460
706 0.000577
707 0.000599
708 0.000604
709 0.000645
710 0.000783
711 0.000924
712 0.001046
713 0.001018
714 0.001010
715 0.000962
716 0.000894
717 0.001037
718 0.001060
719 0.001185
720 0.001157
721 0.000988
722 0.000861
723 0.000746
724 0.000589
725 0.000709
726 0.000797
727 0.000737
728 0.000773
729 0.000705
730 0.000725
731 0.000787
732 0.000914
733 0.001085
734 0.001217
735 0.001228
736 0.001142
737 0.001009
738 0.000877
739 0.000829
740 0.000898
741 0.001012
742 0.001085
743 0.001193
744 0.001063
745 0.001031
746 0.000988
747 0.000845
748 0.000745
749 0.000804
750 0.000832
751 0.000903
752 0.001064
753 0.001137
754 0.001213
755 0.001227
756 0.001252
757 0.001282
758 0.001305
759 0.001217
760 0.001130
761 0.000998
762 0.000879
763 0.000853
764 0.000952
765 0.000974
766 0.001053
767 0.001097
768 0.001044
769 0.000946
770 0.000789
771 0.000642
772 0.000686
773 0.000754
774 0.000721
775 0.000786
776 0.000626
777 0.000504
778 0.000354
779 0.000294
780 0.000198
781 0.000256
782 0.000233
783 0.000292
784 0.000350
785 0.000437
786 0.000451
787 0.000611
788 0.000733
789 0.000853
790 0.000867
791 0.000852
792 0.000882
793 0.000814
794 0.000779
795 0.000625
796 0.000568
797 0.000419
798 0.000357
799 0.000301
800 0.000274
801 0.000210
802 0.000290
803 0.000266
804 0.000295
805 0.000362
806 0.000323
807 0.000263
808 0.000296
809 0.000279
