# i correlation
1 0.014520
2 0.011695
3 0.009304
4 0.007397
5 0.005976
6 0.004838
7 0.004289
8 0.003916
9 0.003576
10 0.003189
11 0.002929
12 0.002979
13 0.002893
14 0.002629
15 0.002634
16 0.002836
17 0.003181
18 0.003113
19 0.002713
20 0.002298
21 0.001828
22 0.001345
23 0.000825
24 0.000669
25 0.000628
26 0.000207
27 -0.000189
28 -0.000295
29 -0.000319
30 -0.000389
31 -0.000329
32 -0.000290
33 -0.000183
34 0.000171
35 0.000395
36 0.000536
37 0.000868
38 0.001030
39 0.000939
40 0.000861
41 0.000478
42 0.000544
43 0.000518
44 0.000563
45 0.000629
46 0.000973
47 0.001054
48 0.000917
49 0.001120
50 0.001524
51 0.001652
52 0.001807
53 0.001712
54 0.001378
55 0.001382
56 0.001488
57 0.001568
58 0.001606
59 0.001821
60 0.001722
61 0.001853
62 0.002269
63 0.002553
64 0.002619
65 0.002675
66 0.002223
67 0.001765
68 0.001368
69 0.000960
70 0.000988
71 0.001216
72 0.001490
73 0.001616
74 0.001866
75 0.002183
76 0.002174
77 0.001935
78 0.001587
79 0.001365
80 0.001033
81 0.000877
82 0.000653
83 0.000409
84 0.000291
85 -0.000058
86 -0.000304
87 -0.000377
88 -0.000330
89 -0.000063
90 0.000122
91 0.000070
92 0.000007
93 0.000069
94 0.000116
95 0.000229
96 0.000436
97 0.000733
98 0.000835
99 0.001266
100 0.001448
101 0.001682
102 0.001861
103 0.001765
104 0.001747
105 0.001602
106 0.001531
107 0.001497
108 0.001450
109 0.001263
110 0.000942
111 0.000866
112 0.000902
113 0.000978
114 0.001123
115 0.001357
116 0.001436
117 0.001149
118 0.001008
119 0.000847
120 0.000849
121 0.001046
122 0.001220
123 0.001405
124 0.001579
125 0.001663
126 0.001632
127 0.001621
128 0.001653
129 0.001713
130 0.001685
131 0.001499
132 0.001224
133 0.001100
134 0.000814
135 0.000607
136 0.000771
137 0.001238
138 0.001499
139 0.001584
140 0.001734
141 0.001849
142 0.001703
143 0.001453
144 0.001221
145 0.001209
146 0.001395
147 0.001581
148 0.001611
149 0.001425
150 0.001390
151 0.001349
152 0.001161
153 0.000890
154 0.000863
155 0.000904
156 0.000732
157 0.000960
158 0.001382
159 0.001516
160 0.001502
161 0.001479
162 0.001211
163 0.000929
164 0.000592
165 0.000352
166 0.000143
167 -0.000061
168 -0.000110
169 -0.000457
170 -0.000750
171 -0.000716
172 -0.000307
173 0.000064
174 0.000355
175 0.000947
176 0.001217
177 0.001451
178 0.001534
179 0.001604
180 0.001706
181 0.001790
182 0.001709
183 0.001946
184 0.002077
185 0.002123
186 0.002014
187 0.002033
188 0.002134
189 0.002294
190 0.002519
191 0.002665
192 0.002965
193 0.002976
194 0.002861
195 0.002616
196 0.002169
197 0.001902
198 0.001635
199 0.001684
200 0.001671
201 0.001596
202 0.001646
203 0.001925
204 0.002214
205 0.002365
206 0.002357
207 0.002324
208 0.002369
209 0.002146
210 0.001905
211 0.001689
212 0.001330
213 0.000958
214 0.000511
215 0.000283
216 0.000083
217 0.000043
218 0.000019
219 0.000115
220 0.000430
221 0.000677
222 0.001071
223 0.001404
224 0.001645
225 0.001686
226 0.001393
227 0.001028
228 0.000565
229 0.000273
230 -0.000138
231 -0.000459
232 -0.000463
233 -0.000191
234 0.000108
235 0.000168
236 0.000366
237 0.000656
238 0.001013
239 0.001442
240 0.001937
241 0.002207
242 0.002247
243 0.002128
244 0.002007
245 0.001897
246 0.001683
247 0.001417
248 0.001232
249 0.001219
250 0.001293
251 0.001451
252 0.001716
253 0.001864
254 0.002027
255 0.001932
256 0.001756
257 0.001908
258 0.001980
259 0.002137
260 0.002218
261 0.002195
262 0.002132
263 0.001973
264 0.001750
265 0.001277
266 0.000917
267 0.000792
268 0.000545
269 0.000469
270 0.000571
271 0.000609
272 0.000527
273 0.000276
274 0.000402
275 0.000397
276 0.000478
277 0.000162
278 -0.000134
279 -0.000019
280 0.000107
281 0.000268
282 0.000508
283 0.000693
284 0.000738
285 0.000662
286 0.000485
287 0.000461
288 0.000754
289 0.000983
290 0.000955
291 0.000850
292 0.000805
293 0.000528
294 0.000429
295 0.000321
296 0.000476
297 0.000618
298 0.000778
299 0.000948
300 0.000946
301 0.000941
302 0.000890
303 0.000800
304 0.000890
305 0.001305
306 0.001429
307 0.001381
308 0.001162
309 0.001058
310 0.000908
311 0.000733
312 0.000646
313 0.000980
314 0.001578
315 0.001918
316 0.002298
317 0.002350
318 0.002140
319 0.001984
320 0.001787
321 0.001551
322 0.001503
323 0.001285
324 0.000930
325 0.000792
326 0.000792
327 0.000592
328 0.000223
329 0.000175
330 0.000081
331 0.000161
332 0.000298
333 0.000543
334 0.000942
335 0.001342
336 0.001483
337 0.001237
338 0.001075
339 0.000919
340 0.000588
341 0.000436
342 0.000384
343 0.000178
344 0.000173
345 0.000152
346 -0.000065
347 -0.000236
348 -0.000475
349 -0.000548
350 -0.000601
351 -0.000510
352 -0.000592
353 -0.000569
354 -0.000462
355 -0.000549
356 -0.000493
357 -0.000496
358 -0.000500
359 -0.000650
360 -0.000604
361 -0.000676
362 -0.000805
363 -0.000846
364 -0.000680
365 -0.000504
366 -0.000302
367 -0.000206
368 -0.000108
369 0.000061
370 0.000094
371 0.000257
372 0.000463
373 0.000708
374 0.000655
375 0.000638
376 0.000500
377 0.000333
378 0.000426
379 0.000573
380 0.000837
381 0.001094
382 0.001036
383 0.000995
384 0.000904
385 0.000813
386 0.000609
387 0.000713
388 0.001046
389 0.001113
390 0.000999
391 0.001011
392 0.001121
393 0.001086
394 0.001063
395 0.000926
396 0.000789
397 0.000913
398 0.001073
399 0.001053
400 0.001296
401 0.001418
402 0.001198
403 0.000774
404 0.000510
405 0.000432
406 0.000402
407 0.000299
408 0.000355
409 0.000452
410 0.000772
411 0.000980
412 0.001266
413 0.001378
414 0.001288
415 0.001202
416 0.001013
417 0.001085
418 0.001244
419 0.001397
420 0.001308
421 0.001357
422 0.001189
423 0.000970
424 0.000583
425 0.000399
426 0.000288
427 0.000228
428 0.000363
429 0.000550
430 0.000666
431 0.000646
432 0.000520
433 0.000440
434 0.000472
435 0.000594
436 0.000733
437 0.000895
438 0.000967
439 0.001013
440 0.000908
441 0.000532
442 0.000294
443 0.000326
444 0.000512
445 0.000685
446 0.000903
447 0.001215
448 0.001216
449 0.001002
450 0.000873
451 0.000931
452 0.000933
453 0.000854
454 0.000649
455 0.000478
456 0.000387
457 0.000529
458 0.000473
459 0.000532
460 0.000641
461 0.000726
462 0.000882
463 0.001171
464 0.001490
465 0.001649
466 0.001500
467 0.001226
468 0.000996
469 0.000786
470 0.000499
471 0.000259
472 0.000246
473 0.000313
474 0.000418
475 0.000543
476 0.000633
477 0.000774
478 0.000737
479 0.000557
480 0.000498
481 0.000514
482 0.000705
483 0.000733
484 0.000809
485 0.000940
486 0.001002
487 0.000984
488 0.000751
489 0.000717
490 0.000678
491 0.000572
492 0.000416
493 0.000390
494 0.000475
495 0.000474
496 0.000529
497 0.000651
498 0.000857
499 0.001011
500 0.000979
501 0.000953
502 0.000961
503 0.000945
504 0.000948
505 0.000738
506 0.000550
507 0.000420
508 0.000398
509 0.000397
510 0.000576
511 0.000788
512 0.001007
513 0.000946
514 0.000915
515 0.001031
516 0.001257
517 0.001381
518 0.001377
519 0.001360
520 0.001267
521 0.001244
522 0.001292
523 0.001303
524 0.001538
525 0.001807
526 0.002014
527 0.002048
528 0.002108
529 0.002105
530 0.001997
531 0.001675
532 0.001202
533 0.000918
534 0.000749
535 0.000742
536 0.000824
537 0.001002
538 0.001249
539 0.001285
540 0.001117
541 0.000877
542 0.000602
543 0.000378
544 0.000056
545 -0.000247
546 -0.000427
547 -0.000685
548 -0.000761
549 -0.000761
550 -0.000541
551 -0.000475
552 -0.000431
553 -0.000384
554 -0.000421
555 -0.000329
556 -0.000262
557 -0.000308
558 -0.000306
559 -0.000080
560 0.000085
561 0.000133
562 0.000134
563 0.000159
564 0.000100
565 -0.000140
566 -0.000303
567 -0.000474
568 -0.000546
569 -0.000525
570 -0.000704
571 -0.000759
572 -0.000719
573 -0.000555
574 -0.000390
575 -0.000128
576 0.000121
577 0.000375
578 0.000411
579 0.000345
580 0.000422
581 0.000398
582 0.000215
583 0.000139
584 0.000090
585 0.000059
586 0.000037
587 0.000129
588 0.000212
589 0.000260
590 0.000287
591 0.000292
592 0.000203
593 0.000211
594 0.000058
595 -0.000031
596 0.000059
597 0.000191
598 0.000324
599 0.000372
600 0.000502
601 0.000613
602 0.000625
603 0.000534
604 0.000314
605 0.000412
606 0.000399
607 0.000157
608 0.000025
609 -0.000048
610 -0.000218
611 -0.000269
612 -0.000190
613 -0.000072
614 0.000146
615 0.000267
616 0.000336
617 0.000248
618 0.000339
619 0.000380
620 0.000344
621 0.000406
622 0.000383
623 0.000510
624 0.000617
625 0.000747
626 0.000930
627 0.000983
628 0.000842
629 0.000612
630 0.000515
631 0.000480
632 0.000573
633 0.000667
634 0.000842
635 0.000868
636 0.000838
637 0.000868
638 0.000826
639 0.000907
640 0.001015
641 0.000942
642 0.000753
643 0.000616
644 0.000439
645 0.000313
646 0.000080
647 -0.000160
648 -0.000353
649 -0.000442
650 -0.000336
651 -0.000160
652 0.000058
653 0.000241
654 0.000376
655 0.000429
656 0.000490
657 0.000421
658 0.000466
659 0.000544
660 0.000414
661 0.000391
662 0.000459
663 0.000538
664 0.000569
665 0.000443
666 0.000193
667 0.000051
668 -0.000026
669 -0.000058
670 0.000034
671 0.000157
672 0.000214
673 0.000166
674 0.000201
675 0.000209
676 0.000457
677 0.000769
678 0.000906
679 0.001115
680 0.001189
681 0.001073
682 0.000886
683 0.000855
684 0.000786
685 0.000676
686 0.000652
687 0.000601
688 0.000761
689 0.001048
690 0.001249
691 0.001269
692 0.001065
693 0.000884
694 0.000759
695 0.000683
696 0.000677
697 0.000694
698 0.000710
699 0.000722
700 0.000665
701 0.000597
702 0.000634
703 0.000681
704 0.000642
705 0.000628
706 0.000632
707 0.000692
708 0.000764
709 0.000755
710 0.000708
711 0.000811
712 0.000728
713 0.000623
714 0.000712
715 0.000860
716 0.000999
717 0.001008
718 0.000955
719 0.000811
720 0.000732
721 0.000602
722 0.000353
723 0.000345
724 0.000318
725 0.000263
726 0.000386
727 0.000610
728 0.000803
729 0.000938
730 0.000883
731 0.000723
732 0.000630
733 0.000639
734 0.000784
735 0.000940
736 0.000994
737 0.001073
738 0.001013
739 0.000911
740 0.000730
741 0.000581
742 0.000460
743 0.000119
744 -0.000171
745 -0.000425
746 -0.000536
747 -0.000611
748 -0.000708
749 -0.000782
750 -0.000829
751 -0.000811
752 -0.000677
753 -0.000483
754 -0.000302
755 -0.000215
756 -0.000236
757 -0.000312
758 -0.000276
759 -0.000259
760 -0.000213
761 -0.000183
762 -0.000280
763 -0.000306
764 -0.000300
765 -0.000443
766 -0.000511
767 -0.000673
768 -0.000795
769 -0.000883
770 -0.000903
771 -0.000836
772 -0.000727
773 -0.000605
774 -0.000464
775 -0.000402
776 -0.000346
777 -0.000281
778 -0.000061
779 0.000131
780 0.000221
781 0.000180
782 0.000138
783 0.000118
784 0.000064
785 -0.000034
786 -0.000025
787 -0.000099
788 -0.000183
789 -0.000370
790 -0.000486
791 -0.000456
792 -0.000292
793 -0.000177
794 -0.000198
795 -0.000253
796 -0.000263
797 -0.000212
798 -0.000095
799 0.000052
800 0.000175
801 0.000176
802 0.000132
803 0.000044
804 0.000049
805 -0.000013
806 -0.000156
807 -0.000306
808 -0.000435
809 -0.000491
