# i correlation
1 0.017936
2 0.015310
3 0.013032
4 0.011091
5 0.009426
6 0.007881
7 0.006617
8 0.005626
9 0.004795
10 0.004182
11 0.003637
12 0.002780
13 0.002034
14 0.001502
15 0.000982
16 0.000376
17 -0.000062
18 -0.000610
19 -0.000626
20 -0.000637
21 -0.000789
22 -0.000871
23 -0.001208
24 -0.001300
25 -0.001436
26 -0.001569
27 -0.001718
28 -0.001680
29 -0.001638
30 -0.001664
31 -0.001451
32 -0.001400
33 -0.000964
34 -0.000260
35 0.000448
36 0.001095
37 0.001277
38 0.001461
39 0.001531
40 0.001438
41 0.001443
42 0.001730
43 0.001978
44 0.002321
45 0.002441
46 0.002444
47 0.002445
48 0.002328
49 0.002085
50 0.001950
51 0.001568
52 0.000925
53 0.000640
54 0.000276
55 0.000176
56 0.000068
57 -0.000178
58 -0.000363
59 -0.000597
60 -0.000955
61 -0.001018
62 -0.000886
63 -0.000954
64 -0.000953
65 -0.000819
66 -0.000977
67 -0.001400
68 -0.001694
69 -0.001610
70 -0.001257
71 -0.001244
72 -0.001163
73 -0.000935
74 -0.000612
75 -0.000157
76 0.000298
77 0.000646
78 0.001092
79 0.001584
80 0.001959
81 0.002484
82 0.002786
83 0.002924
84 0.002845
85 0.002389
86 0.002241
87 0.002139
88 0.001971
89 0.001880
90 0.001973
91 0.002089
92 0.001946
93 0.001735
94 0.001376
95 0.000918
96 0.000458
97 0.000042
98 -0.000315
99 -0.000847
100 -0.001324
101 -0.001686
102 -0.002279
103 -0.002774
104 -0.003262
105 -0.003677
106 -0.004068
107 -0.004274
108 -0.004111
109 -0.004131
110 -0.004072
111 -0.004081
112 -0.004099
113 -0.004012
114 -0.004058
115 -0.003854
116 -0.003745
117 -0.003700
118 -0.003500
119 -0.003147
120 -0.002597
121 -0.002306
122 -0.001834
123 -0.001455
124 -0.001261
125 -0.001064
126 -0.000748
127 -0.000404
128 -0.000085
129 0.000151
130 0.000391
131 0.000547
132 0.000793
133 0.001048
134 0.001442
135 0.001689
136 0.001815
137 0.001734
138 0.001530
139 0.001528
140 0.001457
141 0.001327
142 0.001347
143 0.001288
144 0.001405
145 0.001601
146 0.001693
147 0.001501
148 0.001124
149 0.000783
150 0.000389
151 -0.000094
152 -0.000295
153 -0.000538
154 -0.000591
155 -0.000828
156 -0.000789
157 -0.000856
158 -0.000810
159 -0.000981
160 -0.001210
161 -0.001250
162 -0.001418
163 -0.001384
164 -0.001027
165 -0.000609
166 -0.000003
167 0.000563
168 0.000678
169 0.001206
170 0.001779
171 0.002159
172 0.002283
173 0.002308
174 0.002190
175 0.001961
176 0.001738
177 0.001489
178 0.001228
179 0.000760
180 0.000623
181 0.000538
182 0.000431
183 0.000161
184 -0.000235
185 -0.000464
186 -0.000924
187 -0.001503
188 -0.001937
189 -0.002065
190 -0.001850
191 -0.001586
192 -0.001127
193 -0.000847
194 -0.000835
195 -0.000811
196 -0.000985
197 -0.001387
198 -0.001789
199 -0.002275
200 -0.002361
201 -0.002472
202 -0.002682
203 -0.002757
204 -0.002625
205 -0.002325
206 -0.002033
207 -0.001850
208 -0.001662
209 -0.001221
210 -0.000730
211 -0.000031
212 0.000263
213 0.000390
214 0.000780
215 0.000858
216 0.001069
217 0.001098
218 0.000931
219 0.000812
220 0.000918
221 0.000859
222 0.000698
223 0.000429
224 0.000234
225 0.000077
226 -0.000026
227 -0.000122
228 -0.000248
229 -0.000121
230 0.000077
231 0.000307
232 0.000231
233 0.000171
234 -0.000092
235 0.000084
236 0.000422
237 0.000452
238 0.000485
239 0.000570
240 0.001001
241 0.001299
242 0.001399
243 0.001399
244 0.001269
245 0.001348
246 0.001198
247 0.001353
248 0.001302
249 0.001006
250 0.000566
251 0.000299
252 0.000099
253 -0.000032
254 -0.000210
255 -0.000142
256 -0.000231
257 -0.000213
258 -0.000108
259 -0.000048
260 -0.000151
261 -0.000368
262 -0.000366
263 -0.000495
264 -0.000644
265 -0.001039
266 -0.001483
267 -0.001780
268 -0.002286
269 -0.002480
270 -0.002709
271 -0.002695
272 -0.002731
273 -0.002473
274 -0.002296
275 -0.002033
276 -0.002043
277 -0.001958
278 -0.001959
279 -0.001771
280 -0.001741
281 -0.001697
282 -0.001528
283 -0.001330
284 -0.001172
285 -0.001236
286 -0.001252
287 -0.001283
288 -0.001310
289 -0.001056
290 -0.000567
291 -0.000467
292 -0.000197
293 -0.000032
294 0.000008
295 0.000073
296 0.000048
297 0.000017
298 -0.000109
299 -0.000189
300 -0.000129
301 -0.000115
302 -0.000183
303 -0.000163
304 -0.000101
305 -0.000048
306 0.000147
307 0.000197
308 0.000036
309 -0.000244
310 -0.000573
311 -0.001018
312 -0.001383
313 -0.001622
314 -0.001755
315 -0.001797
316 -0.001883
317 -0.001762
318 -0.001633
319 -0.001458
320 -0.001436
321 -0.001442
322 -0.001336
323 -0.001468
324 -0.001656
325 -0.001917
326 -0.002123
327 -0.002301
328 -0.002191
329 -0.002104
330 -0.001890
331 -0.001816
332 -0.001730
333 -0.001927
334 -0.002071
335 -0.002043
336 -0.001750
337 -0.001340
338 -0.000896
339 -0.000300
340 0.000153
341 0.000439
342 0.000615
343 0.000827
344 0.000867
345 0.000939
346 0.000778
347 0.000481
348 0.000283
349 0.000047
350 -0.000134
351 -0.000188
352 -0.000222
353 -0.000113
354 -0.000088
355 -0.000056
356 0.000132
357 0.000172
358 0.000201
359 0.000162
360 0.000102
361 -0.000091
362 -0.000262
363 -0.000404
364 -0.000463
365 -0.000376
366 -0.000318
367 -0.000326
368 -0.000164
369 -0.000046
370 -0.000103
371 -0.000146
372 -0.000243
373 -0.000199
374 -0.000236
375 0.000144
376 0.000419
377 0.000838
378 0.001384
379 0.001679
380 0.002004
381 0.002470
382 0.002712
383 0.003118
384 0.003240
385 0.003492
386 0.003748
387 0.004121
388 0.004202
389 0.004069
390 0.003656
391 0.003195
392 0.002676
393 0.002119
394 0.001594
395 0.001155
396 0.000729
397 0.000580
398 0.000500
399 0.000263
400 0.000054
401 -0.000086
402 -0.000069
403 -0.000297
404 -0.000529
405 -0.000612
406 -0.000672
407 -0.000818
408 -0.001039
409 -0.001146
410 -0.001294
411 -0.001382
412 -0.001188
413 -0.000938
414 -0.000702
415 -0.000535
416 -0.000429
417 -0.000280
418 0.000030
419 0.000273
420 0.000387
421 0.000567
422 0.000902
423 0.001280
424 0.001410
425 0.001670
426 0.001653
427 0.001490
428 0.001220
429 0.001085
430 0.001038
431 0.001122
432 0.001091
433 0.001307
434 0.001484
435 0.001575
436 0.001876
437 0.001875
438 0.001556
439 0.001189
440 0.000925
441 0.000747
442 0.000565
443 0.000129
444 -0.000329
445 -0.000564
446 -0.000917
447 -0.001164
448 -0.001361
449 -0.001449
450 -0.001603
451 -0.001717
452 -0.001725
453 -0.001727
454 -0.001723
455 -0.001991
456 -0.002059
457 -0.002090
458 -0.002091
459 -0.001871
460 -0.001629
461 -0.001248
462 -0.000781
463 -0.000555
464 -0.000386
465 -0.000380
466 -0.000277
467 0.000004
468 0.000241
469 0.000493
470 0.000676
471 0.000911
472 0.001163
473 0.001419
474 0.001554
475 0.001555
476 0.001589
477 0.001362
478 0.001225
479 0.000941
480 0.000835
481 0.000715
482 0.000297
483 -0.000004
484 -0.000144
485 -0.000155
486 -0.000408
487 -0.000708
488 -0.000640
489 -0.000380
490 -0.000292
491 -0.000187
492 -0.000241
493 -0.000353
494 -0.000626
495 -0.000605
496 -0.000586
497 -0.000596
498 -0.000687
499 -0.000856
500 -0.000706
501 -0.000660
502 -0.000439
503 -0.000352
504 -0.000295
505 -0.000236
506 -0.000257
507 -0.000216
508 -0.000333
509 -0.000336
510 -0.000382
511 -0.000195
512 0.000151
513 0.000453
514 0.000831
515 0.001219
516 0.001432
517 0.001680
518 0.001696
519 0.001636
520 0.001643
521 0.001483
522 0.001520
523 0.001528
524 0.001648
525 0.001587
526 0.001532
527 0.001324
528 0.001141
529 0.000889
530 0.000617
531 0.000479
532 0.000445
533 0.000538
534 0.000589
535 0.000767
536 0.000869
537 0.001027
538 0.001111
539 0.000995
540 0.000643
541 0.000277
542 -0.000065
543 -0.000519
544 -0.000842
545 -0.001067
546 -0.001053
547 -0.001107
548 -0.001003
549 -0.000853
550 -0.000625
551 -0.000294
552 -0.000073
553 0.000152
554 0.000609
555 0.000920
556 0.001193
557 0.001326
558 0.001555
559 0.001761
560 0.001807
561 0.001807
562 0.001740
563 0.001616
564 0.001446
565 0.001311
566 0.000975
567 0.000866
568 0.000765
569 0.000746
570 0.000870
571 0.001023
572 0.001166
573 0.001195
574 0.001009
575 0.000882
576 0.000685
577 0.000411
578 0.000229
579 0.000279
580 0.000264
581 0.000333
582 0.000453
583 0.000575
584 0.000586
585 0.000397
586 0.000277
587 0.000153
588 0.000008
589 0.000090
590 0.000041
591 -0.000055
592 -0.000023
593 0.000072
594 0.000196
595 0.000487
596 0.000718
597 0.000857
598 0.000960
599 0.000966
600 0.000859
601 0.000804
602 0.000607
603 0.000637
604 0.000549
605 0.000486
606 0.000534
607 0.000519
608 0.000451
609 0.000388
610 0.000304
611 0.000175
612 0.000193
613 0.000063
614 -0.000138
615 -0.000176
616 0.000011
617 0.000214
618 0.000433
619 0.000535
620 0.000723
621 0.000640
622 0.000495
623 0.000180
624 -0.000161
625 -0.000456
626 -0.000539
627 -0.000597
628 -0.000655
629 -0.000640
630 -0.000622
631 -0.000535
632 -0.000385
633 -0.000160
634 -0.000029
635 -0.000037
636 -0.000215
637 -0.000101
638 -0.000102
639 0.000020
640 0.000149
641 0.000157
642 0.000180
643 0.000143
644 0.000130
645 0.000317
646 0.000563
647 0.000716
648 0.000853
649 0.000839
650 0.000735
651 0.000580
652 0.000455
653 0.000265
654 0.000348
655 0.000240
656 0.000161
657 0.000004
658 -0.000046
659 -0.000027
660 0.000012
661 0.000048
662 0.000168
663 0.000149
664 -0.000165
665 -0.000363
666 -0.000608
667 -0.000722
668 -0.000721
669 -0.000800
670 -0.000967
671 -0.001009
672 -0.001106
673 -0.001050
674 -0.001177
675 -0.001303
676 -0.001348
677 -0.001426
678 -0.001353
679 -0.001531
680 -0.001791
681 -0.001868
682 -0.001773
683 -0.001620
684 -0.001434
685 -0.001314
686 -0.001403
687 -0.001396
688 -0.001453
689 -0.001505
690 -0.001420
691 -0.001458
692 -0.001530
693 -0.001651
694 -0.001766
695 -0.001737
696 -0.001647
697 -0.001519
698 -0.001375
699 -0.001341
700 -0.001412
701 -0.001532
702 -0.001526
703 -0.001489
704 -0.001329
705 -0.001177
706 -0.001028
707 -0.000821
708 -0.000667
709 -0.000453
710 -0.000369
711 -0.000466
712 -0.000577
713 -0.000658
714 -0.000813
715 -0.000854
716 -0.000863
717 -0.000895
718 -0.000973
719 -0.000980
720 -0.001026
721 -0.001051
722 -0.001301
723 -0.001449
724 -0.001520
725 -0.001378
726 -0.001127
727 -0.000976
728 -0.000777
729 -0.000567
730 -0.000481
731 -0.000323
732 -0.000100
733 0.000043
734 0.000024
735 -0.000051
736 -0.000146
737 -0.000150
738 -0.000018
739 0.000029
740 0.000114
741 0.000133
742 0.000148
743 0.000178
744 0.000187
745 0.000069
746 -0.000004
747 -0.000090
748 -0.000143
749 -0.000087
750 -0.000101
751 -0.000071
752 -0.000022
753 0.000050
754 0.000204
755 0.000375
756 0.000323
757 0.000141
758 -0.000148
759 -0.000298
760 -0.000386
761 -0.000470
762 -0.000481
763 -0.000523
764 -0.000428
765 -0.000342
766 -0.000211
767 -0.000142
768 -0.000032
769 -0.000020
770 -0.000034
771 -0.000029
772 -0.000033
773 0.000062
774 0.000235
775 0.000410
776 0.000582
777 0.000719
778 0.000843
779 0.001001
780 0.001076
781 0.001198
782 0.001362
783 0.001401
784 0.001399
785 0.001364
786 0.001312
787 0.001314
788 0.001249
789 0.001243
790 0.001253
791 0.001237
792 0.001083
793 0.001030
794 0.000997
795 0.000997
796 0.000910
797 0.000826
798 0.000763
799 0.000698
800 0.000585
801 0.000544
802 0.000491
803 0.000481
804 0.000440
805 0.000348
806 0.000332
807 0.000318
808 0.000274
809 0.000179
