# i correlation
1 0.014043
2 0.011467
3 0.009433
4 0.007850
5 0.006697
6 0.005791
7 0.004811
8 0.003975
9 0.003325
10 0.002891
11 0.002367
12 0.001789
13 0.001313
14 0.001097
15 0.001389
16 0.001736
17 0.002025
18 0.002380
19 0.002782
20 0.003020
21 0.003238
22 0.003506
23 0.003828
24 0.003928
25 0.003796
26 0.003995
27 0.003845
28 0.003695
29 0.003155
30 0.002785
31 0.002626
32 0.002324
33 0.002140
34 0.002237
35 0.002436
36 0.002373
37 0.002227
38 0.002318
39 0.002139
40 0.001805
41 0.001737
42 0.002012
43 0.002106
44 0.002067
45 0.002110
46 0.001722
47 0.001401
48 0.001278
49 0.001371
50 0.001447
51 0.001430
52 0.001372
53 0.001910
54 0.002277
55 0.002323
56 0.002376
57 0.002438
58 0.002260
59 0.002265
60 0.002468
61 0.002884
62 0.002842
63 0.002605
64 0.002697
65 0.002382
66 0.001960
67 0.001341
68 0.000714
69 0.000249
70 0.000119
71 -0.000100
72 0.000036
73 0.000020
74 0.000109
75 0.000124
76 0.000514
77 0.000941
78 0.001112
79 0.001443
80 0.002037
81 0.002607
82 0.002802
83 0.002803
84 0.002995
85 0.003254
86 0.003051
87 0.003005
88 0.002832
89 0.002433
90 0.002169
91 0.002173
92 0.002142
93 0.001766
94 0.001377
95 0.001298
96 0.001252
97 0.001077
98 0.001070
99 0.000922
100 0.000814
101 0.000976
102 0.001131
103 0.001453
104 0.001569
105 0.001491
106 0.001709
107 0.001973
108 0.002149
109 0.002062
110 0.002076
111 0.001953
112 0.001829
113 0.001411
114 0.001221
115 0.001246
116 0.001402
117 0.001331
118 0.001729
119 0.002150
120 0.002141
121 0.002144
122 0.002233
123 0.002114
124 0.001911
125 0.001631
126 0.001296
127 0.001247
128 0.001134
129 0.001165
130 0.001417
131 0.001487
132 0.001491
133 0.001690
134 0.002011
135 0.002071
136 0.002132
137 0.002372
138 0.002514
139 0.002332
140 0.002470
141 0.002601
142 0.003135
143 0.003082
144 0.002798
145 0.002566
146 0.002387
147 0.002149
148 0.001635
149 0.000909
150 0.000355
151 -0.000283
152 -0.000569
153 -0.000734
154 -0.000605
155 -0.000595
156 -0.000655
157 -0.000467
158 -0.000472
159 -0.000579
160 -0.000592
161 -0.000451
162 0.000008
163 0.000237
164 0.000631
165 0.000903
166 0.001110
167 0.001267
168 0.001495
169 0.001419
170 0.001363
171 0.000921
172 0.000530
173 0.000031
174 -0.000183
175 -0.000381
176 -0.000498
177 -0.000579
178 -0.000847
179 -0.001121
180 -0.001041
181 -0.001161
182 -0.000991
183 -0.000733
184 -0.000437
185 -0.000396
186 -0.000488
187 -0.000343
188 -0.000557
189 -0.000766
190 -0.000820
191 -0.000820
192 -0.000792
193 -0.000647
194 -0.000633
195 -0.000394
196 -0.000358
197 -0.000329
198 -0.000047
199 -0.000004
200 0.000232
201 0.000242
202 0.000300
203 0.000196
204 -0.000124
205 -0.000530
206 -0.000760
207 -0.000716
208 -0.000722
209 -0.000719
210 -0.000773
211 -0.000995
212 -0.001364
213 -0.001594
214 -0.001714
215 -0.001614
216 -0.001787
217 -0.001771
218 -0.001541
219 -0.001144
220 -0.000859
221 -0.000796
222 -0.000614
223 -0.000512
224 -0.000356
225 -0.000020
226 0.000212
227 0.000238
228 0.000271
229 0.000024
230 -0.000394
231 -0.000762
232 -0.001217
233 -0.001644
234 -0.001900
235 -0.002098
236 -0.002306
237 -0.002556
238 -0.002630
239 -0.002864
240 -0.002707
241 -0.002293
242 -0.001978
243 -0.001520
244 -0.000976
245 -0.001027
246 -0.000806
247 -0.000972
248 -0.001072
249 -0.001017
250 -0.001045
251 -0.000704
252 -0.000439
253 -0.000442
254 -0.000701
255 -0.000725
256 -0.000802
257 -0.001010
258 -0.001192
259 -0.001175
260 -0.001160
261 -0.001157
262 -0.001101
263 -0.001190
264 -0.001065
265 -0.000693
266 -0.000578
267 -0.000668
268 -0.000778
269 -0.000933
270 -0.000964
271 -0.001149
272 -0.001341
273 -0.001730
274 -0.001770
275 -0.001676
276 -0.001343
277 -0.001289
278 -0.001347
279 -0.001201
280 -0.001014
281 -0.000839
282 -0.000604
283 -0.000598
284 -0.000632
285 -0.000694
286 -0.000675
287 -0.000585
288 -0.000671
289 -0.000616
290 -0.000737
291 -0.000908
292 -0.001194
293 -0.001527
294 -0.001646
295 -0.001893
296 -0.002234
297 -0.002235
298 -0.002208
299 -0.002029
300 -0.001621
301 -0.001425
302 -0.001229
303 -0.001110
304 -0.000732
305 -0.000361
306 -0.000161
307 -0.000043
308 0.000048
309 0.000093
310 0.000137
311 -0.000019
312 -0.000297
313 -0.000686
314 -0.001154
315 -0.001676
316 -0.001921
317 -0.002118
318 -0.001921
319 -0.001763
320 -0.001625
321 -0.001566
322 -0.001547
323 -0.001309
324 -0.001130
325 -0.000789
326 -0.000653
327 -0.000603
328 -0.000501
329 -0.000215
330 -0.000239
331 -0.000305
332 -0.000311
333 -0.000449
334 -0.000521
335 -0.000588
336 -0.000439
337 -0.000337
338 -0.000401
339 -0.000550
340 -0.000700
341 -0.000885
342 -0.000903
343 -0.000935
344 -0.000836
345 -0.000672
346 -0.000701
347 -0.000369
348 -0.000221
349 -0.000254
350 -0.000498
351 -0.000889
352 -0.001053
353 -0.001281
354 -0.001488
355 -0.001271
356 -0.001378
357 -0.001462
358 -0.001631
359 -0.001601
360 -0.001650
361 -0.001421
362 -0.001087
363 -0.000573
364 -0.000194
365 0.000146
366 -0.000002
367 -0.000070
368 -0.000141
369 -0.000318
370 -0.000338
371 -0.000189
372 -0.000175
373 -0.000146
374 -0.000267
375 -0.000467
376 -0.001077
377 -0.001449
378 -0.001537
379 -0.001732
380 -0.001816
381 -0.001788
382 -0.001679
383 -0.001549
384 -0.001251
385 -0.000988
386 -0.000675
387 -0.000588
388 -0.000556
389 -0.000387
390 0.000014
391 0.000250
392 0.000268
393 0.000431
394 0.000540
395 0.000569
396 0.000257
397 -0.000019
398 -0.000132
399 -0.000328
400 -0.000297
401 -0.000262
402 -0.000479
403 -0.000976
404 -0.001449
405 -0.001654
406 -0.001634
407 -0.001886
408 -0.001925
409 -0.001788
410 -0.001443
411 -0.001242
412 -0.000755
413 -0.000533
414 -0.000366
415 -0.000532
416 -0.000501
417 -0.000482
418 -0.000450
419 -0.000145
420 0.000030
421 0.000038
422 0.000091
423 0.000016
424 0.000030
425 0.000054
426 0.000087
427 0.000066
428 0.000229
429 0.000284
430 0.000019
431 -0.000005
432 -0.000107
433 -0.000158
434 -0.000250
435 -0.000309
436 -0.000105
437 -0.000034
438 -0.000225
439 -0.000331
440 -0.000529
441 -0.000878
442 -0.000996
443 -0.001065
444 -0.000702
445 -0.000204
446 0.000164
447 0.000590
448 0.000876
449 0.000860
450 0.000854
451 0.000845
452 0.000883
453 0.000990
454 0.001098
455 0.001270
456 0.001165
457 0.000919
458 0.000495
459 0.000315
460 0.000091
461 -0.000126
462 -0.000161
463 0.000016
464 -0.000171
465 -0.000222
466 -0.000039
467 0.000186
468 0.000347
469 0.000473
470 0.000639
471 0.000921
472 0.000997
473 0.000916
474 0.000894
475 0.000932
476 0.001233
477 0.001344
478 0.001415
479 0.001303
480 0.001127
481 0.001052
482 0.000987
483 0.000609
484 0.000341
485 0.000163
486 0.000049
487 0.000134
488 -0.000094
489 0.000023
490 0.000221
491 0.000249
492 0.000263
493 0.000375
494 0.000461
495 0.000491
496 0.000562
497 0.000775
498 0.000933
499 0.000854
500 0.000750
501 0.000730
502 0.000910
503 0.001112
504 0.001079
505 0.001217
506 0.001314
507 0.001475
508 0.001644
509 0.001908
510 0.001855
511 0.001800
512 0.001700
513 0.001728
514 0.001582
515 0.001405
516 0.001284
517 0.001269
518 0.001269
519 0.001136
520 0.001120
521 0.001236
522 0.001207
523 0.001026
524 0.001041
525 0.001006
526 0.000989
527 0.001077
528 0.001049
529 0.001355
530 0.001510
531 0.001663
532 0.002098
533 0.002278
534 0.002060
535 0.002013
536 0.001745
537 0.001485
538 0.001245
539 0.000917
540 0.000751
541 0.000633
542 0.000489
543 0.000397
544 0.000215
545 0.000156
546 0.000036
547 0.000209
548 0.000519
549 0.000619
550 0.000659
551 0.000577
552 0.000647
553 0.000629
554 0.000510
555 0.000680
556 0.000936
557 0.001147
558 0.001338
559 0.001350
560 0.001286
561 0.001158
562 0.001139
563 0.001004
564 0.001026
565 0.000902
566 0.000863
567 0.000802
568 0.000639
569 0.000565
570 0.000446
571 0.000363
572 0.000122
573 0.000026
574 -0.000002
575 -0.000020
576 -0.000218
577 -0.000361
578 -0.000369
579 -0.000521
580 -0.000536
581 -0.000587
582 -0.000474
583 -0.000181
584 0.000169
585 0.000394
586 0.000556
587 0.000774
588 0.001138
589 0.001446
590 0.001832
591 0.002040
592 0.002078
593 0.002256
594 0.002432
595 0.002357
596 0.002251
597 0.001977
598 0.001542
599 0.001396
600 0.001394
601 0.001492
602 0.001477
603 0.001348
604 0.001131
605 0.000894
606 0.000788
607 0.000594
608 0.000515
609 0.000772
610 0.000881
611 0.001123
612 0.001362
613 0.001638
614 0.001949
615 0.002065
616 0.002116
617 0.002123
618 0.002052
619 0.002060
620 0.002103
621 0.002044
622 0.001858
623 0.001639
624 0.001489
625 0.001354
626 0.001109
627 0.000865
628 0.000690
629 0.000610
630 0.000572
631 0.000551
632 0.000533
633 0.000496
634 0.000503
635 0.000454
636 0.000416
637 0.000569
638 0.000646
639 0.000945
640 0.001363
641 0.001429
642 0.001329
643 0.001201
644 0.001309
645 0.001494
646 0.001657
647 0.001847
648 0.001988
649 0.001984
650 0.002034
651 0.002034
652 0.002111
653 0.002192
654 0.002286
655 0.002382
656 0.002546
657 0.002599
658 0.002357
659 0.002109
660 0.001889
661 0.001573
662 0.001112
663 0.000919
664 0.000664
665 0.000746
666 0.000749
667 0.000689
668 0.000795
669 0.000693
670 0.000662
671 0.000688
672 0.000773
673 0.000689
674 0.000708
675 0.000906
676 0.001036
677 0.001040
678 0.001076
679 0.000985
680 0.000972
681 0.000936
682 0.000911
683 0.000731
684 0.000545
685 0.000427
686 0.000123
687 0.000036
688 0.000014
689 0.000021
690 -0.000029
691 0.000266
692 0.000412
693 0.000396
694 0.000542
695 0.000618
696 0.000693
697 0.000653
698 0.000692
699 0.000617
700 0.000566
701 0.000519
702 0.000429
703 0.000276
704 0.000315
705 0.000297
706 0.000119
707 -0.000034
708 -0.000414
709 -0.000623
710 -0.000694
711 -0.000746
712 -0.000743
713 -0.000648
714 -0.000701
715 -0.000790
716 -0.000813
717 -0.000752
718 -0.000555
719 -0.000271
720 0.000219
721 0.000440
722 0.000648
723 0.000585
724 0.000460
725 0.000463
726 0.000371
727 0.000298
728 0.000054
729 -0.000031
730 -0.000087
731 -0.000014
732 0.000098
733 0.000275
734 0.000221
735 0.000212
736 0.000288
737 0.000360
738 0.000391
739 0.000440
740 0.000509
741 0.000583
742 0.000777
743 0.000832
744 0.000832
745 0.000827
746 0.000786
747 0.000669
748 0.000549
749 0.000422
750 0.000228
751 0.000063
752 -0.000050
753 -0.000270
754 -0.000539
755 -0.000473
756 -0.000313
757 -0.000071
758 0.000185
759 0.000311
760 0.000362
761 0.000421
762 0.000527
763 0.000671
764 0.000845
765 0.000865
766 0.000804
767 0.000750
768 0.000710
769 0.000529
770 0.000363
771 0.000271
772 0.000056
773 0.000083
774 -0.000015
775 -0.000020
776 0.000073
777 0.000074
778 -0.000011
779 -0.000033
780 -0.000163
781 -0.000222
782 -0.000198
783 -0.000077
784 0.000102
785 0.000204
786 0.000463
787 0.000654
788 0.000660
789 0.000606
790 0.000640
791 0.000628
792 0.000643
793 0.000611
794 0.000526
795 0.000432
796 0.000365
797 0.000329
798 0.000298
799 0.000305
800 0.000372
801 0.000352
802 0.000261
803 0.000292
804 0.000149
805 -0.000036
806 -0.000100
807 -0.000140
808 -0.000202
809 -0.000218
