# i correlation
1 0.015302
2 0.012110
3 0.009513
4 0.007454
5 0.005636
6 0.004326
7 0.003108
8 0.002465
9 0.002184
10 0.001951
11 0.001906
12 0.001794
13 0.001598
14 0.001570
15 0.001617
16 0.001581
17 0.001517
18 0.001472
19 0.001315
20 0.001367
21 0.001194
22 0.000955
23 0.000643
24 0.000814
25 0.000857
26 0.001157
27 0.001136
28 0.000767
29 0.000077
30 -0.000235
31 -0.000331
32 -0.000614
33 -0.000896
34 -0.000820
35 -0.000524
36 0.000025
37 0.000406
38 0.000763
39 0.000985
40 0.000838
41 0.000800
42 0.000660
43 0.000284
44 -0.000095
45 -0.000506
46 -0.001059
47 -0.001571
48 -0.001807
49 -0.001937
50 -0.001607
51 -0.001391
52 -0.001183
53 -0.001103
54 -0.000987
55 -0.001026
56 -0.001111
57 -0.000960
58 -0.000654
59 -0.000127
60 -0.000005
61 -0.000049
62 -0.000025
63 0.000193
64 0.000107
65 -0.000029
66 -0.000332
67 -0.000641
68 -0.000940
69 -0.000985
70 -0.001242
71 -0.001565
72 -0.001619
73 -0.002023
74 -0.002457
75 -0.002370
76 -0.001802
77 -0.001184
78 -0.000622
79 -0.000263
80 0.000095
81 0.000058
82 0.000067
83 0.000009
84 -0.000015
85 -0.000187
86 0.000040
87 0.000078
88 -0.000199
89 -0.000029
90 0.000343
91 0.000304
92 0.000041
93 -0.000406
94 -0.001073
95 -0.001318
96 -0.001348
97 -0.001115
98 -0.000848
99 -0.000363
100 -0.000069
101 0.000070
102 0.000183
103 0.000280
104 0.000675
105 0.000215
106 -0.000219
107 -0.000725
108 -0.001192
109 -0.001585
110 -0.001571
111 -0.001587
112 -0.001516
113 -0.001524
114 -0.000966
115 -0.000217
116 0.000229
117 0.000818
118 0.001238
119 0.001397
120 0.001592
121 0.002014
122 0.001995
123 0.001681
124 0.001257
125 0.000946
126 0.000666
127 0.000597
128 0.000472
129 0.000493
130 0.000637
131 0.000751
132 0.000652
133 0.000544
134 0.000228
135 0.000203
136 0.000074
137 -0.000006
138 -0.000168
139 -0.000185
140 -0.000160
141 0.000259
142 0.000403
143 0.000325
144 0.000111
145 0.000150
146 0.000057
147 -0.000050
148 -0.000145
149 0.000014
150 -0.000244
151 -0.000406
152 -0.000467
153 -0.000679
154 -0.001060
155 -0.001712
156 -0.001925
157 -0.001693
158 -0.001556
159 -0.001320
160 -0.001144
161 -0.000716
162 -0.000237
163 0.000039
164 -0.000277
165 -0.000369
166 -0.000523
167 -0.000909
168 -0.000998
169 -0.000633
170 -0.000665
171 -0.000629
172 -0.000811
173 -0.000777
174 -0.000965
175 -0.001072
176 -0.001235
177 -0.001302
178 -0.001334
179 -0.001068
180 -0.000746
181 -0.000592
182 -0.000468
183 -0.000304
184 0.000084
185 0.000447
186 0.000760
187 0.001410
188 0.001813
189 0.001626
190 0.001449
191 0.001103
192 0.000690
193 0.000099
194 -0.000362
195 -0.000735
196 -0.000822
197 -0.000822
198 -0.000910
199 -0.000940
200 -0.000763
201 -0.000338
202 -0.000092
203 0.000095
204 0.000379
205 0.000691
206 0.000939
207 0.001071
208 0.001107
209 0.000885
210 0.000534
211 0.000472
212 0.000500
213 0.000549
214 0.000615
215 0.000416
216 0.000493
217 0.000617
218 0.000761
219 0.000869
220 0.000801
221 0.000964
222 0.000982
223 0.001143
224 0.001327
225 0.001329
226 0.001358
227 0.001306
228 0.001303
229 0.001404
230 0.001425
231 0.001327
232 0.001183
233 0.001033
234 0.000843
235 0.000638
236 0.000391
237 0.000211
238 0.000402
239 0.000857
240 0.001263
241 0.001659
242 0.001662
243 0.001658
244 0.001389
245 0.001338
246 0.001317
247 0.001184
248 0.001088
249 0.000972
250 0.000742
251 0.000853
252 0.001032
253 0.000869
254 0.000308
255 -0.000216
256 -0.000564
257 -0.000748
258 -0.001012
259 -0.001271
260 -0.001425
261 -0.001415
262 -0.001170
263 -0.000980
264 -0.000834
265 -0.000573
266 -0.000236
267 0.000310
268 0.000765
269 0.001022
270 0.000825
271 0.000289
272 -0.000238
273 -0.000832
274 -0.001263
275 -0.001901
276 -0.002276
277 -0.002172
278 -0.002090
279 -0.001899
280 -0.001728
281 -0.001795
282 -0.001961
283 -0.001706
284 -0.001429
285 -0.001553
286 -0.001597
287 -0.001376
288 -0.001216
289 -0.001041
290 -0.000717
291 -0.000539
292 -0.000538
293 -0.000648
294 -0.000814
295 -0.001106
296 -0.001290
297 -0.001800
298 -0.001971
299 -0.002500
300 -0.002606
301 -0.002586
302 -0.002217
303 -0.001558
304 -0.000853
305 -0.000411
306 -0.000093
307 0.000117
308 0.000237
309 0.000217
310 0.000351
311 0.000375
312 0.000279
313 0.000082
314 -0.000272
315 -0.000308
316 -0.000317
317 -0.000499
318 -0.000578
319 -0.000804
320 -0.000968
321 -0.001058
322 -0.000938
323 -0.000815
324 -0.000718
325 -0.000827
326 -0.000941
327 -0.001025
328 -0.000789
329 -0.000686
330 -0.000475
331 0.000011
332 0.000370
333 0.000615
334 0.000688
335 0.000499
336 0.000389
337 0.000458
338 0.000405
339 0.000327
340 0.000106
341 -0.000076
342 -0.000098
343 -0.000116
344 0.000021
345 0.000138
346 0.000336
347 0.000665
348 0.000750
349 0.001038
350 0.001165
351 0.001144
352 0.000973
353 0.001107
354 0.001161
355 0.001311
356 0.001269
357 0.001122
358 0.001009
359 0.000911
360 0.000690
361 0.000535
362 0.000228
363 -0.000084
364 -0.000416
365 -0.000799
366 -0.000881
367 -0.000594
368 -0.000372
369 -0.000050
370 0.000475
371 0.000830
372 0.000996
373 0.001319
374 0.001709
375 0.002021
376 0.002122
377 0.001675
378 0.000916
379 0.000194
380 -0.000166
381 -0.000480
382 -0.000660
383 -0.000622
384 -0.000472
385 -0.000467
386 -0.000601
387 -0.000612
388 -0.000771
389 -0.000830
390 -0.000666
391 -0.000460
392 -0.000515
393 -0.000426
394 -0.000315
395 -0.000130
396 -0.000419
397 -0.000644
398 -0.001044
399 -0.001245
400 -0.001245
401 -0.001197
402 -0.001085
403 -0.001272
404 -0.001389
405 -0.001357
406 -0.001391
407 -0.001502
408 -0.001352
409 -0.001095
410 -0.000802
411 -0.000558
412 -0.000434
413 -0.000446
414 -0.000470
415 -0.000686
416 -0.001014
417 -0.001237
418 -0.001386
419 -0.001502
420 -0.001553
421 -0.001500
422 -0.001409
423 -0.001446
424 -0.001638
425 -0.001669
426 -0.001421
427 -0.001077
428 -0.000582
429 -0.000314
430 0.000091
431 0.000556
432 0.000850
433 0.001351
434 0.001479
435 0.001572
436 0.001736
437 0.001772
438 0.001584
439 0.001619
440 0.001522
441 0.001160
442 0.000828
443 0.000432
444 -0.000185
445 -0.000541
446 -0.000903
447 -0.001065
448 -0.000891
449 -0.000627
450 -0.000810
451 -0.001110
452 -0.001055
453 -0.000657
454 -0.000285
455 -0.000185
456 -0.000325
457 -0.000449
458 -0.000623
459 -0.000419
460 -0.000348
461 -0.000388
462 -0.000489
463 -0.000354
464 -0.000180
465 -0.000034
466 -0.000009
467 0.000227
468 0.000229
469 0.000309
470 0.000168
471 0.000014
472 -0.000110
473 -0.000143
474 -0.000321
475 -0.000191
476 0.000015
477 0.000237
478 0.000273
479 0.000085
480 0.000029
481 0.000140
482 -0.000120
483 -0.000528
484 -0.000723
485 -0.000576
486 -0.000694
487 -0.000651
488 -0.000593
489 -0.000505
490 -0.000194
491 0.000169
492 0.000379
493 0.000370
494 0.000342
495 0.000306
496 0.000219
497 0.000101
498 -0.000235
499 -0.000468
500 -0.000820
501 -0.001226
502 -0.001715
503 -0.001853
504 -0.001806
505 -0.001486
506 -0.001258
507 -0.001087
508 -0.000862
509 -0.000625
510 -0.000562
511 -0.000561
512 -0.000452
513 -0.000628
514 -0.000913
515 -0.001152
516 -0.001271
517 -0.001252
518 -0.001349
519 -0.001242
520 -0.001014
521 -0.000689
522 -0.000409
523 -0.000306
524 -0.000351
525 -0.000505
526 -0.000549
527 -0.000783
528 -0.000864
529 -0.000818
530 -0.000812
531 -0.000719
532 -0.000352
533 -0.000257
534 -0.000251
535 -0.000120
536 -0.000100
537 -0.000072
538 -0.000316
539 -0.000624
540 -0.000854
541 -0.001037
542 -0.001383
543 -0.001365
544 -0.001287
545 -0.001186
546 -0.001026
547 -0.000845
548 -0.000748
549 -0.000462
550 -0.000384
551 -0.000318
552 -0.000299
553 -0.000183
554 -0.000168
555 -0.000192
556 -0.000122
557 -0.000060
558 -0.000027
559 0.000046
560 0.000199
561 0.000181
562 0.000158
563 0.000338
564 0.000585
565 0.000584
566 0.000514
567 0.000572
568 0.000538
569 0.000334
570 0.000181
571 0.000413
572 0.000595
573 0.000702
574 0.000864
575 0.001193
576 0.001404
577 0.001538
578 0.001477
579 0.001314
580 0.001357
581 0.001245
582 0.001269
583 0.001027
584 0.000835
585 0.000835
586 0.000599
587 0.000277
588 0.000164
589 0.000242
590 0.000159
591 0.000091
592 -0.000048
593 -0.000109
594 -0.000012
595 0.000141
596 0.000472
597 0.000618
598 0.000645
599 0.000758
600 0.000811
601 0.000730
602 0.000657
603 0.000504
604 0.000424
605 0.000361
606 0.000499
607 0.000595
608 0.000865
609 0.000954
610 0.000987
611 0.001030
612 0.000982
613 0.000790
614 0.000672
615 0.000429
616 0.000407
617 0.000106
618 -0.000090
619 -0.000298
620 -0.000414
621 -0.000355
622 -0.000412
623 -0.000376
624 -0.000322
625 -0.000318
626 -0.000177
627 -0.000059
628 -0.000097
629 -0.000351
630 -0.000411
631 -0.000812
632 -0.001144
633 -0.001455
634 -0.001643
635 -0.001834
636 -0.001784
637 -0.001772
638 -0.001499
639 -0.001119
640 -0.000957
641 -0.000834
642 -0.000715
643 -0.000696
644 -0.000693
645 -0.000662
646 -0.000749
647 -0.000621
648 -0.000658
649 -0.000698
650 -0.000644
651 -0.000619
652 -0.000674
653 -0.000649
654 -0.000331
655 -0.000293
656 -0.000301
657 -0.000244
658 -0.000128
659 -0.000161
660 -0.000187
661 -0.000291
662 -0.000219
663 -0.000053
664 0.000264
665 0.000548
666 0.000689
667 0.000719
668 0.000817
669 0.000966
670 0.001040
671 0.001119
672 0.001072
673 0.000949
674 0.000932
675 0.000951
676 0.000976
677 0.001002
678 0.001193
679 0.001346
680 0.001437
681 0.001429
682 0.001353
683 0.001236
684 0.001210
685 0.001114
686 0.001230
687 0.001149
688 0.001076
689 0.001056
690 0.000979
691 0.000760
692 0.000593
693 0.000463
694 0.000369
695 0.000463
696 0.000534
697 0.000574
698 0.000724
699 0.000948
700 0.001194
701 0.001484
702 0.001503
703 0.001343
704 0.001157
705 0.000953
706 0.000862
707 0.000825
708 0.000847
709 0.000727
710 0.000643
711 0.000598
712 0.000557
713 0.000427
714 0.000301
715 0.000105
716 0.000177
717 0.000377
718 0.000414
719 0.000255
720 0.000116
721 -0.000021
722 -0.000106
723 -0.000163
724 -0.000331
725 -0.000377
726 -0.000340
727 -0.000294
728 -0.000127
729 0.000084
730 0.000192
731 0.000192
732 0.000102
733 0.000040
734 -0.000007
735 -0.000218
736 -0.000389
737 -0.000373
738 -0.000178
739 -0.000186
740 -0.000067
741 -0.000112
742 -0.000217
743 -0.000213
744 -0.000179
745 -0.000090
746 -0.000061
747 -0.000027
748 -0.000016
749 0.000030
750 -0.000116
751 -0.000107
752 -0.000168
753 -0.000240
754 -0.000266
755 -0.000195
756 -0.000172
757 -0.000218
758 -0.000187
759 -0.000091
760 0.000061
761 0.000150
762 0.000139
763 -0.000075
764 -0.000206
765 -0.000288
766 -0.000468
767 -0.000598
768 -0.000629
769 -0.000548
770 -0.000503
771 -0.000462
772 -0.000475
773 -0.000517
774 -0.000606
775 -0.000672
776 -0.000687
777 -0.000622
778 -0.000662
779 -0.000661
780 -0.000616
781 -0.000562
782 -0.000498
783 -0.000456
784 -0.000362
785 -0.000187
786 -0.000036
787 0.000125
788 0.000297
789 0.000345
790 0.000437
791 0.000587
792 0.000694
793 0.000697
794 0.000585
795 0.000416
796 0.000296
797 0.000181
798 0.000159
799 0.000184
800 0.000195
801 0.000295
802 0.000291
803 0.000340
804 0.000259
805 0.000135
806 -0.000016
807 -0.000198
808 -0.000320
809 -0.000396
