# i correlation
1 0.018178
2 0.015798
3 0.013765
4 0.012080
5 0.010683
6 0.009408
7 0.008628
8 0.008024
9 0.007702
10 0.007451
11 0.006747
12 0.006259
13 0.005894
14 0.005591
15 0.005138
16 0.004396
17 0.003992
18 0.003563
19 0.003329
20 0.003269
21 0.002944
22 0.002676
23 0.002639
24 0.002473
25 0.002202
26 0.001919
27 0.001790
28 0.001399
29 0.001121
30 0.000899
31 0.000224
32 -0.000269
33 -0.000926
34 -0.001636
35 -0.002213
36 -0.002586
37 -0.003017
38 -0.003276
39 -0.003397
40 -0.003322
41 -0.003383
42 -0.003236
43 -0.002752
44 -0.002601
45 -0.002488
46 -0.002587
47 -0.002534
48 -0.002515
49 -0.002468
50 -0.002428
51 -0.002300
52 -0.002224
53 -0.001869
54 -0.001609
55 -0.001528
56 -0.001414
57 -0.001466
58 -0.001655
59 -0.001608
60 -0.001749
61 -0.001849
62 -0.001783
63 -0.001822
64 -0.001902
65 -0.001663
66 -0.001296
67 -0.001030
68 -0.000750
69 -0.000445
70 -0.000126
71 0.000110
72 0.000488
73 0.000669
74 0.000562
75 0.000797
76 0.001228
77 0.001454
78 0.001640
79 0.001741
80 0.001938
81 0.001774
82 0.002031
83 0.002470
84 0.002435
85 0.002487
86 0.002606
87 0.002585
88 0.002238
89 0.002073
90 0.002153
91 0.002321
92 0.002459
93 0.002626
94 0.002622
95 0.002640
96 0.002802
97 0.002848
98 0.002618
99 0.002636
100 0.002656
101 0.002407
102 0.002248
103 0.002008
104 0.001782
105 0.001613
106 0.001512
107 0.001522
108 0.001303
109 0.001078
110 0.000988
111 0.000749
112 0.000500
113 0.000613
114 0.000394
115 0.000153
116 -0.000099
117 -0.000450
118 -0.000691
119 -0.000552
120 -0.000534
121 -0.000714
122 -0.000847
123 -0.000987
124 -0.001188
125 -0.001228
126 -0.001031
127 -0.000728
128 -0.000544
129 -0.000359
130 -0.000221
131 -0.000210
132 -0.000493
133 -0.000859
134 -0.000900
135 -0.001208
136 -0.001207
137 -0.001456
138 -0.001490
139 -0.001088
140 -0.000946
141 -0.000795
142 -0.000644
143 -0.000461
144 -0.000507
145 -0.000507
146 -0.000540
147 -0.000765
148 -0.000748
149 -0.000394
150 -0.000132
151 0.000286
152 0.000693
153 0.000949
154 0.001256
155 0.001611
156 0.002053
157 0.001928
158 0.002143
159 0.002028
160 0.001924
161 0.001934
162 0.002145
163 0.002545
164 0.002586
165 0.002437
166 0.002538
167 0.002282
168 0.002110
169 0.002209
170 0.002449
171 0.002362
172 0.002566
173 0.002478
174 0.002455
175 0.002582
176 0.002616
177 0.002641
178 0.002686
179 0.003003
180 0.003378
181 0.003466
182 0.003400
183 0.003339
184 0.003065
185 0.002872
186 0.002677
187 0.002485
188 0.002141
189 0.001729
190 0.001559
191 0.001113
192 0.000671
193 0.000583
194 0.000267
195 0.000120
196 0.000300
197 0.000324
198 0.000360
199 0.000482
200 0.000550
201 0.000659
202 0.000665
203 0.000639
204 0.000675
205 0.000688
206 0.001000
207 0.001143
208 0.001227
209 0.001147
210 0.001305
211 0.001057
212 0.000748
213 0.000383
214 0.000091
215 -0.000212
216 -0.000580
217 -0.000498
218 -0.000370
219 -0.000308
220 -0.000335
221 -0.000392
222 -0.000303
223 -0.000310
224 -0.000244
225 -0.000214
226 -0.000028
227 0.000074
228 0.000152
229 0.000558
230 0.000875
231 0.001073
232 0.001131
233 0.001265
234 0.001514
235 0.001883
236 0.002186
237 0.002081
238 0.001959
239 0.001982
240 0.001943
241 0.001971
242 0.001892
243 0.001700
244 0.001703
245 0.001676
246 0.001712
247 0.001708
248 0.001499
249 0.001611
250 0.001578
251 0.001385
252 0.001192
253 0.000976
254 0.000810
255 0.000759
256 0.000751
257 0.000989
258 0.001455
259 0.001835
260 0.002086
261 0.002362
262 0.002522
263 0.002658
264 0.002510
265 0.002437
266 0.002346
267 0.002002
268 0.001722
269 0.001388
270 0.001044
271 0.000840
272 0.000893
273 0.000999
274 0.000892
275 0.000574
276 0.000440
277 0.000330
278 0.000083
279 -0.000047
280 -0.000286
281 -0.000589
282 -0.000707
283 -0.000337
284 -0.000167
285 -0.000102
286 -0.000197
287 -0.000198
288 -0.000262
289 -0.000492
290 -0.000679
291 -0.000997
292 -0.001195
293 -0.001354
294 -0.001531
295 -0.001617
296 -0.001663
297 -0.001327
298 -0.001222
299 -0.001382
300 -0.001613
301 -0.001558
302 -0.001412
303 -0.001298
304 -0.001305
305 -0.001254
306 -0.001036
307 -0.000930
308 -0.001205
309 -0.001168
310 -0.001114
311 -0.000859
312 -0.000613
313 -0.000350
314 -0.000029
315 0.000368
316 0.000757
317 0.001079
318 0.001037
319 0.001103
320 0.001020
321 0.000891
322 0.000586
323 0.000164
324 0.000005
325 -0.000078
326 0.000116
327 0.000245
328 0.000317
329 0.000559
330 0.000883
331 0.000955
332 0.001160
333 0.001186
334 0.001248
335 0.001350
336 0.001502
337 0.001704
338 0.002006
339 0.002355
340 0.002587
341 0.002795
342 0.002930
343 0.002950
344 0.002995
345 0.003138
346 0.003371
347 0.003198
348 0.002900
349 0.002959
350 0.002848
351 0.002545
352 0.002469
353 0.002548
354 0.002580
355 0.002595
356 0.002515
357 0.002453
358 0.002366
359 0.002490
360 0.002673
361 0.002650
362 0.002536
363 0.002508
364 0.002364
365 0.002375
366 0.002353
367 0.002125
368 0.002105
369 0.001994
370 0.001915
371 0.001682
372 0.001350
373 0.001142
374 0.000975
375 0.000736
376 0.000425
377 -0.000085
378 -0.000284
379 -0.000489
380 -0.000296
381 -0.000242
382 -0.000257
383 -0.000182
384 -0.000205
385 0.000005
386 -0.000022
387 -0.000007
388 0.000143
389 0.000326
390 0.000415
391 0.000286
392 0.000483
393 0.000647
394 0.000580
395 0.000422
396 0.000150
397 0.000176
398 0.000161
399 0.000063
400 -0.000081
401 -0.000307
402 -0.000296
403 -0.000133
404 -0.000055
405 0.000027
406 -0.000033
407 -0.000190
408 -0.000094
409 -0.000258
410 -0.000303
411 -0.000098
412 0.000268
413 0.000532
414 0.000766
415 0.000887
416 0.001085
417 0.001268
418 0.001276
419 0.001049
420 0.000767
421 0.000259
422 -0.000068
423 -0.000316
424 -0.000368
425 -0.000308
426 -0.000257
427 -0.000289
428 -0.000422
429 -0.000471
430 -0.000538
431 -0.000612
432 -0.000598
433 -0.000757
434 -0.001047
435 -0.001072
436 -0.001181
437 -0.001127
438 -0.001194
439 -0.001089
440 -0.000706
441 -0.000394
442 -0.000170
443 0.000018
444 -0.000014
445 0.000066
446 0.000298
447 0.000353
448 0.000385
449 0.000427
450 0.000386
451 0.000267
452 0.000184
453 0.000113
454 0.000150
455 0.000147
456 0.000115
457 0.000107
458 0.000092
459 0.000219
460 0.000479
461 0.000649
462 0.000734
463 0.000795
464 0.000667
465 0.000800
466 0.000658
467 0.000711
468 0.000736
469 0.000932
470 0.001024
471 0.001193
472 0.001142
473 0.001117
474 0.000715
475 0.000610
476 0.000565
477 0.000314
478 0.000210
479 0.000084
480 0.000149
481 0.000116
482 -0.000027
483 -0.000283
484 -0.000377
485 -0.000184
486 0.000022
487 -0.000035
488 -0.000104
489 -0.000264
490 -0.000317
491 -0.000308
492 -0.000629
493 -0.000713
494 -0.000571
495 -0.000281
496 0.000161
497 0.000473
498 0.000575
499 0.000717
500 0.000711
501 0.000579
502 0.000422
503 0.000357
504 0.000234
505 0.000183
506 -0.000130
507 -0.000335
508 -0.000266
509 -0.000129
510 -0.000058
511 0.000093
512 0.000272
513 0.000113
514 0.000024
515 0.000037
516 0.000212
517 0.000278
518 0.000219
519 0.000386
520 0.000435
521 0.000571
522 0.000546
523 0.000692
524 0.001002
525 0.001299
526 0.001650
527 0.001759
528 0.001604
529 0.001537
530 0.001251
531 0.001059
532 0.000802
533 0.000504
534 0.000317
535 0.000218
536 0.000318
537 0.000261
538 0.000349
539 0.000630
540 0.000815
541 0.000894
542 0.000925
543 0.000991
544 0.001152
545 0.001286
546 0.001552
547 0.001751
548 0.002001
549 0.001940
550 0.001834
551 0.001728
552 0.001449
553 0.001275
554 0.001003
555 0.000660
556 0.000673
557 0.000587
558 0.000319
559 0.000075
560 -0.000011
561 0.000052
562 0.000073
563 0.000047
564 -0.000052
565 -0.000316
566 -0.000442
567 -0.000444
568 -0.000329
569 -0.000135
570 -0.000025
571 0.000082
572 0.000228
573 0.000178
574 0.000112
575 0.000015
576 0.000111
577 0.000031
578 -0.000006
579 -0.000044
580 0.000128
581 0.000233
582 0.000300
583 0.000329
584 0.000288
585 0.000202
586 0.000123
587 -0.000058
588 -0.000068
589 -0.000030
590 0.000150
591 0.000358
592 0.000592
593 0.000762
594 0.000927
595 0.001113
596 0.001212
597 0.001259
598 0.001233
599 0.001277
600 0.001164
601 0.001077
602 0.000907
603 0.000755
604 0.000772
605 0.000680
606 0.000603
607 0.000687
608 0.000548
609 0.000549
610 0.000656
611 0.000717
612 0.000859
613 0.000888
614 0.000884
615 0.000878
616 0.001046
617 0.001153
618 0.001298
619 0.001311
620 0.001318
621 0.001345
622 0.001380
623 0.001592
624 0.001740
625 0.001882
626 0.002072
627 0.002112
628 0.001985
629 0.001985
630 0.001929
631 0.001964
632 0.001888
633 0.001915
634 0.001832
635 0.001655
636 0.001480
637 0.001256
638 0.000933
639 0.000887
640 0.000897
641 0.000898
642 0.000887
643 0.000851
644 0.000791
645 0.000548
646 0.000294
647 -0.000053
648 -0.000320
649 -0.000445
650 -0.000459
651 -0.000405
652 -0.000339
653 -0.000298
654 -0.000470
655 -0.000671
656 -0.000844
657 -0.000989
658 -0.001018
659 -0.001017
660 -0.000961
661 -0.000915
662 -0.000971
663 -0.000907
664 -0.001052
665 -0.001249
666 -0.001172
667 -0.001268
668 -0.001436
669 -0.001544
670 -0.001665
671 -0.001716
672 -0.001740
673 -0.001869
674 -0.002081
675 -0.002077
676 -0.001942
677 -0.001791
678 -0.001803
679 -0.001771
680 -0.001812
681 -0.001725
682 -0.001647
683 -0.001720
684 -0.001596
685 -0.001594
686 -0.001508
687 -0.001421
688 -0.001376
689 -0.001242
690 -0.001130
691 -0.001077
692 -0.001054
693 -0.001169
694 -0.001302
695 -0.001285
696 -0.001109
697 -0.001074
698 -0.001040
699 -0.000809
700 -0.000724
701 -0.000696
702 -0.000551
703 -0.000432
704 -0.000327
705 -0.000247
706 -0.000068
707 0.000014
708 0.000172
709 0.000448
710 0.000629
711 0.000749
712 0.000852
713 0.000807
714 0.000730
715 0.000693
716 0.000618
717 0.000507
718 0.000480
719 0.000565
720 0.000720
721 0.000711
722 0.000874
723 0.001030
724 0.001104
725 0.001115
726 0.001195
727 0.001206
728 0.001211
729 0.001304
730 0.001296
731 0.001246
732 0.001261
733 0.001331
734 0.001290
735 0.001321
736 0.001225
737 0.001128
738 0.001039
739 0.000854
740 0.000549
741 0.000197
742 -0.000007
743 -0.000020
744 -0.000023
745 -0.000029
746 0.000110
747 0.000127
748 0.000113
749 0.000158
750 0.000132
751 0.000027
752 0.000136
753 0.000239
754 0.000342
755 0.000436
756 0.000532
757 0.000589
758 0.000431
759 0.000382
760 0.000245
761 0.000188
762 0.000228
763 0.000215
764 0.000165
765 0.000099
766 0.000012
767 -0.000180
768 -0.000436
769 -0.000555
770 -0.000681
771 -0.000769
772 -0.000827
773 -0.000833
774 -0.000875
775 -0.000936
776 -0.000973
777 -0.001031
778 -0.000989
779 -0.000846
780 -0.000625
781 -0.000423
782 -0.000156
783 0.000105
784 0.000259
785 0.000272
786 0.000375
787 0.000456
788 0.000595
789 0.000657
790 0.000568
791 0.000468
792 0.000550
793 0.000539
794 0.000386
795 0.000265
796 0.000121
797 0.000110
798 0.000120
799 0.000011
800 0.000029
801 0.000075
802 0.000135
803 0.000194
804 0.000170
805 0.000271
806 0.000408
807 0.000533
808 0.000674
809 0.000713
