# i correlation
1 0.001855
2 0.001745
3 0.001665
4 0.001583
5 0.001520
6 0.001465
7 0.001411
8 0.001358
9 0.001308
10 0.001264
11 0.001225
12 0.001197
13 0.001181
14 0.001158
15 0.001138
16 0.001121
17 0.001097
18 0.001063
19 0.001039
20 0.001039
21 0.001025
22 0.001018
23 0.001005
24 0.000987
25 0.000979
26 0.000970
27 0.000961
28 0.000965
29 0.000963
30 0.000974
31 0.000961
32 0.000953
33 0.000941
34 0.000929
35 0.000919
36 0.000922
37 0.000918
38 0.000911
39 0.000916
40 0.000922
41 0.000934
42 0.000945
43 0.000951
44 0.000961
45 0.000976
46 0.000976
47 0.000980
48 0.000973
49 0.000955
50 0.000935
51 0.000908
52 0.000894
53 0.000865
54 0.000822
55 0.000792
56 0.000756
57 0.000724
58 0.000690
59 0.000672
60 0.000664
61 0.000667
62 0.000667
63 0.000668
64 0.000653
65 0.000641
66 0.000644
67 0.000633
68 0.000628
69 0.000626
70 0.000626
71 0.000626
72 0.000633
73 0.000646
74 0.000650
75 0.000666
76 0.000680
77 0.000685
78 0.000703
79 0.000714
80 0.000711
81 0.000699
82 0.000687
83 0.000692
84 0.000703
85 0.000715
86 0.000727
87 0.000723
88 0.000721
89 0.000722
90 0.000707
91 0.000708
92 0.000702
93 0.000701
94 0.000707
95 0.000697
96 0.000699
97 0.000691
98 0.000682
99 0.000673
100 0.000677
101 0.000659
102 0.000652
103 0.000647
104 0.000639
105 0.000642
106 0.000657
107 0.000659
108 0.000665
109 0.000663
110 0.000662
111 0.000657
112 0.000643
113 0.000654
114 0.000655
115 0.000657
116 0.000674
117 0.000677
118 0.000684
119 0.000698
120 0.000708
121 0.000704
122 0.000710
123 0.000716
124 0.000719
125 0.000719
126 0.000726
127 0.000721
128 0.000712
129 0.000700
130 0.000698
131 0.000689
132 0.000671
133 0.000667
134 0.000663
135 0.000669
136 0.000686
137 0.000686
138 0.000693
139 0.000705
140 0.000713
141 0.000726
142 0.000729
143 0.000724
144 0.000728
145 0.000719
146 0.000711
147 0.000703
148 0.000702
149 0.000703
150 0.000706
151 0.000713
152 0.000723
153 0.000726
154 0.000724
155 0.000726
156 0.000727
157 0.000725
158 0.000714
159 0.000719
160 0.000736
161 0.000740
162 0.000739
163 0.000748
164 0.000748
165 0.000745
166 0.000748
167 0.000758
168 0.000764
169 0.000772
170 0.000770
171 0.000759
172 0.000755
173 0.000745
174 0.000721
175 0.000702
176 0.000700
177 0.000687
178 0.000668
179 0.000656
180 0.000655
181 0.000641
182 0.000641
183 0.000644
184 0.000645
185 0.000654
186 0.000660
187 0.000664
188 0.000666
189 0.000668
190 0.000658
191 0.000652
192 0.000637
193 0.000629
194 0.000614
195 0.000589
196 0.000582
197 0.000574
198 0.000568
199 0.000567
200 0.000555
201 0.000535
202 0.000519
203 0.000500
204 0.000495
205 0.000495
206 0.000486
207 0.000468
208 0.000443
209 0.000426
210 0.000422
211 0.000424
212 0.000436
213 0.000451
214 0.000455
215 0.000463
216 0.000474
217 0.000473
218 0.000464
219 0.000466
220 0.000468
221 0.000462
222 0.000462
223 0.000450
224 0.000443
225 0.000439
226 0.000435
227 0.000444
228 0.000463
229 0.000486
230 0.000510
231 0.000523
232 0.000545
233 0.000573
234 0.000584
235 0.000606
236 0.000629
237 0.000641
238 0.000641
239 0.000639
240 0.000636
241 0.000631
242 0.000628
243 0.000622
244 0.000621
245 0.000614
246 0.000618
247 0.000619
248 0.000632
249 0.000645
