# i correlation
1 0.002132
2 0.002028
3 0.001932
4 0.001842
5 0.001774
6 0.001714
7 0.001662
8 0.001609
9 0.001572
10 0.001529
11 0.001484
12 0.001446
13 0.001409
14 0.001374
15 0.001354
16 0.001321
17 0.001310
18 0.001298
19 0.001278
20 0.001266
21 0.001254
22 0.001244
23 0.001232
24 0.001232
25 0.001224
26 0.001221
27 0.001218
28 0.001214
29 0.001213
30 0.001199
31 0.001188
32 0.001172
33 0.001145
34 0.001127
35 0.001120
36 0.001122
37 0.001113
38 0.001109
39 0.001099
40 0.001091
41 0.001094
42 0.001085
43 0.001069
44 0.001057
45 0.001052
46 0.001055
47 0.001056
48 0.001055
49 0.001056
50 0.001055
51 0.001046
52 0.001033
53 0.001032
54 0.001028
55 0.001029
56 0.001026
57 0.001011
58 0.001012
59 0.001003
60 0.001009
61 0.001007
62 0.001011
63 0.001016
64 0.001015
65 0.001024
66 0.001020
67 0.001019
68 0.001032
69 0.001037
70 0.001033
71 0.001035
72 0.001042
73 0.001031
74 0.001016
75 0.001012
76 0.001009
77 0.001020
78 0.001030
79 0.001031
80 0.001019
81 0.001006
82 0.000993
83 0.000987
84 0.000985
85 0.000982
86 0.000988
87 0.001004
88 0.001012
89 0.001021
90 0.001027
91 0.001025
92 0.001021
93 0.001002
94 0.000991
95 0.000979
96 0.000973
97 0.000970
98 0.000961
99 0.000939
100 0.000919
101 0.000911
102 0.000901
103 0.000915
104 0.000930
105 0.000947
106 0.000955
107 0.000966
108 0.000972
109 0.000978
110 0.000982
111 0.000983
112 0.000991
113 0.000995
114 0.000990
115 0.000989
116 0.000984
117 0.000977
118 0.000970
119 0.000958
120 0.000929
121 0.000907
122 0.000876
123 0.000848
124 0.000820
125 0.000810
126 0.000796
127 0.000779
128 0.000771
129 0.000759
130 0.000759
131 0.000762
132 0.000751
133 0.000748
134 0.000751
135 0.000749
136 0.000752
137 0.000752
138 0.000738
139 0.000748
140 0.000776
141 0.000778
142 0.000774
143 0.000785
144 0.000781
145 0.000790
146 0.000799
147 0.000797
148 0.000788
149 0.000772
150 0.000756
151 0.000737
152 0.000740
153 0.000737
154 0.000737
155 0.000746
156 0.000759
157 0.000778
158 0.000794
159 0.000797
160 0.000796
161 0.000799
162 0.000805
163 0.000816
164 0.000820
165 0.000822
166 0.000822
167 0.000828
168 0.000829
169 0.000825
170 0.000809
171 0.000788
172 0.000780
173 0.000765
174 0.000746
175 0.000738
176 0.000730
177 0.000729
178 0.000729
179 0.000716
180 0.000699
181 0.000697
182 0.000691
183 0.000690
184 0.000705
185 0.000713
186 0.000713
187 0.000698
188 0.000676
189 0.000658
190 0.000642
191 0.000627
192 0.000617
193 0.000622
194 0.000630
195 0.000638
196 0.000642
197 0.000636
198 0.000634
199 0.000641
200 0.000649
201 0.000662
202 0.000670
203 0.000675
204 0.000684
205 0.000684
206 0.000673
207 0.000670
208 0.000676
209 0.000669
210 0.000668
211 0.000663
212 0.000669
213 0.000672
214 0.000679
215 0.000677
216 0.000662
217 0.000649
218 0.000640
219 0.000631
220 0.000618
221 0.000619
222 0.000619
223 0.000630
224 0.000627
225 0.000633
226 0.000636
227 0.000639
228 0.000647
229 0.000658
230 0.000669
231 0.000689
232 0.000710
233 0.000723
234 0.000737
235 0.000742
236 0.000755
237 0.000765
238 0.000770
239 0.000773
240 0.000778
241 0.000771
242 0.000768
243 0.000766
244 0.000767
245 0.000755
246 0.000752
247 0.000744
248 0.000743
249 0.000754
