# i correlation
1 0.002354
2 0.002238
3 0.002152
4 0.002069
5 0.002005
6 0.001949
7 0.001901
8 0.001857
9 0.001815
10 0.001781
11 0.001742
12 0.001709
13 0.001675
14 0.001637
15 0.001606
16 0.001573
17 0.001548
18 0.001526
19 0.001493
20 0.001457
21 0.001427
22 0.001405
23 0.001391
24 0.001391
25 0.001386
26 0.001374
27 0.001348
28 0.001325
29 0.001297
30 0.001268
31 0.001250
32 0.001231
33 0.001230
34 0.001237
35 0.001227
36 0.001217
37 0.001208
38 0.001196
39 0.001180
40 0.001165
41 0.001151
42 0.001145
43 0.001145
44 0.001140
45 0.001133
46 0.001120
47 0.001107
48 0.001091
49 0.001088
50 0.001085
51 0.001085
52 0.001090
53 0.001085
54 0.001076
55 0.001070
56 0.001055
57 0.001057
58 0.001068
59 0.001077
60 0.001096
61 0.001099
62 0.001115
63 0.001127
64 0.001131
65 0.001134
66 0.001128
67 0.001131
68 0.001121
69 0.001127
70 0.001138
71 0.001149
72 0.001159
73 0.001160
74 0.001145
75 0.001127
76 0.001114
77 0.001101
78 0.001088
79 0.001070
80 0.001045
81 0.001026
82 0.001012
83 0.000997
84 0.000994
85 0.000991
86 0.000987
87 0.000970
88 0.000958
89 0.000940
90 0.000908
91 0.000888
92 0.000868
93 0.000850
94 0.000845
95 0.000854
96 0.000869
97 0.000879
98 0.000880
99 0.000871
100 0.000872
101 0.000879
102 0.000888
103 0.000901
104 0.000911
105 0.000911
106 0.000905
107 0.000901
108 0.000895
109 0.000887
110 0.000879
111 0.000870
112 0.000870
113 0.000868
114 0.000862
115 0.000853
116 0.000852
117 0.000858
118 0.000859
119 0.000864
120 0.000873
121 0.000872
122 0.000875
123 0.000869
124 0.000852
125 0.000844
126 0.000828
127 0.000817
128 0.000796
129 0.000783
130 0.000777
131 0.000772
132 0.000773
133 0.000775
134 0.000780
135 0.000772
136 0.000776
137 0.000792
138 0.000808
139 0.000813
140 0.000819
141 0.000821
142 0.000809
143 0.000794
144 0.000806
145 0.000809
146 0.000807
147 0.000810
148 0.000817
149 0.000820
150 0.000820
151 0.000817
152 0.000804
153 0.000788
154 0.000775
155 0.000764
156 0.000752
157 0.000744
158 0.000749
159 0.000744
160 0.000738
161 0.000732
162 0.000722
163 0.000705
164 0.000687
165 0.000678
166 0.000678
167 0.000683
168 0.000688
169 0.000696
170 0.000718
171 0.000732
172 0.000731
173 0.000727
174 0.000723
175 0.000722
176 0.000729
177 0.000729
178 0.000725
179 0.000727
180 0.000741
181 0.000750
182 0.000762
183 0.000772
184 0.000787
185 0.000796
186 0.000808
187 0.000817
188 0.000817
189 0.000816
190 0.000821
191 0.000816
192 0.000815
193 0.000809
194 0.000810
195 0.000807
196 0.000809
197 0.000819
198 0.000821
199 0.000830
200 0.000835
201 0.000830
202 0.000827
203 0.000824
204 0.000830
205 0.000825
206 0.000814
207 0.000812
208 0.000806
209 0.000801
210 0.000804
211 0.000799
212 0.000792
213 0.000784
214 0.000777
215 0.000771
216 0.000771
217 0.000774
218 0.000781
219 0.000778
220 0.000775
221 0.000773
222 0.000781
223 0.000786
224 0.000791
225 0.000808
226 0.000811
227 0.000808
228 0.000812
229 0.000814
230 0.000813
231 0.000801
232 0.000783
233 0.000770
234 0.000759
235 0.000746
236 0.000739
237 0.000736
238 0.000724
239 0.000713
240 0.000700
241 0.000689
242 0.000693
243 0.000707
244 0.000720
245 0.000728
246 0.000735
247 0.000744
248 0.000750
249 0.000750
