# time covered_sites
0.010000 9240.000000
0.020000 17382.000000
0.030000 24716.000000
0.040000 31034.000000
0.050000 36588.000000
0.060000 41444.000000
0.070000 45800.000000
0.080000 49402.000000
0.090000 52402.000000
0.100000 54916.000000
0.110000 57358.000000
0.120000 59300.000000
0.130000 61222.000000
0.140000 62708.000000
0.150000 64194.000000
0.160000 65366.000000
0.170000 66134.000000
0.180000 67082.000000
0.190000 67980.000000
0.200000 68746.000000
0.210000 69218.000000
0.220000 69700.000000
0.230000 69878.000000
0.240000 70464.000000
0.250000 70700.000000
0.260000 71174.000000
0.270000 71566.000000
0.280000 72002.000000
0.290000 72148.000000
0.300000 72368.000000
0.310000 72574.000000
0.320000 72622.000000
0.330000 72716.000000
0.340000 72808.000000
0.350000 73098.000000
0.360000 73308.000000
0.370000 73450.000000
0.380000 73374.000000
0.390000 73650.000000
0.400000 74006.000000
0.410000 73836.000000
0.420000 74126.000000
0.430000 74208.000000
0.440000 74534.000000
0.450000 74656.000000
0.460000 74866.000000
0.470000 74920.000000
0.480000 75002.000000
0.490000 74966.000000
0.500000 74986.000000
0.510000 75004.000000
0.520000 74922.000000
0.530000 74842.000000
0.540000 74868.000000
0.550000 74876.000000
0.560000 74972.000000
0.570000 74922.000000
0.580000 75066.000000
0.590000 75200.000000
0.600000 75104.000000
0.610000 75358.000000
0.620000 75560.000000
0.630000 75716.000000
0.640000 75604.000000
0.650000 75716.000000
0.660000 75760.000000
0.670000 75800.000000
0.680000 75742.000000
0.690000 75678.000000
0.700000 75640.000000
0.710000 75822.000000
0.720000 75816.000000
0.730000 75790.000000
0.740000 76086.000000
0.750000 76088.000000
0.760000 76142.000000
0.770000 75764.000000
0.780000 75934.000000
0.790000 75978.000000
0.800000 76058.000000
0.810000 76156.000000
0.820000 75920.000000
0.830000 76112.000000
0.840000 76274.000000
0.850000 76116.000000
0.860000 76128.000000
0.870000 76486.000000
0.880000 76434.000000
0.890000 76644.000000
0.900000 76686.000000
0.910000 76690.000000
0.920000 76734.000000
0.930000 76484.000000
0.940000 76458.000000
0.950000 76526.000000
0.960000 76678.000000
0.970000 76726.000000
0.980000 76722.000000
0.990000 76652.000000
1.000000 76656.000000
1.010000 76568.000000
1.020000 76838.000000
1.030000 76838.000000
1.040000 76808.000000
1.050000 76812.000000
1.060000 76700.000000
1.070000 76798.000000
1.080000 76676.000000
1.090000 76558.000000
1.100000 76606.000000
1.110000 76524.000000
1.120000 76660.000000
1.130000 76534.000000
1.140000 76476.000000
1.150000 76594.000000
1.160000 76728.000000
1.170000 76824.000000
1.180000 76706.000000
1.190000 76752.000000
1.200000 76664.000000
1.210000 76750.000000
1.220000 76754.000000
1.230000 76668.000000
1.240000 76498.000000
1.250000 76544.000000
1.260000 76566.000000
1.270000 76648.000000
1.280000 76514.000000
1.290000 76512.000000
1.300000 76490.000000
1.310000 76398.000000
1.320000 76622.000000
1.330000 76626.000000
1.340000 76584.000000
1.350000 76576.000000
1.360000 76674.000000
1.370000 76758.000000
1.380000 76770.000000
1.390000 76688.000000
1.400000 76708.000000
1.410000 76820.000000
1.420000 76762.000000
1.430000 76830.000000
1.440000 76982.000000
1.450000 76928.000000
1.460000 76996.000000
1.470000 76770.000000
1.480000 76682.000000
1.490000 76736.000000
1.500000 76714.000000
1.510000 76984.000000
1.520000 77128.000000
1.530000 77172.000000
1.540000 77212.000000
1.550000 77258.000000
1.560000 77154.000000
1.570000 77174.000000
1.580000 77102.000000
1.590000 76720.000000
1.600000 76586.000000
1.610000 76660.000000
1.620000 76680.000000
1.630000 76822.000000
1.640000 76714.000000
1.650000 76686.000000
1.660000 76734.000000
1.670000 76522.000000
1.680000 76498.000000
1.690000 76434.000000
1.700000 76356.000000
1.710000 76510.000000
1.720000 76446.000000
1.730000 76354.000000
1.740000 76334.000000
1.750000 76314.000000
1.760000 76314.000000
1.770000 76596.000000
1.780000 76620.000000
1.790000 76338.000000
1.800000 76298.000000
1.810000 76300.000000
1.820000 76376.000000
1.830000 76516.000000
1.840000 76398.000000
1.850000 76350.000000
1.860000 76490.000000
1.870000 76608.000000
1.880000 76588.000000
1.890000 76648.000000
1.900000 76912.000000
1.910000 76750.000000
1.920000 76620.000000
1.930000 76620.000000
1.940000 76730.000000
1.950000 76744.000000
1.960000 76654.000000
1.970000 76622.000000
1.980000 76662.000000
1.990000 76708.000000
2.000000 76790.000000
2.010000 76584.000000
2.020000 76726.000000
2.030000 76500.000000
2.040000 76676.000000
2.050000 76646.000000
2.060000 76796.000000
2.070000 76766.000000
2.080000 76782.000000
2.090000 76914.000000
2.100000 76912.000000
2.110000 76998.000000
2.120000 77032.000000
2.130000 76980.000000
2.140000 76858.000000
2.150000 76902.000000
2.160000 76952.000000
2.170000 76842.000000
2.180000 76674.000000
2.190000 76502.000000
2.200000 76608.000000
2.210000 76684.000000
2.220000 76728.000000
2.230000 76640.000000
2.240000 76654.000000
2.250000 76494.000000
2.260000 76518.000000
2.270000 76702.000000
2.280000 76764.000000
2.290000 76878.000000
2.300000 77148.000000
2.310000 77076.000000
2.320000 77082.000000
2.330000 76998.000000
2.340000 76952.000000
2.350000 76924.000000
2.360000 76916.000000
2.370000 77064.000000
2.380000 76994.000000
2.390000 76840.000000
2.400000 76818.000000
2.410000 76814.000000
2.420000 76768.000000
2.430000 76796.000000
2.440000 76890.000000
2.450000 76636.000000
2.460000 76700.000000
2.470000 76788.000000
2.480000 76680.000000
2.490000 76854.000000
2.500000 76922.000000
2.510000 76890.000000
2.520000 76732.000000
2.530000 76836.000000
2.540000 76716.000000
2.550000 76632.000000
2.560000 76928.000000
2.570000 77134.000000
2.580000 77146.000000
2.590000 77174.000000
2.600000 76962.000000
2.610000 77012.000000
2.620000 76592.000000
2.630000 76404.000000
2.640000 76578.000000
2.650000 76536.000000
2.660000 76674.000000
2.670000 76490.000000
2.680000 76642.000000
2.690000 76766.000000
2.700000 76562.000000
2.710000 76494.000000
2.720000 76770.000000
2.730000 76956.000000
2.740000 77140.000000
2.750000 77134.000000
2.760000 77266.000000
2.770000 77188.000000
2.780000 77124.000000
2.790000 77150.000000
2.800000 77174.000000
2.810000 77222.000000
2.820000 77004.000000
2.830000 76876.000000
2.840000 76844.000000
2.850000 76946.000000
2.860000 76698.000000
2.870000 76796.000000
2.880000 76526.000000
2.890000 76548.000000
2.900000 76696.000000
2.910000 76508.000000
2.920000 76274.000000
2.930000 76382.000000
2.940000 76432.000000
2.950000 76564.000000
2.960000 76620.000000
2.970000 76498.000000
2.980000 76346.000000
2.990000 76340.000000
3.000000 76172.000000
3.010000 76456.000000
3.020000 76520.000000
3.030000 76616.000000
3.040000 76598.000000
3.050000 76616.000000
3.060000 76698.000000
3.070000 76774.000000
3.080000 76888.000000
3.090000 77098.000000
3.100000 76896.000000
3.110000 76686.000000
3.120000 76982.000000
3.130000 76866.000000
3.140000 76944.000000
3.150000 77140.000000
3.160000 77156.000000
3.170000 77384.000000
3.180000 77000.000000
3.190000 77012.000000
3.200000 76942.000000
3.210000 76878.000000
3.220000 76820.000000
3.230000 76840.000000
3.240000 76654.000000
3.250000 76680.000000
3.260000 76852.000000
3.270000 76672.000000
3.280000 76620.000000
3.290000 76606.000000
3.300000 76446.000000
3.310000 76714.000000
3.320000 76734.000000
3.330000 76806.000000
3.340000 76678.000000
3.350000 76554.000000
3.360000 76738.000000
3.370000 76842.000000
3.380000 77072.000000
3.390000 76864.000000
3.400000 76890.000000
3.410000 76872.000000
3.420000 77018.000000
3.430000 77000.000000
3.440000 76894.000000
3.450000 76888.000000
3.460000 76928.000000
3.470000 76912.000000
3.480000 76570.000000
3.490000 76500.000000
3.500000 76680.000000
3.510000 76710.000000
3.520000 76814.000000
3.530000 77056.000000
3.540000 76998.000000
3.550000 76970.000000
3.560000 77212.000000
3.570000 77120.000000
3.580000 77058.000000
3.590000 77304.000000
3.600000 77190.000000
3.610000 77034.000000
3.620000 76822.000000
3.630000 77090.000000
3.640000 77294.000000
3.650000 77340.000000
3.660000 77400.000000
3.670000 77442.000000
3.680000 77354.000000
3.690000 77232.000000
3.700000 77098.000000
3.710000 77102.000000
3.720000 76948.000000
3.730000 77086.000000
3.740000 76852.000000
3.750000 76940.000000
3.760000 77010.000000
3.770000 77136.000000
3.780000 77258.000000
3.790000 77048.000000
3.800000 77068.000000
3.810000 77034.000000
3.820000 77026.000000
3.830000 76994.000000
3.840000 76956.000000
3.850000 76996.000000
3.860000 77128.000000
3.870000 77290.000000
3.880000 77372.000000
3.890000 77188.000000
3.900000 77142.000000
3.910000 77098.000000
3.920000 76958.000000
3.930000 76954.000000
3.940000 76906.000000
3.950000 76832.000000
3.960000 77028.000000
3.970000 76806.000000
3.980000 76942.000000
3.990000 76818.000000
4.000000 76742.000000
4.010000 76860.000000
4.020000 76684.000000
4.030000 76720.000000
4.040000 76656.000000
4.050000 76650.000000
4.060000 76582.000000
4.070000 76684.000000
4.080000 76768.000000
4.090000 76982.000000
4.100000 77222.000000
4.110000 77058.000000
4.120000 76980.000000
4.130000 77054.000000
4.140000 77054.000000
4.150000 77044.000000
4.160000 77198.000000
4.170000 77102.000000
4.180000 77024.000000
4.190000 76948.000000
4.200000 76952.000000
4.210000 76976.000000
4.220000 77068.000000
4.230000 76874.000000
4.240000 76944.000000
4.250000 77200.000000
4.260000 76974.000000
4.270000 77090.000000
4.280000 77280.000000
4.290000 77128.000000
4.300000 77052.000000
4.310000 77312.000000
4.320000 77392.000000
4.330000 77264.000000
4.340000 77290.000000
4.350000 77338.000000
4.360000 77188.000000
4.370000 77310.000000
4.380000 77302.000000
4.390000 77222.000000
4.400000 76982.000000
4.410000 76878.000000
4.420000 76944.000000
4.430000 77034.000000
4.440000 77062.000000
4.450000 76946.000000
4.460000 77054.000000
4.470000 76978.000000
4.480000 76850.000000
4.490000 76922.000000
4.500000 76962.000000
4.510000 76870.000000
4.520000 76940.000000
4.530000 76932.000000
4.540000 76836.000000
4.550000 76752.000000
4.560000 76700.000000
4.570000 76854.000000
4.580000 76956.000000
4.590000 76772.000000
4.600000 76946.000000
4.610000 76982.000000
4.620000 77142.000000
4.630000 77096.000000
4.640000 77178.000000
4.650000 77206.000000
4.660000 77254.000000
4.670000 77282.000000
4.680000 77298.000000
4.690000 77266.000000
4.700000 77244.000000
4.710000 77350.000000
4.720000 77158.000000
4.730000 77060.000000
4.740000 76754.000000
4.750000 77042.000000
4.760000 76968.000000
4.770000 77038.000000
4.780000 76922.000000
4.790000 76956.000000
4.800000 77124.000000
4.810000 77270.000000
4.820000 77584.000000
4.830000 77744.000000
4.840000 77826.000000
4.850000 77576.000000
4.860000 77620.000000
4.870000 77446.000000
4.880000 77684.000000
4.890000 77596.000000
4.900000 77548.000000
4.910000 77442.000000
4.920000 77452.000000
4.930000 77490.000000
4.940000 77510.000000
4.950000 77562.000000
4.960000 77644.000000
4.970000 77212.000000
4.980000 77250.000000
4.990000 77058.000000
5.000000 76994.000000
5.010000 76954.000000
5.020000 76908.000000
5.030000 76964.000000
5.040000 77016.000000
5.050000 76884.000000
5.060000 77180.000000
5.070000 77344.000000
5.080000 77434.000000
5.090000 77474.000000
5.100000 77570.000000
5.110000 77426.000000
5.120000 77372.000000
5.130000 77182.000000
5.140000 77042.000000
5.150000 77176.000000
5.160000 77028.000000
5.170000 77148.000000
5.180000 76806.000000
5.190000 76978.000000
5.200000 77156.000000
5.210000 77288.000000
5.220000 77318.000000
5.230000 77414.000000
5.240000 77334.000000
5.250000 77408.000000
5.260000 77488.000000
5.270000 77284.000000
5.280000 77392.000000
5.290000 77264.000000
5.300000 77196.000000
5.310000 77106.000000
5.320000 77198.000000
5.330000 77090.000000
5.340000 77132.000000
5.350000 77212.000000
5.360000 77208.000000
5.370000 77146.000000
5.380000 77354.000000
5.390000 77078.000000
5.400000 77156.000000
5.410000 76944.000000
5.420000 77146.000000
5.430000 77002.000000
5.440000 76972.000000
5.450000 77046.000000
5.460000 77140.000000
5.470000 77152.000000
5.480000 77238.000000
5.490000 77114.000000
5.500000 77030.000000
5.510000 76914.000000
5.520000 77016.000000
5.530000 76756.000000
5.540000 77042.000000
5.550000 77008.000000
5.560000 76904.000000
5.570000 76706.000000
5.580000 76646.000000
5.590000 76808.000000
5.600000 76842.000000
5.610000 76808.000000
5.620000 76852.000000
5.630000 77088.000000
5.640000 77060.000000
5.650000 77188.000000
5.660000 77174.000000
5.670000 77360.000000
5.680000 77320.000000
5.690000 77224.000000
5.700000 77276.000000
5.710000 77224.000000
5.720000 77110.000000
5.730000 77082.000000
5.740000 77196.000000
5.750000 77146.000000
5.760000 77150.000000
5.770000 77056.000000
5.780000 76858.000000
5.790000 77096.000000
5.800000 77092.000000
5.810000 77016.000000
5.820000 77038.000000
5.830000 76914.000000
5.840000 76894.000000
5.850000 76870.000000
5.860000 76840.000000
5.870000 76972.000000
5.880000 77252.000000
5.890000 77124.000000
5.900000 77060.000000
5.910000 77032.000000
5.920000 76840.000000
5.930000 76580.000000
5.940000 76712.000000
5.950000 76778.000000
5.960000 76818.000000
5.970000 76900.000000
5.980000 77010.000000
5.990000 77156.000000
6.000000 77284.000000
6.010000 77130.000000
6.020000 76896.000000
6.030000 76686.000000
6.040000 76602.000000
6.050000 76778.000000
6.060000 76868.000000
6.070000 76848.000000
6.080000 77050.000000
6.090000 76912.000000
6.100000 76590.000000
6.110000 76588.000000
6.120000 76564.000000
6.130000 76680.000000
6.140000 76774.000000
6.150000 76812.000000
6.160000 76716.000000
6.170000 76654.000000
6.180000 76736.000000
6.190000 76606.000000
6.200000 76794.000000
6.210000 76958.000000
6.220000 76966.000000
6.230000 76878.000000
6.240000 77130.000000
6.250000 76904.000000
6.260000 76780.000000
6.270000 76856.000000
6.280000 76964.000000
6.290000 77132.000000
6.300000 76956.000000
6.310000 76896.000000
6.320000 76910.000000
6.330000 76662.000000
6.340000 76698.000000
6.350000 76988.000000
6.360000 76926.000000
6.370000 76978.000000
6.380000 76980.000000
6.390000 76904.000000
6.400000 76910.000000
6.410000 76982.000000
6.420000 77206.000000
6.430000 77164.000000
6.440000 77058.000000
6.450000 77012.000000
6.460000 76850.000000
6.470000 77014.000000
6.480000 76960.000000
6.490000 77156.000000
6.500000 77060.000000
6.510000 77040.000000
6.520000 76912.000000
6.530000 77154.000000
6.540000 77272.000000
6.550000 77246.000000
6.560000 77208.000000
6.570000 77192.000000
6.580000 77014.000000
6.590000 76816.000000
6.600000 77088.000000
6.610000 77030.000000
6.620000 76882.000000
6.630000 76880.000000
6.640000 76796.000000
6.650000 76884.000000
6.660000 76710.000000
6.670000 76564.000000
6.680000 76636.000000
6.690000 76590.000000
6.700000 76658.000000
6.710000 76648.000000
6.720000 76846.000000
6.730000 77010.000000
6.740000 77152.000000
6.750000 77270.000000
6.760000 77218.000000
6.770000 77280.000000
6.780000 77206.000000
6.790000 77078.000000
6.800000 77154.000000
6.810000 76842.000000
6.820000 77088.000000
6.830000 76892.000000
6.840000 77150.000000
6.850000 77352.000000
6.860000 77350.000000
6.870000 77196.000000
6.880000 77168.000000
6.890000 77076.000000
6.900000 77062.000000
6.910000 77182.000000
6.920000 77146.000000
6.930000 77098.000000
6.940000 77030.000000
6.950000 76880.000000
6.960000 76946.000000
6.970000 76878.000000
6.980000 77052.000000
6.990000 77070.000000
7.000000 77144.000000
7.010000 77112.000000
7.020000 77258.000000
7.030000 77062.000000
7.040000 76898.000000
7.050000 77176.000000
7.060000 76978.000000
7.070000 77048.000000
7.080000 77124.000000
7.090000 77104.000000
7.100000 77194.000000
7.110000 77116.000000
7.120000 77098.000000
7.130000 77010.000000
7.140000 77112.000000
7.150000 77222.000000
7.160000 77254.000000
7.170000 77388.000000
7.180000 77410.000000
7.190000 77344.000000
7.200000 77376.000000
7.210000 77278.000000
7.220000 77224.000000
7.230000 77362.000000
7.240000 77202.000000
7.250000 77176.000000
7.260000 77248.000000
7.270000 77352.000000
7.280000 77302.000000
7.290000 77196.000000
7.300000 77116.000000
7.310000 77182.000000
7.320000 77350.000000
7.330000 77542.000000
7.340000 77560.000000
7.350000 77576.000000
7.360000 77456.000000
7.370000 77270.000000
7.380000 77192.000000
7.390000 77370.000000
7.400000 77446.000000
7.410000 77670.000000
7.420000 77524.000000
7.430000 77384.000000
7.440000 77474.000000
7.450000 77452.000000
7.460000 77356.000000
7.470000 77388.000000
7.480000 77394.000000
7.490000 77284.000000
7.500000 77312.000000
7.510000 77388.000000
7.520000 77324.000000
7.530000 77304.000000
7.540000 77092.000000
7.550000 77260.000000
7.560000 77150.000000
7.570000 77022.000000
7.580000 77032.000000
7.590000 76914.000000
7.600000 76856.000000
7.610000 76838.000000
7.620000 77080.000000
7.630000 77034.000000
7.640000 77140.000000
7.650000 77232.000000
7.660000 77228.000000
7.670000 77194.000000
7.680000 77134.000000
7.690000 77120.000000
7.700000 77024.000000
7.710000 77000.000000
7.720000 76968.000000
7.730000 76954.000000
7.740000 76958.000000
7.750000 76894.000000
7.760000 77102.000000
7.770000 77226.000000
7.780000 77314.000000
7.790000 77280.000000
7.800000 77118.000000
7.810000 77064.000000
7.820000 77256.000000
7.830000 77250.000000
7.840000 77288.000000
7.850000 77318.000000
7.860000 77452.000000
7.870000 77268.000000
7.880000 77088.000000
7.890000 77082.000000
7.900000 77146.000000
7.910000 77080.000000
7.920000 77074.000000
7.930000 76984.000000
7.940000 76972.000000
7.950000 76904.000000
7.960000 77010.000000
7.970000 76974.000000
7.980000 76990.000000
7.990000 77042.000000
8.000000 76764.000000
8.010000 76804.000000
8.020000 76906.000000
8.030000 77128.000000
8.040000 77470.000000
8.050000 77486.000000
8.060000 77440.000000
8.070000 77580.000000
8.080000 77696.000000
8.090000 77688.000000
8.100000 77742.000000
8.110000 77660.000000
8.120000 77542.000000
8.130000 77308.000000
8.140000 77362.000000
8.150000 77586.000000
8.160000 77454.000000
8.170000 77512.000000
8.180000 77580.000000
8.190000 77504.000000
8.200000 77272.000000
8.210000 77276.000000
8.220000 77224.000000
8.230000 77450.000000
8.240000 77364.000000
8.250000 77414.000000
8.260000 77122.000000
8.270000 76956.000000
8.280000 76968.000000
8.290000 77124.000000
8.300000 77020.000000
8.310000 77086.000000
8.320000 76986.000000
8.330000 77152.000000
8.340000 77306.000000
8.350000 77192.000000
8.360000 76714.000000
8.370000 76620.000000
8.380000 76626.000000
8.390000 76596.000000
8.400000 76732.000000
8.410000 76920.000000
8.420000 76830.000000
8.430000 76828.000000
8.440000 76934.000000
8.450000 77126.000000
8.460000 77148.000000
8.470000 77196.000000
8.480000 77204.000000
8.490000 77016.000000
8.500000 77206.000000
8.510000 77106.000000
8.520000 77240.000000
8.530000 77114.000000
8.540000 77154.000000
8.550000 76960.000000
8.560000 77084.000000
8.570000 77076.000000
8.580000 76886.000000
8.590000 76938.000000
8.600000 76866.000000
8.610000 77066.000000
8.620000 77072.000000
8.630000 77146.000000
8.640000 77112.000000
8.650000 77200.000000
8.660000 77206.000000
8.670000 77162.000000
8.680000 76952.000000
8.690000 76810.000000
8.700000 76714.000000
8.710000 76856.000000
8.720000 77144.000000
8.730000 77144.000000
8.740000 77090.000000
8.750000 77036.000000
8.760000 76868.000000
8.770000 77088.000000
8.780000 77034.000000
8.790000 77032.000000
8.800000 77034.000000
8.810000 76960.000000
8.820000 77114.000000
8.830000 77064.000000
8.840000 77182.000000
8.850000 76932.000000
8.860000 77044.000000
8.870000 77108.000000
8.880000 77262.000000
8.890000 77318.000000
8.900000 77442.000000
8.910000 77456.000000
8.920000 77450.000000
8.930000 77336.000000
8.940000 76962.000000
8.950000 76804.000000
8.960000 77062.000000
8.970000 76822.000000
8.980000 77028.000000
8.990000 77072.000000
9.000000 77152.000000
9.010000 77140.000000
9.020000 77186.000000
9.030000 77168.000000
9.040000 76986.000000
9.050000 77092.000000
9.060000 77290.000000
9.070000 77260.000000
9.080000 77292.000000
9.090000 77332.000000
9.100000 77366.000000
9.110000 77420.000000
9.120000 77236.000000
9.130000 77200.000000
9.140000 77016.000000
9.150000 77058.000000
9.160000 77034.000000
9.170000 76890.000000
9.180000 76830.000000
9.190000 76666.000000
9.200000 76926.000000
9.210000 77182.000000
9.220000 77172.000000
9.230000 77358.000000
9.240000 77552.000000
9.250000 77528.000000
9.260000 77622.000000
9.270000 77564.000000
9.280000 77512.000000
9.290000 77410.000000
9.300000 77522.000000
9.310000 77574.000000
9.320000 77402.000000
9.330000 77352.000000
9.340000 77170.000000
9.350000 77310.000000
9.360000 77412.000000
9.370000 77256.000000
9.380000 77448.000000
9.390000 77480.000000
9.400000 77418.000000
9.410000 77444.000000
9.420000 77622.000000
9.430000 77858.000000
9.440000 77820.000000
9.450000 77672.000000
9.460000 77672.000000
9.470000 77416.000000
9.480000 77468.000000
9.490000 77546.000000
9.500000 77496.000000
9.510000 77414.000000
9.520000 77600.000000
9.530000 77654.000000
9.540000 77144.000000
9.550000 77100.000000
9.560000 77354.000000
9.570000 77320.000000
9.580000 77318.000000
9.590000 77236.000000
9.600000 77122.000000
9.610000 77122.000000
9.620000 77146.000000
9.630000 77248.000000
9.640000 77368.000000
9.650000 77354.000000
9.660000 77284.000000
9.670000 77474.000000
9.680000 77434.000000
9.690000 77604.000000
9.700000 77560.000000
9.710000 77470.000000
9.720000 77426.000000
9.730000 77316.000000
9.740000 77266.000000
9.750000 77204.000000
9.760000 77336.000000
9.770000 77430.000000
9.780000 77344.000000
9.790000 77228.000000
9.800000 77104.000000
9.810000 77032.000000
9.820000 77088.000000
9.830000 77060.000000
9.840000 77104.000000
9.850000 77042.000000
9.860000 76986.000000
9.870000 77094.000000
9.880000 77100.000000
9.890000 76944.000000
9.900000 77044.000000
9.910000 77146.000000
9.920000 77068.000000
9.930000 76948.000000
9.940000 76798.000000
9.950000 76692.000000
9.960000 76730.000000
9.970000 76756.000000
9.980000 76844.000000
9.990000 76552.000000
10.000000 76610.000000
