# i correlation
1 0.001678
2 0.001632
3 0.001596
4 0.001559
5 0.001528
6 0.001509
7 0.001495
8 0.001475
9 0.001457
10 0.001439
11 0.001427
12 0.001423
13 0.001415
14 0.001403
15 0.001392
16 0.001382
17 0.001368
18 0.001355
19 0.001346
20 0.001332
21 0.001320
22 0.001312
23 0.001305
24 0.001300
25 0.001298
26 0.001294
27 0.001287
28 0.001281
29 0.001275
30 0.001267
31 0.001258
32 0.001251
33 0.001245
34 0.001242
35 0.001240
36 0.001239
37 0.001241
38 0.001240
39 0.001237
40 0.001232
41 0.001229
42 0.001227
43 0.001220
44 0.001208
45 0.001196
46 0.001185
47 0.001175
48 0.001173
49 0.001171
50 0.001169
51 0.001169
52 0.001167
53 0.001163
54 0.001158
55 0.001155
56 0.001148
57 0.001141
58 0.001130
59 0.001119
60 0.001113
61 0.001105
62 0.001101
63 0.001096
64 0.001092
65 0.001089
66 0.001084
67 0.001079
68 0.001075
69 0.001067
70 0.001059
71 0.001054
72 0.001047
73 0.001042
74 0.001033
75 0.001023
76 0.001015
77 0.001008
78 0.001004
79 0.000996
80 0.000990
81 0.000984
82 0.000977
83 0.000968
84 0.000957
85 0.000949
86 0.000944
87 0.000939
88 0.000930
89 0.000928
90 0.000926
91 0.000924
92 0.000921
93 0.000920
94 0.000914
95 0.000900
96 0.000892
97 0.000885
98 0.000880
99 0.000874
100 0.000875
101 0.000869
102 0.000863
103 0.000864
104 0.000864
105 0.000863
106 0.000864
107 0.000863
108 0.000864
109 0.000862
110 0.000855
111 0.000851
112 0.000850
113 0.000845
114 0.000842
115 0.000841
116 0.000836
117 0.000829
118 0.000823
119 0.000814
120 0.000810
121 0.000798
122 0.000784
123 0.000771
124 0.000762
125 0.000760
126 0.000759
127 0.000760
128 0.000765
129 0.000763
130 0.000761
131 0.000759
132 0.000752
133 0.000744
134 0.000735
135 0.000727
136 0.000721
137 0.000720
138 0.000719
139 0.000720
140 0.000716
141 0.000720
142 0.000724
143 0.000725
144 0.000727
145 0.000729
146 0.000730
147 0.000726
148 0.000724
149 0.000723
150 0.000722
151 0.000723
152 0.000720
153 0.000717
154 0.000718
155 0.000718
156 0.000717
157 0.000719
158 0.000720
159 0.000722
160 0.000719
161 0.000713
162 0.000706
163 0.000701
164 0.000698
165 0.000696
166 0.000695
167 0.000698
168 0.000700
169 0.000701
170 0.000701
171 0.000709
172 0.000707
173 0.000701
174 0.000700
175 0.000695
176 0.000687
177 0.000683
178 0.000680
179 0.000679
180 0.000677
181 0.000676
182 0.000672
183 0.000668
184 0.000662
185 0.000654
186 0.000648
187 0.000644
188 0.000639
189 0.000635
190 0.000637
191 0.000636
192 0.000635
193 0.000637
194 0.000640
195 0.000643
196 0.000647
197 0.000649
198 0.000653
199 0.000653
200 0.000649
201 0.000646
202 0.000642
203 0.000639
204 0.000635
205 0.000631
206 0.000625
207 0.000622
208 0.000620
209 0.000619
210 0.000617
211 0.000617
212 0.000617
213 0.000612
214 0.000613
215 0.000608
216 0.000601
217 0.000598
218 0.000599
219 0.000596
220 0.000596
221 0.000596
222 0.000595
223 0.000589
224 0.000590
225 0.000590
226 0.000585
227 0.000580
228 0.000575
229 0.000569
230 0.000565
231 0.000560
232 0.000556
233 0.000552
234 0.000549
235 0.000548
236 0.000548
237 0.000549
238 0.000548
239 0.000547
240 0.000545
241 0.000539
242 0.000538
243 0.000530
244 0.000527
245 0.000529
246 0.000531
247 0.000533
248 0.000537
249 0.000539
