# i correlation
1 0.001696
2 0.001655
3 0.001623
4 0.001596
5 0.001567
6 0.001539
7 0.001514
8 0.001489
9 0.001467
10 0.001446
11 0.001427
12 0.001413
13 0.001401
14 0.001392
15 0.001384
16 0.001376
17 0.001369
18 0.001364
19 0.001359
20 0.001352
21 0.001342
22 0.001334
23 0.001330
24 0.001325
25 0.001315
26 0.001307
27 0.001302
28 0.001298
29 0.001287
30 0.001282
31 0.001277
32 0.001273
33 0.001268
34 0.001260
35 0.001253
36 0.001246
37 0.001241
38 0.001238
39 0.001233
40 0.001227
41 0.001219
42 0.001213
43 0.001210
44 0.001204
45 0.001198
46 0.001196
47 0.001196
48 0.001190
49 0.001181
50 0.001176
51 0.001171
52 0.001164
53 0.001152
54 0.001143
55 0.001136
56 0.001133
57 0.001128
58 0.001118
59 0.001111
60 0.001104
61 0.001096
62 0.001087
63 0.001081
64 0.001076
65 0.001070
66 0.001064
67 0.001061
68 0.001060
69 0.001057
70 0.001056
71 0.001054
72 0.001047
73 0.001042
74 0.001043
75 0.001047
76 0.001049
77 0.001050
78 0.001050
79 0.001045
80 0.001038
81 0.001032
82 0.001027
83 0.001023
84 0.001016
85 0.001008
86 0.001001
87 0.000993
88 0.000990
89 0.000985
90 0.000981
91 0.000976
92 0.000973
93 0.000975
94 0.000974
95 0.000978
96 0.000979
97 0.000980
98 0.000978
99 0.000978
100 0.000977
101 0.000980
102 0.000978
103 0.000974
104 0.000965
105 0.000955
106 0.000949
107 0.000943
108 0.000941
109 0.000939
110 0.000943
111 0.000946
112 0.000949
113 0.000949
114 0.000947
115 0.000941
116 0.000940
117 0.000942
118 0.000939
119 0.000937
120 0.000935
121 0.000937
122 0.000935
123 0.000930
124 0.000924
125 0.000923
126 0.000923
127 0.000920
128 0.000916
129 0.000911
130 0.000908
131 0.000907
132 0.000902
133 0.000900
134 0.000897
135 0.000894
136 0.000890
137 0.000884
138 0.000885
139 0.000882
140 0.000883
141 0.000885
142 0.000885
143 0.000885
144 0.000886
145 0.000891
146 0.000894
147 0.000896
148 0.000894
149 0.000894
150 0.000895
151 0.000893
152 0.000891
153 0.000885
154 0.000881
155 0.000873
156 0.000867
157 0.000863
158 0.000859
159 0.000856
160 0.000854
161 0.000852
162 0.000847
163 0.000842
164 0.000840
165 0.000839
166 0.000838
167 0.000832
168 0.000831
169 0.000833
170 0.000830
171 0.000827
172 0.000824
173 0.000821
174 0.000815
175 0.000811
176 0.000804
177 0.000796
178 0.000791
179 0.000786
180 0.000779
181 0.000772
182 0.000768
183 0.000762
184 0.000756
185 0.000751
186 0.000745
187 0.000737
188 0.000733
189 0.000731
190 0.000730
191 0.000731
192 0.000728
193 0.000722
194 0.000719
195 0.000714
196 0.000711
197 0.000712
198 0.000710
199 0.000706
200 0.000698
201 0.000693
202 0.000684
203 0.000680
204 0.000677
205 0.000674
206 0.000675
207 0.000677
208 0.000679
209 0.000682
210 0.000686
211 0.000690
212 0.000694
213 0.000701
214 0.000705
215 0.000711
216 0.000714
217 0.000715
218 0.000715
219 0.000715
220 0.000714
221 0.000711
222 0.000705
223 0.000700
224 0.000696
225 0.000691
226 0.000686
227 0.000682
228 0.000681
229 0.000682
230 0.000683
231 0.000682
232 0.000676
233 0.000673
234 0.000669
235 0.000666
236 0.000661
237 0.000656
238 0.000651
239 0.000651
240 0.000650
241 0.000649
242 0.000647
243 0.000650
244 0.000654
245 0.000655
246 0.000657
247 0.000660
248 0.000662
249 0.000661
