# i correlation
1 0.001699
2 0.001655
3 0.001620
4 0.001589
5 0.001565
6 0.001544
7 0.001525
8 0.001505
9 0.001490
10 0.001480
11 0.001467
12 0.001455
13 0.001440
14 0.001428
15 0.001412
16 0.001398
17 0.001389
18 0.001378
19 0.001360
20 0.001348
21 0.001341
22 0.001335
23 0.001329
24 0.001323
25 0.001317
26 0.001309
27 0.001303
28 0.001298
29 0.001294
30 0.001287
31 0.001283
32 0.001284
33 0.001278
34 0.001276
35 0.001277
36 0.001275
37 0.001267
38 0.001256
39 0.001246
40 0.001236
41 0.001231
42 0.001222
43 0.001211
44 0.001204
45 0.001197
46 0.001192
47 0.001187
48 0.001178
49 0.001168
50 0.001156
51 0.001147
52 0.001141
53 0.001137
54 0.001131
55 0.001130
56 0.001127
57 0.001127
58 0.001126
59 0.001119
60 0.001112
61 0.001107
62 0.001104
63 0.001104
64 0.001104
65 0.001102
66 0.001099
67 0.001097
68 0.001098
69 0.001100
70 0.001096
71 0.001088
72 0.001081
73 0.001077
74 0.001069
75 0.001062
76 0.001056
77 0.001044
78 0.001036
79 0.001032
80 0.001031
81 0.001034
82 0.001035
83 0.001037
84 0.001034
85 0.001029
86 0.001024
87 0.001016
88 0.001012
89 0.001007
90 0.001005
91 0.001005
92 0.001005
93 0.001007
94 0.001004
95 0.000997
96 0.000986
97 0.000977
98 0.000971
99 0.000965
100 0.000958
101 0.000949
102 0.000945
103 0.000939
104 0.000932
105 0.000925
106 0.000921
107 0.000915
108 0.000904
109 0.000893
110 0.000888
111 0.000886
112 0.000882
113 0.000875
114 0.000865
115 0.000853
116 0.000845
117 0.000837
118 0.000830
119 0.000824
120 0.000820
121 0.000817
122 0.000816
123 0.000811
124 0.000807
125 0.000802
126 0.000794
127 0.000789
128 0.000785
129 0.000777
130 0.000773
131 0.000764
132 0.000752
133 0.000747
134 0.000742
135 0.000739
136 0.000734
137 0.000731
138 0.000727
139 0.000722
140 0.000715
141 0.000704
142 0.000696
143 0.000690
144 0.000681
145 0.000675
146 0.000668
147 0.000666
148 0.000666
149 0.000664
150 0.000661
151 0.000659
152 0.000657
153 0.000657
154 0.000660
155 0.000662
156 0.000666
157 0.000668
158 0.000667
159 0.000668
160 0.000664
161 0.000659
162 0.000656
163 0.000658
164 0.000659
165 0.000659
166 0.000658
167 0.000657
168 0.000655
169 0.000654
170 0.000657
171 0.000657
172 0.000654
173 0.000646
174 0.000636
175 0.000630
176 0.000626
177 0.000625
178 0.000623
179 0.000621
180 0.000622
181 0.000621
182 0.000619
183 0.000614
184 0.000608
185 0.000609
186 0.000608
187 0.000607
188 0.000611
189 0.000613
190 0.000611
191 0.000607
192 0.000604
193 0.000602
194 0.000600
195 0.000596
196 0.000589
197 0.000581
198 0.000579
199 0.000575
200 0.000573
201 0.000565
202 0.000561
203 0.000557
204 0.000558
205 0.000556
206 0.000556
207 0.000555
208 0.000553
209 0.000549
210 0.000545
211 0.000544
212 0.000543
213 0.000539
214 0.000537
215 0.000531
216 0.000529
217 0.000528
218 0.000528
219 0.000525
220 0.000523
221 0.000522
222 0.000523
223 0.000524
224 0.000527
225 0.000524
226 0.000524
227 0.000524
228 0.000526
229 0.000529
230 0.000531
231 0.000533
232 0.000535
233 0.000537
234 0.000538
235 0.000542
236 0.000546
237 0.000547
238 0.000548
239 0.000548
240 0.000546
241 0.000544
242 0.000541
243 0.000541
244 0.000538
245 0.000536
246 0.000539
247 0.000539
248 0.000542
249 0.000549
