# i correlation
1 0.001433
2 0.001393
3 0.001361
4 0.001336
5 0.001314
6 0.001295
7 0.001279
8 0.001265
9 0.001251
10 0.001239
11 0.001230
12 0.001219
13 0.001203
14 0.001189
15 0.001177
16 0.001162
17 0.001153
18 0.001145
19 0.001142
20 0.001136
21 0.001136
22 0.001138
23 0.001134
24 0.001128
25 0.001121
26 0.001116
27 0.001113
28 0.001109
29 0.001105
30 0.001103
31 0.001099
32 0.001093
33 0.001092
34 0.001090
35 0.001083
36 0.001074
37 0.001066
38 0.001058
39 0.001050
40 0.001044
41 0.001040
42 0.001034
43 0.001029
44 0.001024
45 0.001015
46 0.001007
47 0.000998
48 0.000991
49 0.000988
50 0.000984
51 0.000977
52 0.000969
53 0.000963
54 0.000957
55 0.000952
56 0.000947
57 0.000943
58 0.000938
59 0.000937
60 0.000938
61 0.000939
62 0.000939
63 0.000941
64 0.000941
65 0.000940
66 0.000934
67 0.000925
68 0.000920
69 0.000911
70 0.000903
71 0.000899
72 0.000898
73 0.000898
74 0.000895
75 0.000890
76 0.000881
77 0.000870
78 0.000857
79 0.000848
80 0.000839
81 0.000832
82 0.000825
83 0.000823
84 0.000823
85 0.000824
86 0.000825
87 0.000825
88 0.000823
89 0.000818
90 0.000819
91 0.000813
92 0.000810
93 0.000806
94 0.000802
95 0.000796
96 0.000791
97 0.000789
98 0.000788
99 0.000787
100 0.000787
101 0.000788
102 0.000787
103 0.000789
104 0.000791
105 0.000790
106 0.000786
107 0.000785
108 0.000783
109 0.000780
110 0.000774
111 0.000770
112 0.000769
113 0.000768
114 0.000769
115 0.000772
116 0.000771
117 0.000764
118 0.000757
119 0.000752
120 0.000743
121 0.000734
122 0.000726
123 0.000721
124 0.000715
125 0.000712
126 0.000709
127 0.000707
128 0.000706
129 0.000704
130 0.000704
131 0.000702
132 0.000697
133 0.000691
134 0.000688
135 0.000686
136 0.000684
137 0.000683
138 0.000683
139 0.000677
140 0.000669
141 0.000659
142 0.000653
143 0.000649
144 0.000646
145 0.000646
146 0.000644
147 0.000644
148 0.000648
149 0.000654
150 0.000653
151 0.000653
152 0.000652
153 0.000648
154 0.000640
155 0.000634
156 0.000631
157 0.000629
158 0.000626
159 0.000619
160 0.000617
161 0.000615
162 0.000611
163 0.000608
164 0.000607
165 0.000602
166 0.000597
167 0.000592
168 0.000588
169 0.000583
170 0.000580
171 0.000578
172 0.000577
173 0.000576
174 0.000571
175 0.000569
176 0.000568
177 0.000571
178 0.000572
179 0.000573
180 0.000573
181 0.000569
182 0.000562
183 0.000558
184 0.000554
185 0.000547
186 0.000542
187 0.000539
188 0.000541
189 0.000540
190 0.000537
191 0.000537
192 0.000538
193 0.000538
194 0.000535
195 0.000531
196 0.000526
197 0.000520
198 0.000519
199 0.000518
200 0.000521
201 0.000523
202 0.000524
203 0.000523
204 0.000522
205 0.000516
206 0.000515
207 0.000512
208 0.000510
209 0.000508
210 0.000510
211 0.000510
212 0.000511
213 0.000518
214 0.000521
215 0.000525
216 0.000528
217 0.000531
218 0.000532
219 0.000532
220 0.000534
221 0.000544
222 0.000550
223 0.000552
224 0.000554
225 0.000555
226 0.000554
227 0.000551
228 0.000550
229 0.000546
230 0.000547
231 0.000545
232 0.000546
233 0.000544
234 0.000542
235 0.000539
236 0.000536
237 0.000534
238 0.000530
239 0.000527
240 0.000524
241 0.000522
242 0.000517
243 0.000517
244 0.000515
245 0.000513
246 0.000509
247 0.000508
248 0.000505
249 0.000504
