# time covered_sites
0.010000 30680.000000
0.020000 57772.000000
0.030000 81104.000000
0.040000 101950.000000
0.050000 119552.000000
0.060000 134870.000000
0.070000 148076.000000
0.080000 159388.000000
0.090000 169334.000000
0.100000 177842.000000
0.110000 185190.000000
0.120000 191834.000000
0.130000 197680.000000
0.140000 202718.000000
0.150000 206676.000000
0.160000 210186.000000
0.170000 213816.000000
0.180000 216668.000000
0.190000 219664.000000
0.200000 222042.000000
0.210000 223842.000000
0.220000 225868.000000
0.230000 227560.000000
0.240000 229250.000000
0.250000 230506.000000
0.260000 231338.000000
0.270000 232546.000000
0.280000 232966.000000
0.290000 234116.000000
0.300000 234992.000000
0.310000 235370.000000
0.320000 235904.000000
0.330000 236142.000000
0.340000 236580.000000
0.350000 237148.000000
0.360000 238212.000000
0.370000 238576.000000
0.380000 238974.000000
0.390000 239798.000000
0.400000 239656.000000
0.410000 239744.000000
0.420000 239930.000000
0.430000 240296.000000
0.440000 240596.000000
0.450000 240320.000000
0.460000 241218.000000
0.470000 241534.000000
0.480000 241492.000000
0.490000 241480.000000
0.500000 241638.000000
0.510000 241940.000000
0.520000 241898.000000
0.530000 242204.000000
0.540000 242242.000000
0.550000 242458.000000
0.560000 243120.000000
0.570000 243250.000000
0.580000 243614.000000
0.590000 243542.000000
0.600000 243744.000000
0.610000 244048.000000
0.620000 244426.000000
0.630000 244746.000000
0.640000 244602.000000
0.650000 244776.000000
0.660000 244756.000000
0.670000 244320.000000
0.680000 243980.000000
0.690000 244086.000000
0.700000 244164.000000
0.710000 244194.000000
0.720000 244482.000000
0.730000 244682.000000
0.740000 244704.000000
0.750000 244710.000000
0.760000 244884.000000
0.770000 245058.000000
0.780000 245522.000000
0.790000 245604.000000
0.800000 244992.000000
0.810000 245488.000000
0.820000 245760.000000
0.830000 245662.000000
0.840000 245538.000000
0.850000 245668.000000
0.860000 246074.000000
0.870000 245808.000000
0.880000 245666.000000
0.890000 246022.000000
0.900000 246336.000000
0.910000 246408.000000
0.920000 246478.000000
0.930000 246786.000000
0.940000 246310.000000
0.950000 246392.000000
0.960000 246398.000000
0.970000 246468.000000
0.980000 246586.000000
0.990000 246678.000000
1.000000 246786.000000
1.010000 246834.000000
1.020000 246582.000000
1.030000 246712.000000
1.040000 246926.000000
1.050000 247060.000000
1.060000 247080.000000
1.070000 247672.000000
1.080000 247576.000000
1.090000 247212.000000
1.100000 247376.000000
1.110000 246936.000000
1.120000 246872.000000
1.130000 246642.000000
1.140000 246634.000000
1.150000 246334.000000
1.160000 246560.000000
1.170000 246852.000000
1.180000 246778.000000
1.190000 246656.000000
1.200000 246844.000000
1.210000 247382.000000
1.220000 247276.000000
1.230000 247358.000000
1.240000 247268.000000
1.250000 247572.000000
1.260000 247382.000000
1.270000 247340.000000
1.280000 247472.000000
1.290000 247874.000000
1.300000 248184.000000
1.310000 248206.000000
1.320000 248044.000000
1.330000 248060.000000
1.340000 248364.000000
1.350000 248476.000000
1.360000 248228.000000
1.370000 248574.000000
1.380000 248526.000000
1.390000 248638.000000
1.400000 248356.000000
1.410000 248630.000000
1.420000 248414.000000
1.430000 248320.000000
1.440000 248712.000000
1.450000 248966.000000
1.460000 248876.000000
1.470000 248864.000000
1.480000 248960.000000
1.490000 249016.000000
1.500000 248646.000000
1.510000 248392.000000
1.520000 248142.000000
1.530000 248074.000000
1.540000 248062.000000
1.550000 247760.000000
1.560000 247886.000000
1.570000 248380.000000
1.580000 248650.000000
1.590000 248266.000000
1.600000 248150.000000
1.610000 248160.000000
1.620000 247732.000000
1.630000 248116.000000
1.640000 248454.000000
1.650000 248572.000000
1.660000 248910.000000
1.670000 248898.000000
1.680000 248408.000000
1.690000 248486.000000
1.700000 248504.000000
1.710000 248282.000000
1.720000 248516.000000
1.730000 248458.000000
1.740000 248504.000000
1.750000 248604.000000
1.760000 248676.000000
1.770000 248772.000000
1.780000 248528.000000
1.790000 248244.000000
1.800000 248128.000000
1.810000 248292.000000
1.820000 248338.000000
1.830000 248150.000000
1.840000 247950.000000
1.850000 247770.000000
1.860000 248144.000000
1.870000 248290.000000
1.880000 248326.000000
1.890000 248640.000000
1.900000 249010.000000
1.910000 249076.000000
1.920000 248926.000000
1.930000 248796.000000
1.940000 248606.000000
1.950000 248818.000000
1.960000 248662.000000
1.970000 248786.000000
1.980000 248798.000000
1.990000 248808.000000
2.000000 248680.000000
2.010000 248698.000000
2.020000 248770.000000
2.030000 248824.000000
2.040000 249040.000000
2.050000 248992.000000
2.060000 248756.000000
2.070000 248224.000000
2.080000 248500.000000
2.090000 248452.000000
2.100000 248136.000000
2.110000 247984.000000
2.120000 248004.000000
2.130000 248228.000000
2.140000 248348.000000
2.150000 248336.000000
2.160000 248862.000000
2.170000 248842.000000
2.180000 248980.000000
2.190000 249044.000000
2.200000 249384.000000
2.210000 249510.000000
2.220000 249350.000000
2.230000 249420.000000
2.240000 249228.000000
2.250000 249446.000000
2.260000 249902.000000
2.270000 249274.000000
2.280000 249020.000000
2.290000 249206.000000
2.300000 249524.000000
2.310000 249676.000000
2.320000 249434.000000
2.330000 249344.000000
2.340000 249602.000000
2.350000 249182.000000
2.360000 249202.000000
2.370000 249184.000000
2.380000 249476.000000
2.390000 249372.000000
2.400000 249276.000000
2.410000 249452.000000
2.420000 249200.000000
2.430000 249450.000000
2.440000 248986.000000
2.450000 248820.000000
2.460000 248848.000000
2.470000 248952.000000
2.480000 248884.000000
2.490000 248756.000000
2.500000 249062.000000
2.510000 248716.000000
2.520000 248694.000000
2.530000 248242.000000
2.540000 248082.000000
2.550000 248162.000000
2.560000 248084.000000
2.570000 248326.000000
2.580000 248352.000000
2.590000 248200.000000
2.600000 248278.000000
2.610000 248308.000000
2.620000 248748.000000
2.630000 248708.000000
2.640000 248826.000000
2.650000 248594.000000
2.660000 249050.000000
2.670000 249070.000000
2.680000 249456.000000
2.690000 249814.000000
2.700000 249250.000000
2.710000 248812.000000
2.720000 249026.000000
2.730000 249074.000000
2.740000 248978.000000
2.750000 249142.000000
2.760000 248696.000000
2.770000 248782.000000
2.780000 249214.000000
2.790000 249060.000000
2.800000 248820.000000
2.810000 248788.000000
2.820000 248960.000000
2.830000 248706.000000
2.840000 248762.000000
2.850000 248784.000000
2.860000 249190.000000
2.870000 249140.000000
2.880000 249284.000000
2.890000 249342.000000
2.900000 249160.000000
2.910000 249434.000000
2.920000 249114.000000
2.930000 249082.000000
2.940000 248876.000000
2.950000 249044.000000
2.960000 249320.000000
2.970000 249664.000000
2.980000 249578.000000
2.990000 249464.000000
3.000000 249274.000000
3.010000 249542.000000
3.020000 249554.000000
3.030000 249464.000000
3.040000 249360.000000
3.050000 249252.000000
3.060000 249436.000000
3.070000 249322.000000
3.080000 249268.000000
3.090000 249152.000000
3.100000 249504.000000
3.110000 249252.000000
3.120000 249330.000000
3.130000 249388.000000
3.140000 249318.000000
3.150000 249634.000000
3.160000 249904.000000
3.170000 249532.000000
3.180000 249482.000000
3.190000 249512.000000
3.200000 249442.000000
3.210000 249458.000000
3.220000 249618.000000
3.230000 249694.000000
3.240000 249480.000000
3.250000 249614.000000
3.260000 249746.000000
3.270000 249536.000000
3.280000 249656.000000
3.290000 249910.000000
3.300000 249510.000000
3.310000 249668.000000
3.320000 249582.000000
3.330000 249654.000000
3.340000 249382.000000
3.350000 249806.000000
3.360000 249730.000000
3.370000 249750.000000
3.380000 249568.000000
3.390000 249932.000000
3.400000 250282.000000
3.410000 250042.000000
3.420000 249840.000000
3.430000 250130.000000
3.440000 249836.000000
3.450000 249826.000000
3.460000 249730.000000
3.470000 249508.000000
3.480000 249610.000000
3.490000 249702.000000
3.500000 249218.000000
3.510000 249194.000000
3.520000 249506.000000
3.530000 249002.000000
3.540000 249160.000000
3.550000 248812.000000
3.560000 248852.000000
3.570000 248644.000000
3.580000 248498.000000
3.590000 248462.000000
3.600000 248624.000000
3.610000 248922.000000
3.620000 249334.000000
3.630000 249216.000000
3.640000 249092.000000
3.650000 249354.000000
3.660000 249702.000000
3.670000 250150.000000
3.680000 249894.000000
3.690000 249704.000000
3.700000 249804.000000
3.710000 249780.000000
3.720000 249694.000000
3.730000 249602.000000
3.740000 249126.000000
3.750000 249398.000000
3.760000 249410.000000
3.770000 249186.000000
3.780000 249448.000000
3.790000 249314.000000
3.800000 249236.000000
3.810000 249640.000000
3.820000 249708.000000
3.830000 249244.000000
3.840000 249098.000000
3.850000 248926.000000
3.860000 249408.000000
3.870000 249382.000000
3.880000 249438.000000
3.890000 249196.000000
3.900000 249244.000000
3.910000 249584.000000
3.920000 249250.000000
3.930000 249632.000000
3.940000 249794.000000
3.950000 249822.000000
3.960000 249632.000000
3.970000 249752.000000
3.980000 249478.000000
3.990000 249362.000000
4.000000 249102.000000
4.010000 249168.000000
4.020000 248872.000000
4.030000 248926.000000
4.040000 248948.000000
4.050000 248902.000000
4.060000 248928.000000
4.070000 249136.000000
4.080000 249166.000000
4.090000 249186.000000
4.100000 249308.000000
4.110000 249082.000000
4.120000 248896.000000
4.130000 249114.000000
4.140000 248938.000000
4.150000 248972.000000
4.160000 249044.000000
4.170000 249434.000000
4.180000 249340.000000
4.190000 249280.000000
4.200000 249100.000000
4.210000 249070.000000
4.220000 249170.000000
4.230000 249274.000000
4.240000 249298.000000
4.250000 249652.000000
4.260000 249736.000000
4.270000 249746.000000
4.280000 249552.000000
4.290000 249900.000000
4.300000 249642.000000
4.310000 249690.000000
4.320000 249786.000000
4.330000 249320.000000
4.340000 249278.000000
4.350000 249222.000000
4.360000 248886.000000
4.370000 248854.000000
4.380000 249168.000000
4.390000 249184.000000
4.400000 249020.000000
4.410000 249074.000000
4.420000 249220.000000
4.430000 249250.000000
4.440000 249446.000000
4.450000 249736.000000
4.460000 249994.000000
4.470000 250012.000000
4.480000 249948.000000
4.490000 250212.000000
4.500000 249860.000000
4.510000 249724.000000
4.520000 250150.000000
4.530000 250160.000000
4.540000 250050.000000
4.550000 249702.000000
4.560000 249560.000000
4.570000 250174.000000
4.580000 250230.000000
4.590000 249952.000000
4.600000 249704.000000
4.610000 249930.000000
4.620000 249850.000000
4.630000 249830.000000
4.640000 249918.000000
4.650000 249828.000000
4.660000 249976.000000
4.670000 249594.000000
4.680000 249140.000000
4.690000 248736.000000
4.700000 248872.000000
4.710000 249054.000000
4.720000 249266.000000
4.730000 249602.000000
4.740000 249732.000000
4.750000 249864.000000
4.760000 249478.000000
4.770000 249320.000000
4.780000 249416.000000
4.790000 249448.000000
4.800000 249390.000000
4.810000 249500.000000
4.820000 249664.000000
4.830000 249770.000000
4.840000 249812.000000
4.850000 250152.000000
4.860000 249946.000000
4.870000 249846.000000
4.880000 250056.000000
4.890000 250088.000000
4.900000 249764.000000
4.910000 249430.000000
4.920000 249776.000000
4.930000 249470.000000
4.940000 249572.000000
4.950000 249762.000000
4.960000 250026.000000
4.970000 249812.000000
4.980000 250052.000000
4.990000 250176.000000
5.000000 250178.000000
5.010000 249930.000000
5.020000 249966.000000
5.030000 249548.000000
5.040000 249386.000000
5.050000 249590.000000
5.060000 249116.000000
5.070000 249058.000000
5.080000 248782.000000
5.090000 249124.000000
5.100000 249516.000000
5.110000 249798.000000
5.120000 249566.000000
5.130000 249362.000000
5.140000 249254.000000
5.150000 249208.000000
5.160000 249634.000000
5.170000 249354.000000
5.180000 249238.000000
5.190000 249276.000000
5.200000 249012.000000
5.210000 249288.000000
5.220000 249364.000000
5.230000 248906.000000
5.240000 248914.000000
5.250000 248938.000000
5.260000 249130.000000
5.270000 249646.000000
5.280000 249784.000000
5.290000 249904.000000
5.300000 250112.000000
5.310000 250044.000000
5.320000 250296.000000
5.330000 250312.000000
5.340000 250120.000000
5.350000 249694.000000
5.360000 249870.000000
5.370000 249634.000000
5.380000 249700.000000
5.390000 249770.000000
5.400000 249752.000000
5.410000 249742.000000
5.420000 249924.000000
5.430000 249588.000000
5.440000 249658.000000
5.450000 249584.000000
5.460000 249682.000000
5.470000 249964.000000
5.480000 250144.000000
5.490000 250406.000000
5.500000 250328.000000
5.510000 250422.000000
5.520000 250460.000000
5.530000 250516.000000
5.540000 250602.000000
5.550000 250758.000000
5.560000 250504.000000
5.570000 250226.000000
5.580000 249790.000000
5.590000 249806.000000
5.600000 249764.000000
5.610000 249720.000000
5.620000 249582.000000
5.630000 249388.000000
5.640000 249384.000000
5.650000 249732.000000
5.660000 249540.000000
5.670000 249620.000000
5.680000 249926.000000
5.690000 250330.000000
5.700000 249902.000000
5.710000 250276.000000
5.720000 250248.000000
5.730000 250206.000000
5.740000 250024.000000
5.750000 250372.000000
5.760000 250156.000000
5.770000 250016.000000
5.780000 250204.000000
5.790000 250228.000000
5.800000 250274.000000
5.810000 250090.000000
5.820000 250082.000000
5.830000 250100.000000
5.840000 250058.000000
5.850000 250202.000000
5.860000 250064.000000
5.870000 249968.000000
5.880000 249850.000000
5.890000 249768.000000
5.900000 249428.000000
5.910000 249516.000000
5.920000 249720.000000
5.930000 249904.000000
5.940000 250180.000000
5.950000 249662.000000
5.960000 250292.000000
5.970000 250242.000000
5.980000 250276.000000
5.990000 249998.000000
6.000000 249878.000000
6.010000 249930.000000
6.020000 249852.000000
6.030000 249530.000000
6.040000 249764.000000
6.050000 249634.000000
6.060000 249580.000000
6.070000 249798.000000
6.080000 249932.000000
6.090000 249580.000000
6.100000 249352.000000
6.110000 249320.000000
6.120000 249596.000000
6.130000 249846.000000
6.140000 249910.000000
6.150000 250084.000000
6.160000 250108.000000
6.170000 250370.000000
6.180000 250206.000000
6.190000 250148.000000
6.200000 249594.000000
6.210000 249722.000000
6.220000 249444.000000
6.230000 249624.000000
6.240000 249812.000000
6.250000 249714.000000
6.260000 249444.000000
6.270000 249548.000000
6.280000 249270.000000
6.290000 249796.000000
6.300000 249786.000000
6.310000 249802.000000
6.320000 249702.000000
6.330000 250382.000000
6.340000 250252.000000
6.350000 249968.000000
6.360000 249484.000000
6.370000 249670.000000
6.380000 249752.000000
6.390000 250032.000000
6.400000 249904.000000
6.410000 249812.000000
6.420000 249888.000000
6.430000 249530.000000
6.440000 249706.000000
6.450000 249856.000000
6.460000 249790.000000
6.470000 249042.000000
6.480000 249202.000000
6.490000 249226.000000
6.500000 249104.000000
6.510000 248632.000000
6.520000 248242.000000
6.530000 248520.000000
6.540000 248608.000000
6.550000 248672.000000
6.560000 248528.000000
6.570000 248636.000000
6.580000 248772.000000
6.590000 249138.000000
6.600000 249792.000000
6.610000 249624.000000
6.620000 249746.000000
6.630000 250064.000000
6.640000 250054.000000
6.650000 249996.000000
6.660000 250166.000000
6.670000 250188.000000
6.680000 250194.000000
6.690000 249900.000000
6.700000 249498.000000
6.710000 249774.000000
6.720000 249822.000000
6.730000 249506.000000
6.740000 249346.000000
6.750000 249290.000000
6.760000 249286.000000
6.770000 249430.000000
6.780000 249410.000000
6.790000 249670.000000
6.800000 249912.000000
6.810000 249904.000000
6.820000 250036.000000
6.830000 250148.000000
6.840000 250182.000000
6.850000 250320.000000
6.860000 249886.000000
6.870000 250060.000000
6.880000 250082.000000
6.890000 250132.000000
6.900000 249642.000000
6.910000 249952.000000
6.920000 249718.000000
6.930000 249606.000000
6.940000 249806.000000
6.950000 249222.000000
6.960000 249068.000000
6.970000 249084.000000
6.980000 249120.000000
6.990000 249372.000000
7.000000 249476.000000
7.010000 249766.000000
7.020000 249634.000000
7.030000 249452.000000
7.040000 249442.000000
7.050000 249948.000000
7.060000 249798.000000
7.070000 250180.000000
7.080000 250166.000000
7.090000 250090.000000
7.100000 250062.000000
7.110000 250036.000000
7.120000 250184.000000
7.130000 250358.000000
7.140000 250116.000000
7.150000 250158.000000
7.160000 249942.000000
7.170000 250142.000000
7.180000 249872.000000
7.190000 250156.000000
7.200000 249802.000000
7.210000 249770.000000
7.220000 249642.000000
7.230000 249742.000000
7.240000 249478.000000
7.250000 249784.000000
7.260000 249788.000000
7.270000 249778.000000
7.280000 249884.000000
7.290000 249952.000000
7.300000 249822.000000
7.310000 249414.000000
7.320000 249548.000000
7.330000 249606.000000
7.340000 249230.000000
7.350000 249526.000000
7.360000 249584.000000
7.370000 249568.000000
7.380000 249642.000000
7.390000 249744.000000
7.400000 249818.000000
7.410000 249608.000000
7.420000 249672.000000
7.430000 249930.000000
7.440000 249910.000000
7.450000 249448.000000
7.460000 249788.000000
7.470000 250400.000000
7.480000 250320.000000
7.490000 250048.000000
7.500000 250180.000000
7.510000 250566.000000
7.520000 250634.000000
7.530000 250898.000000
7.540000 250618.000000
7.550000 250380.000000
7.560000 250286.000000
7.570000 250056.000000
7.580000 249922.000000
7.590000 249860.000000
7.600000 250226.000000
7.610000 250582.000000
7.620000 251008.000000
7.630000 250582.000000
7.640000 250268.000000
7.650000 249874.000000
7.660000 249776.000000
7.670000 249574.000000
7.680000 249568.000000
7.690000 249560.000000
7.700000 249448.000000
7.710000 249810.000000
7.720000 249630.000000
7.730000 249622.000000
7.740000 249532.000000
7.750000 249772.000000
7.760000 249500.000000
7.770000 249450.000000
7.780000 249144.000000
7.790000 248782.000000
7.800000 248798.000000
7.810000 248958.000000
7.820000 249270.000000
7.830000 249552.000000
7.840000 249412.000000
7.850000 249806.000000
7.860000 249712.000000
7.870000 249736.000000
7.880000 249476.000000
7.890000 249290.000000
7.900000 249304.000000
7.910000 249214.000000
7.920000 249262.000000
7.930000 249608.000000
7.940000 249360.000000
7.950000 249464.000000
7.960000 249386.000000
7.970000 249692.000000
7.980000 250088.000000
7.990000 250194.000000
8.000000 250344.000000
8.010000 250270.000000
8.020000 250604.000000
8.030000 250372.000000
8.040000 250238.000000
8.050000 250220.000000
8.060000 250084.000000
8.070000 250304.000000
8.080000 249964.000000
8.090000 250134.000000
8.100000 250128.000000
8.110000 250206.000000
8.120000 249928.000000
8.130000 250256.000000
8.140000 250186.000000
8.150000 250342.000000
8.160000 250614.000000
8.170000 250538.000000
8.180000 250374.000000
8.190000 250382.000000
8.200000 250600.000000
8.210000 250328.000000
8.220000 249980.000000
8.230000 250054.000000
8.240000 250354.000000
8.250000 250602.000000
8.260000 250284.000000
8.270000 250396.000000
8.280000 250446.000000
8.290000 250888.000000
8.300000 250658.000000
8.310000 250052.000000
8.320000 250318.000000
8.330000 250388.000000
8.340000 250444.000000
8.350000 250418.000000
8.360000 250292.000000
8.370000 250550.000000
8.380000 250268.000000
8.390000 250266.000000
8.400000 251030.000000
8.410000 250686.000000
8.420000 250378.000000
8.430000 250488.000000
8.440000 250450.000000
8.450000 250870.000000
8.460000 250858.000000
8.470000 250684.000000
8.480000 250490.000000
8.490000 250268.000000
8.500000 250118.000000
8.510000 250164.000000
8.520000 250572.000000
8.530000 250468.000000
8.540000 250520.000000
8.550000 250018.000000
8.560000 249790.000000
8.570000 249926.000000
8.580000 250148.000000
8.590000 249670.000000
8.600000 249936.000000
8.610000 250302.000000
8.620000 250204.000000
8.630000 250536.000000
8.640000 250484.000000
8.650000 250094.000000
8.660000 250244.000000
8.670000 250036.000000
8.680000 249982.000000
8.690000 249858.000000
8.700000 249516.000000
8.710000 249642.000000
8.720000 249682.000000
8.730000 249414.000000
8.740000 250050.000000
8.750000 250012.000000
8.760000 250212.000000
8.770000 249928.000000
8.780000 249450.000000
8.790000 249396.000000
8.800000 249020.000000
8.810000 249308.000000
8.820000 249924.000000
8.830000 249856.000000
8.840000 249328.000000
8.850000 249616.000000
8.860000 249176.000000
8.870000 248778.000000
8.880000 248768.000000
8.890000 249222.000000
8.900000 249168.000000
8.910000 249110.000000
8.920000 248968.000000
8.930000 248912.000000
8.940000 249064.000000
8.950000 249208.000000
8.960000 249192.000000
8.970000 249404.000000
8.980000 249754.000000
8.990000 249714.000000
9.000000 249570.000000
9.010000 249780.000000
9.020000 250010.000000
9.030000 249704.000000
9.040000 249704.000000
9.050000 249776.000000
9.060000 249860.000000
9.070000 249792.000000
9.080000 249952.000000
9.090000 249734.000000
9.100000 249268.000000
9.110000 249058.000000
9.120000 249146.000000
9.130000 249454.000000
9.140000 249394.000000
9.150000 249392.000000
9.160000 249198.000000
9.170000 249272.000000
9.180000 249616.000000
9.190000 249288.000000
9.200000 249684.000000
9.210000 249612.000000
9.220000 249456.000000
9.230000 249418.000000
9.240000 249428.000000
9.250000 249542.000000
9.260000 249974.000000
9.270000 249916.000000
9.280000 249856.000000
9.290000 250104.000000
9.300000 250406.000000
9.310000 249850.000000
9.320000 249476.000000
9.330000 249556.000000
9.340000 249202.000000
9.350000 249116.000000
9.360000 249444.000000
9.370000 249532.000000
9.380000 249388.000000
9.390000 250080.000000
9.400000 250270.000000
9.410000 249952.000000
9.420000 250420.000000
9.430000 250606.000000
9.440000 250598.000000
9.450000 250920.000000
9.460000 250884.000000
9.470000 251210.000000
9.480000 250670.000000
9.490000 250452.000000
9.500000 250130.000000
9.510000 249936.000000
9.520000 250104.000000
9.530000 249890.000000
9.540000 250540.000000
9.550000 250594.000000
9.560000 250346.000000
9.570000 250404.000000
9.580000 250506.000000
9.590000 250574.000000
9.600000 250106.000000
9.610000 250406.000000
9.620000 250284.000000
9.630000 249968.000000
9.640000 249878.000000
9.650000 249668.000000
9.660000 249516.000000
9.670000 249312.000000
9.680000 249252.000000
9.690000 249672.000000
9.700000 249782.000000
9.710000 249914.000000
9.720000 249868.000000
9.730000 249864.000000
9.740000 249620.000000
9.750000 249446.000000
9.760000 249544.000000
9.770000 249516.000000
9.780000 249886.000000
9.790000 249996.000000
9.800000 249778.000000
9.810000 249584.000000
9.820000 250076.000000
9.830000 250252.000000
9.840000 249836.000000
9.850000 249928.000000
9.860000 249904.000000
9.870000 249938.000000
9.880000 249568.000000
9.890000 250048.000000
9.900000 250402.000000
9.910000 250484.000000
9.920000 250670.000000
9.930000 250398.000000
9.940000 250226.000000
9.950000 250460.000000
9.960000 250610.000000
9.970000 250746.000000
9.980000 250294.000000
9.990000 250216.000000
10.000000 250182.000000
