# time covered_sites
0.010000 30542.000000
0.020000 57476.000000
0.030000 80784.000000
0.040000 101406.000000
0.050000 119736.000000
0.060000 134986.000000
0.070000 148558.000000
0.080000 160090.000000
0.090000 169886.000000
0.100000 178674.000000
0.110000 186074.000000
0.120000 192650.000000
0.130000 198258.000000
0.140000 203036.000000
0.150000 207402.000000
0.160000 210938.000000
0.170000 214630.000000
0.180000 217350.000000
0.190000 219974.000000
0.200000 221936.000000
0.210000 224044.000000
0.220000 225872.000000
0.230000 227406.000000
0.240000 228268.000000
0.250000 229280.000000
0.260000 230150.000000
0.270000 231046.000000
0.280000 232276.000000
0.290000 233596.000000
0.300000 234030.000000
0.310000 234850.000000
0.320000 235406.000000
0.330000 235948.000000
0.340000 236216.000000
0.350000 236956.000000
0.360000 237366.000000
0.370000 237728.000000
0.380000 238368.000000
0.390000 238636.000000
0.400000 238998.000000
0.410000 239002.000000
0.420000 239464.000000
0.430000 240058.000000
0.440000 240074.000000
0.450000 240670.000000
0.460000 241150.000000
0.470000 241286.000000
0.480000 241710.000000
0.490000 242268.000000
0.500000 242282.000000
0.510000 242598.000000
0.520000 242882.000000
0.530000 243338.000000
0.540000 242910.000000
0.550000 243430.000000
0.560000 243600.000000
0.570000 243672.000000
0.580000 243978.000000
0.590000 244268.000000
0.600000 244424.000000
0.610000 244648.000000
0.620000 244340.000000
0.630000 244088.000000
0.640000 244022.000000
0.650000 244184.000000
0.660000 244166.000000
0.670000 243982.000000
0.680000 244100.000000
0.690000 243914.000000
0.700000 244264.000000
0.710000 244512.000000
0.720000 244514.000000
0.730000 244614.000000
0.740000 244840.000000
0.750000 245252.000000
0.760000 245126.000000
0.770000 245380.000000
0.780000 245278.000000
0.790000 245368.000000
0.800000 245710.000000
0.810000 245740.000000
0.820000 245708.000000
0.830000 245730.000000
0.840000 245492.000000
0.850000 245686.000000
0.860000 245924.000000
0.870000 246272.000000
0.880000 246442.000000
0.890000 246202.000000
0.900000 246296.000000
0.910000 246190.000000
0.920000 246356.000000
0.930000 246726.000000
0.940000 246626.000000
0.950000 246906.000000
0.960000 246828.000000
0.970000 246890.000000
0.980000 246978.000000
0.990000 247174.000000
1.000000 247226.000000
1.010000 247106.000000
1.020000 247378.000000
1.030000 247488.000000
1.040000 247710.000000
1.050000 247700.000000
1.060000 248010.000000
1.070000 248160.000000
1.080000 248028.000000
1.090000 247824.000000
1.100000 247850.000000
1.110000 247580.000000
1.120000 247608.000000
1.130000 247830.000000
1.140000 247738.000000
1.150000 247756.000000
1.160000 247928.000000
1.170000 247814.000000
1.180000 248038.000000
1.190000 248030.000000
1.200000 248026.000000
1.210000 248016.000000
1.220000 248028.000000
1.230000 247762.000000
1.240000 248114.000000
1.250000 247912.000000
1.260000 248048.000000
1.270000 247676.000000
1.280000 247230.000000
1.290000 247240.000000
1.300000 247660.000000
1.310000 247746.000000
1.320000 248182.000000
1.330000 247968.000000
1.340000 247832.000000
1.350000 247882.000000
1.360000 248136.000000
1.370000 248176.000000
1.380000 247908.000000
1.390000 248020.000000
1.400000 248082.000000
1.410000 247818.000000
1.420000 247942.000000
1.430000 248042.000000
1.440000 247964.000000
1.450000 247950.000000
1.460000 248096.000000
1.470000 248550.000000
1.480000 248306.000000
1.490000 248016.000000
1.500000 248224.000000
1.510000 248520.000000
1.520000 248762.000000
1.530000 248342.000000
1.540000 248810.000000
1.550000 248544.000000
1.560000 248490.000000
1.570000 248526.000000
1.580000 248630.000000
1.590000 248544.000000
1.600000 248226.000000
1.610000 248266.000000
1.620000 248236.000000
1.630000 248274.000000
1.640000 248330.000000
1.650000 247962.000000
1.660000 248366.000000
1.670000 248420.000000
1.680000 248756.000000
1.690000 248844.000000
1.700000 248512.000000
1.710000 248520.000000
1.720000 248584.000000
1.730000 248570.000000
1.740000 248112.000000
1.750000 248174.000000
1.760000 248594.000000
1.770000 248530.000000
1.780000 248554.000000
1.790000 248380.000000
1.800000 248162.000000
1.810000 248312.000000
1.820000 248686.000000
1.830000 248480.000000
1.840000 248522.000000
1.850000 248338.000000
1.860000 248270.000000
1.870000 248172.000000
1.880000 247832.000000
1.890000 248182.000000
1.900000 248352.000000
1.910000 248006.000000
1.920000 247772.000000
1.930000 247764.000000
1.940000 247852.000000
1.950000 247510.000000
1.960000 247604.000000
1.970000 247186.000000
1.980000 247156.000000
1.990000 247344.000000
2.000000 247260.000000
2.010000 247696.000000
2.020000 247796.000000
2.030000 248120.000000
2.040000 248262.000000
2.050000 248518.000000
2.060000 248496.000000
2.070000 248468.000000
2.080000 248632.000000
2.090000 248934.000000
2.100000 248682.000000
2.110000 248882.000000
2.120000 248908.000000
2.130000 248920.000000
2.140000 248720.000000
2.150000 248504.000000
2.160000 248606.000000
2.170000 248562.000000
2.180000 248710.000000
2.190000 248510.000000
2.200000 248832.000000
2.210000 248708.000000
2.220000 248968.000000
2.230000 249188.000000
2.240000 249206.000000
2.250000 248780.000000
2.260000 248646.000000
2.270000 248918.000000
2.280000 249394.000000
2.290000 249246.000000
2.300000 249336.000000
2.310000 249414.000000
2.320000 249396.000000
2.330000 249512.000000
2.340000 249502.000000
2.350000 249368.000000
2.360000 249448.000000
2.370000 249382.000000
2.380000 249772.000000
2.390000 249790.000000
2.400000 250074.000000
2.410000 250098.000000
2.420000 249954.000000
2.430000 249704.000000
2.440000 249898.000000
2.450000 249594.000000
2.460000 249422.000000
2.470000 249238.000000
2.480000 249202.000000
2.490000 249044.000000
2.500000 248692.000000
2.510000 248818.000000
2.520000 248948.000000
2.530000 248832.000000
2.540000 249066.000000
2.550000 248542.000000
2.560000 248588.000000
2.570000 248952.000000
2.580000 249122.000000
2.590000 249058.000000
2.600000 249184.000000
2.610000 249220.000000
2.620000 249268.000000
2.630000 249302.000000
2.640000 249204.000000
2.650000 249228.000000
2.660000 249196.000000
2.670000 249380.000000
2.680000 249474.000000
2.690000 249430.000000
2.700000 249622.000000
2.710000 249722.000000
2.720000 249394.000000
2.730000 249278.000000
2.740000 249430.000000
2.750000 249436.000000
2.760000 249988.000000
2.770000 249624.000000
2.780000 249484.000000
2.790000 249270.000000
2.800000 249350.000000
2.810000 249540.000000
2.820000 249544.000000
2.830000 249552.000000
2.840000 249968.000000
2.850000 250060.000000
2.860000 249740.000000
2.870000 249854.000000
2.880000 250094.000000
2.890000 249776.000000
2.900000 249708.000000
2.910000 249238.000000
2.920000 249092.000000
2.930000 248774.000000
2.940000 248566.000000
2.950000 248400.000000
2.960000 248606.000000
2.970000 248772.000000
2.980000 248476.000000
2.990000 248280.000000
3.000000 248242.000000
3.010000 248482.000000
3.020000 248746.000000
3.030000 249108.000000
3.040000 249296.000000
3.050000 248996.000000
3.060000 248984.000000
3.070000 249066.000000
3.080000 248776.000000
3.090000 248848.000000
3.100000 248770.000000
3.110000 248350.000000
3.120000 248558.000000
3.130000 248872.000000
3.140000 249188.000000
3.150000 248892.000000
3.160000 248752.000000
3.170000 248858.000000
3.180000 248808.000000
3.190000 248628.000000
3.200000 248904.000000
3.210000 249126.000000
3.220000 248988.000000
3.230000 249256.000000
3.240000 248970.000000
3.250000 248532.000000
3.260000 248686.000000
3.270000 249196.000000
3.280000 249554.000000
3.290000 250098.000000
3.300000 249706.000000
3.310000 249896.000000
3.320000 249626.000000
3.330000 249844.000000
3.340000 250002.000000
3.350000 250092.000000
3.360000 250118.000000
3.370000 250194.000000
3.380000 249996.000000
3.390000 250024.000000
3.400000 249814.000000
3.410000 249640.000000
3.420000 249352.000000
3.430000 249284.000000
3.440000 249084.000000
3.450000 248846.000000
3.460000 249332.000000
3.470000 248658.000000
3.480000 249176.000000
3.490000 249312.000000
3.500000 249656.000000
3.510000 249814.000000
3.520000 249968.000000
3.530000 250046.000000
3.540000 249752.000000
3.550000 250106.000000
3.560000 250058.000000
3.570000 249648.000000
3.580000 249490.000000
3.590000 249624.000000
3.600000 249368.000000
3.610000 249260.000000
3.620000 249340.000000
3.630000 249724.000000
3.640000 249928.000000
3.650000 249602.000000
3.660000 249114.000000
3.670000 248952.000000
3.680000 249140.000000
3.690000 249028.000000
3.700000 249168.000000
3.710000 249120.000000
3.720000 249588.000000
3.730000 249446.000000
3.740000 249338.000000
3.750000 249346.000000
3.760000 249320.000000
3.770000 249198.000000
3.780000 249426.000000
3.790000 249510.000000
3.800000 249840.000000
3.810000 249894.000000
3.820000 250334.000000
3.830000 249936.000000
3.840000 249924.000000
3.850000 249986.000000
3.860000 249320.000000
3.870000 249408.000000
3.880000 249322.000000
3.890000 249334.000000
3.900000 249222.000000
3.910000 249472.000000
3.920000 249024.000000
3.930000 249336.000000
3.940000 249690.000000
3.950000 249518.000000
3.960000 249674.000000
3.970000 249628.000000
3.980000 249558.000000
3.990000 249640.000000
4.000000 250162.000000
4.010000 250002.000000
4.020000 249610.000000
4.030000 249842.000000
4.040000 249356.000000
4.050000 249674.000000
4.060000 249370.000000
4.070000 249646.000000
4.080000 249572.000000
4.090000 249176.000000
4.100000 249210.000000
4.110000 249568.000000
4.120000 249760.000000
4.130000 249840.000000
4.140000 249840.000000
4.150000 249748.000000
4.160000 249980.000000
4.170000 250218.000000
4.180000 250350.000000
4.190000 250136.000000
4.200000 250546.000000
4.210000 250402.000000
4.220000 250166.000000
4.230000 250364.000000
4.240000 250122.000000
4.250000 249996.000000
4.260000 249532.000000
4.270000 249888.000000
4.280000 249920.000000
4.290000 250094.000000
4.300000 250306.000000
4.310000 250102.000000
4.320000 250220.000000
4.330000 250168.000000
4.340000 250234.000000
4.350000 250176.000000
4.360000 250344.000000
4.370000 250082.000000
4.380000 250012.000000
4.390000 249770.000000
4.400000 249844.000000
4.410000 250144.000000
4.420000 249902.000000
4.430000 249874.000000
4.440000 249608.000000
4.450000 249500.000000
4.460000 249350.000000
4.470000 249752.000000
4.480000 249616.000000
4.490000 249560.000000
4.500000 249760.000000
4.510000 250024.000000
4.520000 250588.000000
4.530000 250604.000000
4.540000 250618.000000
4.550000 250630.000000
4.560000 250334.000000
4.570000 250176.000000
4.580000 249896.000000
4.590000 249826.000000
4.600000 249856.000000
4.610000 249730.000000
4.620000 250096.000000
4.630000 250000.000000
4.640000 249914.000000
4.650000 250048.000000
4.660000 250076.000000
4.670000 250108.000000
4.680000 250070.000000
4.690000 249916.000000
4.700000 249880.000000
4.710000 249676.000000
4.720000 249748.000000
4.730000 250010.000000
4.740000 249836.000000
4.750000 249904.000000
4.760000 249558.000000
4.770000 249516.000000
4.780000 249462.000000
4.790000 249250.000000
4.800000 249356.000000
4.810000 249498.000000
4.820000 249550.000000
4.830000 249406.000000
4.840000 249344.000000
4.850000 249624.000000
4.860000 249758.000000
4.870000 249568.000000
4.880000 249404.000000
4.890000 249388.000000
4.900000 249318.000000
4.910000 249170.000000
4.920000 249596.000000
4.930000 249638.000000
4.940000 249520.000000
4.950000 249690.000000
4.960000 249454.000000
4.970000 249696.000000
4.980000 249732.000000
4.990000 249812.000000
5.000000 249642.000000
5.010000 249624.000000
5.020000 249700.000000
5.030000 249326.000000
5.040000 249176.000000
5.050000 249228.000000
5.060000 249064.000000
5.070000 249222.000000
5.080000 249216.000000
5.090000 249352.000000
5.100000 249268.000000
5.110000 248988.000000
5.120000 249328.000000
5.130000 249100.000000
5.140000 248772.000000
5.150000 248640.000000
5.160000 248534.000000
5.170000 248690.000000
5.180000 249042.000000
5.190000 248780.000000
5.200000 248990.000000
5.210000 248688.000000
5.220000 248876.000000
5.230000 249166.000000
5.240000 249680.000000
5.250000 249674.000000
5.260000 249628.000000
5.270000 249742.000000
5.280000 249618.000000
5.290000 249664.000000
5.300000 249632.000000
5.310000 249438.000000
5.320000 249634.000000
5.330000 249438.000000
5.340000 249360.000000
5.350000 248958.000000
5.360000 249180.000000
5.370000 249042.000000
5.380000 249388.000000
5.390000 249308.000000
5.400000 249026.000000
5.410000 249010.000000
5.420000 248908.000000
5.430000 249100.000000
5.440000 249856.000000
5.450000 249834.000000
5.460000 249922.000000
5.470000 249690.000000
5.480000 249632.000000
5.490000 249376.000000
5.500000 249868.000000
5.510000 250218.000000
5.520000 250284.000000
5.530000 250556.000000
5.540000 250680.000000
5.550000 250506.000000
5.560000 250098.000000
5.570000 250202.000000
5.580000 249992.000000
5.590000 249896.000000
5.600000 250324.000000
5.610000 250124.000000
5.620000 250134.000000
5.630000 250022.000000
5.640000 249994.000000
5.650000 249840.000000
5.660000 249542.000000
5.670000 249314.000000
5.680000 249286.000000
5.690000 249602.000000
5.700000 249628.000000
5.710000 249826.000000
5.720000 249612.000000
5.730000 249624.000000
5.740000 249806.000000
5.750000 250178.000000
5.760000 250146.000000
5.770000 249924.000000
5.780000 249472.000000
5.790000 249590.000000
5.800000 249380.000000
5.810000 249260.000000
5.820000 249152.000000
5.830000 249526.000000
5.840000 249926.000000
5.850000 250222.000000
5.860000 249866.000000
5.870000 249676.000000
5.880000 249530.000000
5.890000 249556.000000
5.900000 249308.000000
5.910000 249386.000000
5.920000 249234.000000
5.930000 249528.000000
5.940000 249420.000000
5.950000 249084.000000
5.960000 249176.000000
5.970000 249472.000000
5.980000 249698.000000
5.990000 249470.000000
6.000000 249428.000000
6.010000 249358.000000
6.020000 249660.000000
6.030000 249604.000000
6.040000 249780.000000
6.050000 249962.000000
6.060000 249766.000000
6.070000 249024.000000
6.080000 249206.000000
6.090000 249220.000000
6.100000 249380.000000
6.110000 249190.000000
6.120000 249288.000000
6.130000 249306.000000
6.140000 249626.000000
6.150000 249504.000000
6.160000 249304.000000
6.170000 249600.000000
6.180000 249586.000000
6.190000 249754.000000
6.200000 249610.000000
6.210000 249642.000000
6.220000 249736.000000
6.230000 249840.000000
6.240000 249652.000000
6.250000 249630.000000
6.260000 249176.000000
6.270000 248986.000000
6.280000 249162.000000
6.290000 249002.000000
6.300000 249290.000000
6.310000 249446.000000
6.320000 249770.000000
6.330000 249860.000000
6.340000 249968.000000
6.350000 250094.000000
6.360000 250638.000000
6.370000 250858.000000
6.380000 250926.000000
6.390000 250942.000000
6.400000 250820.000000
6.410000 250948.000000
6.420000 250608.000000
6.430000 250448.000000
6.440000 250218.000000
6.450000 249648.000000
6.460000 249774.000000
6.470000 249804.000000
6.480000 249746.000000
6.490000 249372.000000
6.500000 249240.000000
6.510000 249272.000000
6.520000 249450.000000
6.530000 249330.000000
6.540000 248906.000000
6.550000 249040.000000
6.560000 249014.000000
6.570000 249108.000000
6.580000 249198.000000
6.590000 249168.000000
6.600000 248976.000000
6.610000 249212.000000
6.620000 249444.000000
6.630000 249108.000000
6.640000 249086.000000
6.650000 249616.000000
6.660000 249200.000000
6.670000 249536.000000
6.680000 249950.000000
6.690000 250172.000000
6.700000 250168.000000
6.710000 250118.000000
6.720000 249642.000000
6.730000 249372.000000
6.740000 249740.000000
6.750000 249956.000000
6.760000 250010.000000
6.770000 249970.000000
6.780000 249676.000000
6.790000 249832.000000
6.800000 249668.000000
6.810000 249582.000000
6.820000 249482.000000
6.830000 249448.000000
6.840000 249310.000000
6.850000 249856.000000
6.860000 250204.000000
6.870000 249786.000000
6.880000 249524.000000
6.890000 249306.000000
6.900000 249542.000000
6.910000 249488.000000
6.920000 249594.000000
6.930000 249546.000000
6.940000 249540.000000
6.950000 249660.000000
6.960000 249890.000000
6.970000 250092.000000
6.980000 249950.000000
6.990000 249802.000000
7.000000 250374.000000
7.010000 249998.000000
7.020000 250256.000000
7.030000 250612.000000
7.040000 250408.000000
7.050000 250866.000000
7.060000 250716.000000
7.070000 250740.000000
7.080000 250474.000000
7.090000 250606.000000
7.100000 250516.000000
7.110000 250694.000000
7.120000 250398.000000
7.130000 250328.000000
7.140000 250306.000000
7.150000 250592.000000
7.160000 250662.000000
7.170000 250512.000000
7.180000 250320.000000
7.190000 250604.000000
7.200000 250384.000000
7.210000 250142.000000
7.220000 249904.000000
7.230000 249454.000000
7.240000 249558.000000
7.250000 249976.000000
7.260000 249704.000000
7.270000 249824.000000
7.280000 249976.000000
7.290000 249950.000000
7.300000 250092.000000
7.310000 249900.000000
7.320000 249634.000000
7.330000 249544.000000
7.340000 249644.000000
7.350000 249100.000000
7.360000 249350.000000
7.370000 249040.000000
7.380000 249162.000000
7.390000 249364.000000
7.400000 249504.000000
7.410000 249938.000000
7.420000 250066.000000
7.430000 250024.000000
7.440000 249814.000000
7.450000 249594.000000
7.460000 249854.000000
7.470000 249784.000000
7.480000 249608.000000
7.490000 249552.000000
7.500000 249570.000000
7.510000 249502.000000
7.520000 249386.000000
7.530000 249442.000000
7.540000 249412.000000
7.550000 249424.000000
7.560000 249756.000000
7.570000 249498.000000
7.580000 249696.000000
7.590000 249980.000000
7.600000 250334.000000
7.610000 250718.000000
7.620000 250462.000000
7.630000 250398.000000
7.640000 250422.000000
7.650000 250250.000000
7.660000 250108.000000
7.670000 250336.000000
7.680000 250106.000000
7.690000 250138.000000
7.700000 250042.000000
7.710000 249720.000000
7.720000 249612.000000
7.730000 249702.000000
7.740000 250030.000000
7.750000 249616.000000
7.760000 249738.000000
7.770000 249764.000000
7.780000 249912.000000
7.790000 249880.000000
7.800000 249854.000000
7.810000 249982.000000
7.820000 250028.000000
7.830000 250174.000000
7.840000 250236.000000
7.850000 250308.000000
7.860000 250288.000000
7.870000 250150.000000
7.880000 249828.000000
7.890000 249592.000000
7.900000 249346.000000
7.910000 248698.000000
7.920000 248832.000000
7.930000 249358.000000
7.940000 249698.000000
7.950000 249244.000000
7.960000 249686.000000
7.970000 249808.000000
7.980000 249786.000000
7.990000 250010.000000
8.000000 250150.000000
8.010000 250156.000000
8.020000 250160.000000
8.030000 250080.000000
8.040000 249890.000000
8.050000 249756.000000
8.060000 249800.000000
8.070000 249972.000000
8.080000 249824.000000
8.090000 249628.000000
8.100000 249700.000000
8.110000 249636.000000
8.120000 249336.000000
8.130000 249738.000000
8.140000 250364.000000
8.150000 250276.000000
8.160000 250284.000000
8.170000 250030.000000
8.180000 250278.000000
8.190000 249904.000000
8.200000 249926.000000
8.210000 249820.000000
8.220000 250072.000000
8.230000 249880.000000
8.240000 249824.000000
8.250000 249612.000000
8.260000 249994.000000
8.270000 250092.000000
8.280000 250134.000000
8.290000 250016.000000
8.300000 249812.000000
8.310000 249510.000000
8.320000 249768.000000
8.330000 249946.000000
8.340000 250344.000000
8.350000 250190.000000
8.360000 250028.000000
8.370000 250042.000000
8.380000 250000.000000
8.390000 249958.000000
8.400000 249796.000000
8.410000 249760.000000
8.420000 249534.000000
8.430000 249886.000000
8.440000 249748.000000
8.450000 249788.000000
8.460000 249672.000000
8.470000 249658.000000
8.480000 249494.000000
8.490000 249486.000000
8.500000 249646.000000
8.510000 249598.000000
8.520000 249620.000000
8.530000 249516.000000
8.540000 249268.000000
8.550000 249278.000000
8.560000 249366.000000
8.570000 249546.000000
8.580000 249152.000000
8.590000 249044.000000
8.600000 249028.000000
8.610000 249020.000000
8.620000 249348.000000
8.630000 249806.000000
8.640000 249298.000000
8.650000 249548.000000
8.660000 249568.000000
8.670000 249820.000000
8.680000 250166.000000
8.690000 249816.000000
8.700000 250026.000000
8.710000 249872.000000
8.720000 250328.000000
8.730000 249956.000000
8.740000 250038.000000
8.750000 249988.000000
8.760000 249878.000000
8.770000 249714.000000
8.780000 249708.000000
8.790000 249490.000000
8.800000 249244.000000
8.810000 249550.000000
8.820000 249510.000000
8.830000 249898.000000
8.840000 249762.000000
8.850000 250062.000000
8.860000 250152.000000
8.870000 249996.000000
8.880000 249714.000000
8.890000 249626.000000
8.900000 249966.000000
8.910000 250016.000000
8.920000 250100.000000
8.930000 250470.000000
8.940000 250256.000000
8.950000 249870.000000
8.960000 250068.000000
8.970000 250326.000000
8.980000 250172.000000
8.990000 250650.000000
9.000000 251026.000000
9.010000 250748.000000
9.020000 250488.000000
9.030000 250664.000000
9.040000 250440.000000
9.050000 250380.000000
9.060000 250474.000000
9.070000 250370.000000
9.080000 250250.000000
9.090000 250452.000000
9.100000 250682.000000
9.110000 250624.000000
9.120000 250538.000000
9.130000 250312.000000
9.140000 250382.000000
9.150000 250130.000000
9.160000 250440.000000
9.170000 250160.000000
9.180000 249726.000000
9.190000 249790.000000
9.200000 249990.000000
9.210000 249888.000000
9.220000 250260.000000
9.230000 250342.000000
9.240000 250330.000000
9.250000 250410.000000
9.260000 250796.000000
9.270000 250548.000000
9.280000 250824.000000
9.290000 250622.000000
9.300000 250516.000000
9.310000 250306.000000
9.320000 250020.000000
9.330000 249998.000000
9.340000 249890.000000
9.350000 249450.000000
9.360000 249528.000000
9.370000 250066.000000
9.380000 250194.000000
9.390000 250262.000000
9.400000 250204.000000
9.410000 250114.000000
9.420000 250468.000000
9.430000 250278.000000
9.440000 250446.000000
9.450000 249922.000000
9.460000 249714.000000
9.470000 250006.000000
9.480000 249796.000000
9.490000 249722.000000
9.500000 249840.000000
9.510000 249852.000000
9.520000 249652.000000
9.530000 249432.000000
9.540000 249034.000000
9.550000 249114.000000
9.560000 248994.000000
9.570000 249322.000000
9.580000 249358.000000
9.590000 249488.000000
9.600000 249126.000000
9.610000 249268.000000
9.620000 249136.000000
9.630000 249362.000000
9.640000 249400.000000
9.650000 249728.000000
9.660000 249742.000000
9.670000 249932.000000
9.680000 249866.000000
9.690000 249908.000000
9.700000 250218.000000
9.710000 250214.000000
9.720000 250216.000000
9.730000 250208.000000
9.740000 250536.000000
9.750000 250850.000000
9.760000 250810.000000
9.770000 250778.000000
9.780000 250446.000000
9.790000 250494.000000
9.800000 250622.000000
9.810000 250536.000000
9.820000 250428.000000
9.830000 250650.000000
9.840000 250298.000000
9.850000 250096.000000
9.860000 249924.000000
9.870000 249894.000000
9.880000 250100.000000
9.890000 250350.000000
9.900000 250272.000000
9.910000 249870.000000
9.920000 249750.000000
9.930000 249676.000000
9.940000 249540.000000
9.950000 249914.000000
9.960000 250032.000000
9.970000 250140.000000
9.980000 249980.000000
9.990000 250190.000000
10.000000 250324.000000
