# time covered_sites
0.010000 30292.000000
0.020000 57196.000000
0.030000 80788.000000
0.040000 101422.000000
0.050000 119266.000000
0.060000 134270.000000
0.070000 147896.000000
0.080000 159544.000000
0.090000 169522.000000
0.100000 178278.000000
0.110000 185746.000000
0.120000 191970.000000
0.130000 197734.000000
0.140000 202436.000000
0.150000 207062.000000
0.160000 210770.000000
0.170000 213862.000000
0.180000 216480.000000
0.190000 219160.000000
0.200000 221158.000000
0.210000 222968.000000
0.220000 225112.000000
0.230000 226724.000000
0.240000 228402.000000
0.250000 229930.000000
0.260000 231224.000000
0.270000 232258.000000
0.280000 233254.000000
0.290000 233840.000000
0.300000 234814.000000
0.310000 235150.000000
0.320000 235718.000000
0.330000 235848.000000
0.340000 236518.000000
0.350000 237226.000000
0.360000 237988.000000
0.370000 238438.000000
0.380000 238740.000000
0.390000 238798.000000
0.400000 239360.000000
0.410000 240054.000000
0.420000 240312.000000
0.430000 240782.000000
0.440000 241368.000000
0.450000 241830.000000
0.460000 241934.000000
0.470000 241976.000000
0.480000 242422.000000
0.490000 242726.000000
0.500000 242678.000000
0.510000 242442.000000
0.520000 242882.000000
0.530000 243420.000000
0.540000 243796.000000
0.550000 243938.000000
0.560000 243836.000000
0.570000 243904.000000
0.580000 243890.000000
0.590000 243986.000000
0.600000 244404.000000
0.610000 244520.000000
0.620000 244742.000000
0.630000 244992.000000
0.640000 245070.000000
0.650000 244996.000000
0.660000 245420.000000
0.670000 245478.000000
0.680000 245402.000000
0.690000 245512.000000
0.700000 245612.000000
0.710000 245876.000000
0.720000 246222.000000
0.730000 246412.000000
0.740000 246450.000000
0.750000 246590.000000
0.760000 246058.000000
0.770000 246544.000000
0.780000 246750.000000
0.790000 246722.000000
0.800000 246854.000000
0.810000 246698.000000
0.820000 246818.000000
0.830000 246892.000000
0.840000 246750.000000
0.850000 246834.000000
0.860000 246990.000000
0.870000 246772.000000
0.880000 246420.000000
0.890000 246380.000000
0.900000 246428.000000
0.910000 246742.000000
0.920000 246460.000000
0.930000 246324.000000
0.940000 246386.000000
0.950000 246280.000000
0.960000 246586.000000
0.970000 246218.000000
0.980000 246146.000000
0.990000 246232.000000
1.000000 246188.000000
1.010000 245964.000000
1.020000 246576.000000
1.030000 246648.000000
1.040000 246840.000000
1.050000 246768.000000
1.060000 246726.000000
1.070000 247146.000000
1.080000 247084.000000
1.090000 246882.000000
1.100000 246958.000000
1.110000 247196.000000
1.120000 247218.000000
1.130000 247572.000000
1.140000 248108.000000
1.150000 248370.000000
1.160000 248200.000000
1.170000 248500.000000
1.180000 248386.000000
1.190000 248030.000000
1.200000 247770.000000
1.210000 247942.000000
1.220000 248120.000000
1.230000 248092.000000
1.240000 248026.000000
1.250000 248374.000000
1.260000 248268.000000
1.270000 248192.000000
1.280000 248144.000000
1.290000 248302.000000
1.300000 248526.000000
1.310000 248110.000000
1.320000 248376.000000
1.330000 248610.000000
1.340000 248768.000000
1.350000 248740.000000
1.360000 248772.000000
1.370000 248908.000000
1.380000 248694.000000
1.390000 248128.000000
1.400000 248422.000000
1.410000 248450.000000
1.420000 248730.000000
1.430000 248612.000000
1.440000 248466.000000
1.450000 248406.000000
1.460000 248408.000000
1.470000 248622.000000
1.480000 248722.000000
1.490000 248844.000000
1.500000 248700.000000
1.510000 248494.000000
1.520000 248214.000000
1.530000 248130.000000
1.540000 247996.000000
1.550000 248384.000000
1.560000 248714.000000
1.570000 248764.000000
1.580000 248882.000000
1.590000 248936.000000
1.600000 248730.000000
1.610000 248858.000000
1.620000 248946.000000
1.630000 248788.000000
1.640000 248544.000000
1.650000 248788.000000
1.660000 248844.000000
1.670000 248530.000000
1.680000 248766.000000
1.690000 248416.000000
1.700000 248162.000000
1.710000 247976.000000
1.720000 248098.000000
1.730000 247972.000000
1.740000 248128.000000
1.750000 248074.000000
1.760000 247664.000000
1.770000 248248.000000
1.780000 248416.000000
1.790000 248536.000000
1.800000 248782.000000
1.810000 249120.000000
1.820000 249122.000000
1.830000 249144.000000
1.840000 248944.000000
1.850000 248808.000000
1.860000 249476.000000
1.870000 249050.000000
1.880000 248584.000000
1.890000 248446.000000
1.900000 248426.000000
1.910000 248556.000000
1.920000 248428.000000
1.930000 248696.000000
1.940000 248782.000000
1.950000 248594.000000
1.960000 248480.000000
1.970000 248530.000000
1.980000 248458.000000
1.990000 248780.000000
2.000000 249054.000000
2.010000 249272.000000
2.020000 249338.000000
2.030000 249314.000000
2.040000 249308.000000
2.050000 249502.000000
2.060000 249558.000000
2.070000 249458.000000
2.080000 249344.000000
2.090000 249694.000000
2.100000 249650.000000
2.110000 249686.000000
2.120000 249730.000000
2.130000 249386.000000
2.140000 249642.000000
2.150000 249410.000000
2.160000 249060.000000
2.170000 249418.000000
2.180000 249800.000000
2.190000 249746.000000
2.200000 249828.000000
2.210000 249476.000000
2.220000 249114.000000
2.230000 249074.000000
2.240000 249224.000000
2.250000 249694.000000
2.260000 249626.000000
2.270000 249162.000000
2.280000 249292.000000
2.290000 249366.000000
2.300000 249204.000000
2.310000 248906.000000
2.320000 248636.000000
2.330000 248488.000000
2.340000 248476.000000
2.350000 248420.000000
2.360000 248312.000000
2.370000 248634.000000
2.380000 248090.000000
2.390000 247742.000000
2.400000 248524.000000
2.410000 248538.000000
2.420000 248240.000000
2.430000 248270.000000
2.440000 248398.000000
2.450000 248374.000000
2.460000 248646.000000
2.470000 248566.000000
2.480000 248656.000000
2.490000 248924.000000
2.500000 249190.000000
2.510000 249542.000000
2.520000 249100.000000
2.530000 248742.000000
2.540000 248876.000000
2.550000 249468.000000
2.560000 249306.000000
2.570000 249338.000000
2.580000 249126.000000
2.590000 249314.000000
2.600000 249486.000000
2.610000 249404.000000
2.620000 249414.000000
2.630000 249232.000000
2.640000 249120.000000
2.650000 248820.000000
2.660000 249002.000000
2.670000 249044.000000
2.680000 249230.000000
2.690000 249142.000000
2.700000 248906.000000
2.710000 248668.000000
2.720000 248702.000000
2.730000 248558.000000
2.740000 248952.000000
2.750000 248984.000000
2.760000 248702.000000
2.770000 249158.000000
2.780000 248872.000000
2.790000 248864.000000
2.800000 248694.000000
2.810000 248980.000000
2.820000 249144.000000
2.830000 248882.000000
2.840000 249132.000000
2.850000 249020.000000
2.860000 249336.000000
2.870000 248940.000000
2.880000 249144.000000
2.890000 249364.000000
2.900000 249402.000000
2.910000 249412.000000
2.920000 249698.000000
2.930000 249322.000000
2.940000 249720.000000
2.950000 249636.000000
2.960000 249704.000000
2.970000 250006.000000
2.980000 249820.000000
2.990000 249894.000000
3.000000 249660.000000
3.010000 249616.000000
3.020000 249366.000000
3.030000 249480.000000
3.040000 249166.000000
3.050000 249260.000000
3.060000 249048.000000
3.070000 249304.000000
3.080000 249284.000000
3.090000 249152.000000
3.100000 249270.000000
3.110000 249188.000000
3.120000 249098.000000
3.130000 249186.000000
3.140000 249098.000000
3.150000 249204.000000
3.160000 249268.000000
3.170000 249628.000000
3.180000 249678.000000
3.190000 249750.000000
3.200000 249874.000000
3.210000 249638.000000
3.220000 249896.000000
3.230000 249976.000000
3.240000 249728.000000
3.250000 249618.000000
3.260000 249650.000000
3.270000 249522.000000
3.280000 249200.000000
3.290000 248900.000000
3.300000 249242.000000
3.310000 249192.000000
3.320000 249218.000000
3.330000 249296.000000
3.340000 249470.000000
3.350000 249650.000000
3.360000 249818.000000
3.370000 249662.000000
3.380000 249570.000000
3.390000 249458.000000
3.400000 249042.000000
3.410000 248922.000000
3.420000 248926.000000
3.430000 249308.000000
3.440000 249080.000000
3.450000 249382.000000
3.460000 249120.000000
3.470000 249234.000000
3.480000 249166.000000
3.490000 249236.000000
3.500000 249052.000000
3.510000 249278.000000
3.520000 248878.000000
3.530000 248778.000000
3.540000 248946.000000
3.550000 249124.000000
3.560000 249240.000000
3.570000 249438.000000
3.580000 249058.000000
3.590000 249466.000000
3.600000 249280.000000
3.610000 249352.000000
3.620000 249726.000000
3.630000 249480.000000
3.640000 249478.000000
3.650000 249698.000000
3.660000 249956.000000
3.670000 249932.000000
3.680000 250172.000000
3.690000 249864.000000
3.700000 249508.000000
3.710000 249542.000000
3.720000 249652.000000
3.730000 249748.000000
3.740000 249704.000000
3.750000 249780.000000
3.760000 249658.000000
3.770000 249394.000000
3.780000 249064.000000
3.790000 248802.000000
3.800000 248678.000000
3.810000 248786.000000
3.820000 248934.000000
3.830000 248990.000000
3.840000 249264.000000
3.850000 249670.000000
3.860000 249710.000000
3.870000 249784.000000
3.880000 249226.000000
3.890000 249672.000000
3.900000 249314.000000
3.910000 249278.000000
3.920000 249398.000000
3.930000 249236.000000
3.940000 249632.000000
3.950000 249512.000000
3.960000 249526.000000
3.970000 249252.000000
3.980000 249814.000000
3.990000 249352.000000
4.000000 249106.000000
4.010000 249092.000000
4.020000 249146.000000
4.030000 249192.000000
4.040000 249408.000000
4.050000 249660.000000
4.060000 249432.000000
4.070000 249458.000000
4.080000 249618.000000
4.090000 249548.000000
4.100000 249602.000000
4.110000 249550.000000
4.120000 249586.000000
4.130000 249300.000000
4.140000 249112.000000
4.150000 249154.000000
4.160000 249350.000000
4.170000 249666.000000
4.180000 249958.000000
4.190000 249996.000000
4.200000 249772.000000
4.210000 249814.000000
4.220000 249984.000000
4.230000 250242.000000
4.240000 250216.000000
4.250000 250158.000000
4.260000 250156.000000
4.270000 250510.000000
4.280000 250464.000000
4.290000 250178.000000
4.300000 250166.000000
4.310000 250420.000000
4.320000 250466.000000
4.330000 249708.000000
4.340000 250142.000000
4.350000 250050.000000
4.360000 250026.000000
4.370000 250092.000000
4.380000 249626.000000
4.390000 249384.000000
4.400000 249782.000000
4.410000 249424.000000
4.420000 249690.000000
4.430000 249906.000000
4.440000 249618.000000
4.450000 249518.000000
4.460000 249258.000000
4.470000 249456.000000
4.480000 249494.000000
4.490000 249552.000000
4.500000 249702.000000
4.510000 249500.000000
4.520000 249656.000000
4.530000 249736.000000
4.540000 249686.000000
4.550000 249492.000000
4.560000 249562.000000
4.570000 249598.000000
4.580000 249564.000000
4.590000 249606.000000
4.600000 249536.000000
4.610000 249194.000000
4.620000 249700.000000
4.630000 249686.000000
4.640000 249844.000000
4.650000 249788.000000
4.660000 249718.000000
4.670000 250062.000000
4.680000 249862.000000
4.690000 249586.000000
4.700000 249222.000000
4.710000 249328.000000
4.720000 249380.000000
4.730000 249680.000000
4.740000 249444.000000
4.750000 248964.000000
4.760000 248960.000000
4.770000 249304.000000
4.780000 249672.000000
4.790000 249646.000000
4.800000 249436.000000
4.810000 249894.000000
4.820000 249810.000000
4.830000 249800.000000
4.840000 249948.000000
4.850000 250280.000000
4.860000 250266.000000
4.870000 250294.000000
4.880000 250308.000000
4.890000 250322.000000
4.900000 250412.000000
4.910000 250348.000000
4.920000 250392.000000
4.930000 250518.000000
4.940000 250320.000000
4.950000 250240.000000
4.960000 250776.000000
4.970000 250402.000000
4.980000 250890.000000
4.990000 250844.000000
5.000000 250640.000000
5.010000 250558.000000
5.020000 250144.000000
5.030000 250026.000000
5.040000 249846.000000
5.050000 249674.000000
5.060000 249530.000000
5.070000 249700.000000
5.080000 249932.000000
5.090000 249748.000000
5.100000 249494.000000
5.110000 249566.000000
5.120000 249916.000000
5.130000 249606.000000
5.140000 249828.000000
5.150000 250020.000000
5.160000 250060.000000
5.170000 249724.000000
5.180000 249346.000000
5.190000 249378.000000
5.200000 249632.000000
5.210000 249620.000000
5.220000 249788.000000
5.230000 249772.000000
5.240000 250188.000000
5.250000 250226.000000
5.260000 250314.000000
5.270000 250296.000000
5.280000 250162.000000
5.290000 250150.000000
5.300000 249846.000000
5.310000 249962.000000
5.320000 250292.000000
5.330000 250348.000000
5.340000 250492.000000
5.350000 250478.000000
5.360000 250000.000000
5.370000 250242.000000
5.380000 250342.000000
5.390000 249840.000000
5.400000 249590.000000
5.410000 249970.000000
5.420000 250138.000000
5.430000 250206.000000
5.440000 250316.000000
5.450000 250090.000000
5.460000 249534.000000
5.470000 249354.000000
5.480000 249594.000000
5.490000 249312.000000
5.500000 249354.000000
5.510000 249106.000000
5.520000 248952.000000
5.530000 249124.000000
5.540000 249574.000000
5.550000 249444.000000
5.560000 249242.000000
5.570000 249442.000000
5.580000 249522.000000
5.590000 249778.000000
5.600000 249702.000000
5.610000 249690.000000
5.620000 249832.000000
5.630000 249652.000000
5.640000 250044.000000
5.650000 250134.000000
5.660000 250026.000000
5.670000 249984.000000
5.680000 249912.000000
5.690000 249752.000000
5.700000 249728.000000
5.710000 249516.000000
5.720000 249138.000000
5.730000 249676.000000
5.740000 249970.000000
5.750000 249698.000000
5.760000 249698.000000
5.770000 249898.000000
5.780000 249544.000000
5.790000 249754.000000
5.800000 249810.000000
5.810000 249618.000000
5.820000 249696.000000
5.830000 249340.000000
5.840000 249602.000000
5.850000 249500.000000
5.860000 249214.000000
5.870000 249324.000000
5.880000 249106.000000
5.890000 249354.000000
5.900000 249356.000000
5.910000 249176.000000
5.920000 249510.000000
5.930000 249764.000000
5.940000 249906.000000
5.950000 250030.000000
5.960000 250012.000000
5.970000 249992.000000
5.980000 250396.000000
5.990000 250548.000000
6.000000 250058.000000
6.010000 250076.000000
6.020000 249916.000000
6.030000 250044.000000
6.040000 250056.000000
6.050000 249774.000000
6.060000 249622.000000
6.070000 249508.000000
6.080000 249688.000000
6.090000 249580.000000
6.100000 250038.000000
6.110000 250016.000000
6.120000 249384.000000
6.130000 249174.000000
6.140000 249440.000000
6.150000 249086.000000
6.160000 249196.000000
6.170000 249246.000000
6.180000 249652.000000
6.190000 249650.000000
6.200000 249790.000000
6.210000 249930.000000
6.220000 249898.000000
6.230000 249770.000000
6.240000 249220.000000
6.250000 249064.000000
6.260000 248832.000000
6.270000 248868.000000
6.280000 249154.000000
6.290000 249372.000000
6.300000 249304.000000
6.310000 249726.000000
6.320000 249876.000000
6.330000 250250.000000
6.340000 250002.000000
6.350000 249852.000000
6.360000 250220.000000
6.370000 250456.000000
6.380000 250296.000000
6.390000 250032.000000
6.400000 250080.000000
6.410000 250054.000000
6.420000 249956.000000
6.430000 249794.000000
6.440000 249300.000000
6.450000 248840.000000
6.460000 249064.000000
6.470000 249450.000000
6.480000 249436.000000
6.490000 249622.000000
6.500000 249738.000000
6.510000 249890.000000
6.520000 250014.000000
6.530000 250368.000000
6.540000 250186.000000
6.550000 250266.000000
6.560000 250178.000000
6.570000 250062.000000
6.580000 250424.000000
6.590000 250330.000000
6.600000 250438.000000
6.610000 250002.000000
6.620000 250116.000000
6.630000 250324.000000
6.640000 249782.000000
6.650000 249432.000000
6.660000 249506.000000
6.670000 249666.000000
6.680000 249436.000000
6.690000 249594.000000
6.700000 249784.000000
6.710000 249570.000000
6.720000 249636.000000
6.730000 249418.000000
6.740000 249130.000000
6.750000 249358.000000
6.760000 250000.000000
6.770000 250108.000000
6.780000 250070.000000
6.790000 249948.000000
6.800000 249956.000000
6.810000 249800.000000
6.820000 249632.000000
6.830000 249138.000000
6.840000 249592.000000
6.850000 249694.000000
6.860000 250006.000000
6.870000 250028.000000
6.880000 249888.000000
6.890000 249890.000000
6.900000 250204.000000
6.910000 249748.000000
6.920000 249548.000000
6.930000 249534.000000
6.940000 249904.000000
6.950000 249608.000000
6.960000 249416.000000
6.970000 249552.000000
6.980000 249574.000000
6.990000 249198.000000
7.000000 249440.000000
7.010000 249388.000000
7.020000 249602.000000
7.030000 249610.000000
7.040000 249136.000000
7.050000 249550.000000
7.060000 249326.000000
7.070000 249530.000000
7.080000 249604.000000
7.090000 249952.000000
7.100000 249976.000000
7.110000 250078.000000
7.120000 250102.000000
7.130000 250298.000000
7.140000 250332.000000
7.150000 250068.000000
7.160000 249804.000000
7.170000 250286.000000
7.180000 249886.000000
7.190000 249688.000000
7.200000 249770.000000
7.210000 250106.000000
7.220000 249994.000000
7.230000 249984.000000
7.240000 249688.000000
7.250000 249560.000000
7.260000 249744.000000
7.270000 250182.000000
7.280000 250142.000000
7.290000 249788.000000
7.300000 249916.000000
7.310000 250170.000000
7.320000 250232.000000
7.330000 249888.000000
7.340000 249846.000000
7.350000 249590.000000
7.360000 249678.000000
7.370000 249762.000000
7.380000 249866.000000
7.390000 250014.000000
7.400000 250072.000000
7.410000 250062.000000
7.420000 249990.000000
7.430000 250424.000000
7.440000 250522.000000
7.450000 250684.000000
7.460000 250044.000000
7.470000 250180.000000
7.480000 250120.000000
7.490000 250022.000000
7.500000 249842.000000
7.510000 250092.000000
7.520000 250034.000000
7.530000 250472.000000
7.540000 250038.000000
7.550000 249964.000000
7.560000 250386.000000
7.570000 250416.000000
7.580000 250470.000000
7.590000 250270.000000
7.600000 250228.000000
7.610000 250238.000000
7.620000 250304.000000
7.630000 250464.000000
7.640000 250360.000000
7.650000 250404.000000
7.660000 250404.000000
7.670000 250500.000000
7.680000 250324.000000
7.690000 250164.000000
7.700000 250100.000000
7.710000 249592.000000
7.720000 249408.000000
7.730000 249442.000000
7.740000 249524.000000
7.750000 249636.000000
7.760000 249720.000000
7.770000 250024.000000
7.780000 249812.000000
7.790000 249778.000000
7.800000 249592.000000
7.810000 249676.000000
7.820000 249024.000000
7.830000 249190.000000
7.840000 249476.000000
7.850000 249566.000000
7.860000 249356.000000
7.870000 249572.000000
7.880000 249560.000000
7.890000 249966.000000
7.900000 250078.000000
7.910000 249592.000000
7.920000 250088.000000
7.930000 250388.000000
7.940000 250134.000000
7.950000 249866.000000
7.960000 249934.000000
7.970000 250258.000000
7.980000 250372.000000
7.990000 250226.000000
8.000000 249860.000000
8.010000 249822.000000
8.020000 249694.000000
8.030000 249494.000000
8.040000 250036.000000
8.050000 249818.000000
8.060000 249886.000000
8.070000 249620.000000
8.080000 249858.000000
8.090000 249900.000000
8.100000 249836.000000
8.110000 249906.000000
8.120000 249794.000000
8.130000 249790.000000
8.140000 250204.000000
8.150000 250258.000000
8.160000 250580.000000
8.170000 250600.000000
8.180000 250572.000000
8.190000 250416.000000
8.200000 250558.000000
8.210000 250574.000000
8.220000 250898.000000
8.230000 250410.000000
8.240000 250304.000000
8.250000 250462.000000
8.260000 250474.000000
8.270000 250284.000000
8.280000 250278.000000
8.290000 250160.000000
8.300000 249906.000000
8.310000 249974.000000
8.320000 250018.000000
8.330000 250144.000000
8.340000 250254.000000
8.350000 250150.000000
8.360000 250144.000000
8.370000 250310.000000
8.380000 250230.000000
8.390000 250524.000000
8.400000 250350.000000
8.410000 250080.000000
8.420000 249882.000000
8.430000 249490.000000
8.440000 249812.000000
8.450000 249672.000000
8.460000 249492.000000
8.470000 249914.000000
8.480000 250284.000000
8.490000 250336.000000
8.500000 250416.000000
8.510000 250124.000000
8.520000 250070.000000
8.530000 250278.000000
8.540000 250414.000000
8.550000 250746.000000
8.560000 250534.000000
8.570000 250020.000000
8.580000 250136.000000
8.590000 250090.000000
8.600000 250168.000000
8.610000 250018.000000
8.620000 250294.000000
8.630000 249914.000000
8.640000 250188.000000
8.650000 250360.000000
8.660000 250168.000000
8.670000 250578.000000
8.680000 250324.000000
8.690000 250316.000000
8.700000 250288.000000
8.710000 249650.000000
8.720000 249438.000000
8.730000 249322.000000
8.740000 249588.000000
8.750000 249436.000000
8.760000 249802.000000
8.770000 249308.000000
8.780000 249702.000000
8.790000 249182.000000
8.800000 249556.000000
8.810000 249400.000000
8.820000 249366.000000
8.830000 249558.000000
8.840000 249548.000000
8.850000 250066.000000
8.860000 250160.000000
8.870000 250128.000000
8.880000 250298.000000
8.890000 250306.000000
8.900000 250220.000000
8.910000 250272.000000
8.920000 250144.000000
8.930000 250176.000000
8.940000 249494.000000
8.950000 249752.000000
8.960000 249740.000000
8.970000 249488.000000
8.980000 249362.000000
8.990000 249190.000000
9.000000 249126.000000
9.010000 249264.000000
9.020000 249604.000000
9.030000 249902.000000
9.040000 249906.000000
9.050000 249704.000000
9.060000 249828.000000
9.070000 249916.000000
9.080000 249682.000000
9.090000 250020.000000
9.100000 249944.000000
9.110000 250150.000000
9.120000 249872.000000
9.130000 249606.000000
9.140000 250084.000000
9.150000 250280.000000
9.160000 249924.000000
9.170000 250112.000000
9.180000 249744.000000
9.190000 249940.000000
9.200000 250142.000000
9.210000 250218.000000
9.220000 250358.000000
9.230000 250460.000000
9.240000 250398.000000
9.250000 249846.000000
9.260000 250100.000000
9.270000 249954.000000
9.280000 249804.000000
9.290000 249744.000000
9.300000 250250.000000
9.310000 250490.000000
9.320000 250622.000000
9.330000 250572.000000
9.340000 250600.000000
9.350000 250454.000000
9.360000 250208.000000
9.370000 250186.000000
9.380000 250548.000000
9.390000 250396.000000
9.400000 250314.000000
9.410000 250356.000000
9.420000 249992.000000
9.430000 250022.000000
9.440000 250090.000000
9.450000 250014.000000
9.460000 249806.000000
9.470000 249996.000000
9.480000 249852.000000
9.490000 249866.000000
9.500000 249866.000000
9.510000 250280.000000
9.520000 250072.000000
9.530000 250148.000000
9.540000 250444.000000
9.550000 250636.000000
9.560000 250774.000000
9.570000 250488.000000
9.580000 250336.000000
9.590000 250134.000000
9.600000 250354.000000
9.610000 250404.000000
9.620000 250108.000000
9.630000 249906.000000
9.640000 249918.000000
9.650000 250240.000000
9.660000 250116.000000
9.670000 250036.000000
9.680000 250412.000000
9.690000 250154.000000
9.700000 250092.000000
9.710000 249826.000000
9.720000 249748.000000
9.730000 249846.000000
9.740000 249758.000000
9.750000 249702.000000
9.760000 249574.000000
9.770000 249682.000000
9.780000 249240.000000
9.790000 249072.000000
9.800000 249152.000000
9.810000 249676.000000
9.820000 249740.000000
9.830000 249974.000000
9.840000 249710.000000
9.850000 249650.000000
9.860000 249730.000000
9.870000 249900.000000
9.880000 250062.000000
9.890000 250222.000000
9.900000 250290.000000
9.910000 250074.000000
9.920000 250120.000000
9.930000 250188.000000
9.940000 250080.000000
9.950000 250266.000000
9.960000 250308.000000
9.970000 250524.000000
9.980000 250266.000000
9.990000 249820.000000
10.000000 249792.000000
