# time covered_sites
0.010000 30264.000000
0.020000 57146.000000
0.030000 80694.000000
0.040000 101048.000000
0.050000 119038.000000
0.060000 134868.000000
0.070000 148464.000000
0.080000 160314.000000
0.090000 170138.000000
0.100000 179058.000000
0.110000 186396.000000
0.120000 193128.000000
0.130000 199014.000000
0.140000 204014.000000
0.150000 208270.000000
0.160000 211970.000000
0.170000 215262.000000
0.180000 218352.000000
0.190000 220778.000000
0.200000 222914.000000
0.210000 224908.000000
0.220000 226528.000000
0.230000 228080.000000
0.240000 229412.000000
0.250000 230404.000000
0.260000 231510.000000
0.270000 232592.000000
0.280000 233064.000000
0.290000 234154.000000
0.300000 234876.000000
0.310000 235696.000000
0.320000 236742.000000
0.330000 237134.000000
0.340000 237682.000000
0.350000 237846.000000
0.360000 238264.000000
0.370000 238708.000000
0.380000 239308.000000
0.390000 239358.000000
0.400000 239696.000000
0.410000 240134.000000
0.420000 240298.000000
0.430000 240464.000000
0.440000 240684.000000
0.450000 240708.000000
0.460000 240680.000000
0.470000 240944.000000
0.480000 241512.000000
0.490000 241656.000000
0.500000 242096.000000
0.510000 242154.000000
0.520000 242642.000000
0.530000 243024.000000
0.540000 243062.000000
0.550000 243344.000000
0.560000 243666.000000
0.570000 243434.000000
0.580000 243806.000000
0.590000 244348.000000
0.600000 244324.000000
0.610000 243808.000000
0.620000 244184.000000
0.630000 244594.000000
0.640000 244404.000000
0.650000 244800.000000
0.660000 244818.000000
0.670000 245054.000000
0.680000 244962.000000
0.690000 245312.000000
0.700000 245560.000000
0.710000 245434.000000
0.720000 245532.000000
0.730000 245780.000000
0.740000 246118.000000
0.750000 245770.000000
0.760000 245834.000000
0.770000 245572.000000
0.780000 245746.000000
0.790000 245890.000000
0.800000 245788.000000
0.810000 246004.000000
0.820000 245886.000000
0.830000 245766.000000
0.840000 245740.000000
0.850000 245908.000000
0.860000 246146.000000
0.870000 245910.000000
0.880000 246232.000000
0.890000 246268.000000
0.900000 246296.000000
0.910000 246110.000000
0.920000 246436.000000
0.930000 246432.000000
0.940000 246998.000000
0.950000 247062.000000
0.960000 246846.000000
0.970000 246884.000000
0.980000 246616.000000
0.990000 246462.000000
1.000000 246144.000000
1.010000 246706.000000
1.020000 247198.000000
1.030000 247446.000000
1.040000 247382.000000
1.050000 246924.000000
1.060000 247008.000000
1.070000 247210.000000
1.080000 247220.000000
1.090000 246972.000000
1.100000 247084.000000
1.110000 246970.000000
1.120000 246970.000000
1.130000 246982.000000
1.140000 247032.000000
1.150000 246976.000000
1.160000 246900.000000
1.170000 247116.000000
1.180000 247092.000000
1.190000 246908.000000
1.200000 247126.000000
1.210000 247328.000000
1.220000 247362.000000
1.230000 246968.000000
1.240000 247122.000000
1.250000 247028.000000
1.260000 247184.000000
1.270000 247092.000000
1.280000 247074.000000
1.290000 246652.000000
1.300000 247000.000000
1.310000 247152.000000
1.320000 247138.000000
1.330000 247298.000000
1.340000 247240.000000
1.350000 247348.000000
1.360000 247118.000000
1.370000 247234.000000
1.380000 247544.000000
1.390000 247668.000000
1.400000 248010.000000
1.410000 248212.000000
1.420000 248012.000000
1.430000 247762.000000
1.440000 247808.000000
1.450000 247560.000000
1.460000 247742.000000
1.470000 247908.000000
1.480000 247764.000000
1.490000 247308.000000
1.500000 247326.000000
1.510000 247508.000000
1.520000 247810.000000
1.530000 247782.000000
1.540000 247744.000000
1.550000 247442.000000
1.560000 247856.000000
1.570000 247672.000000
1.580000 247780.000000
1.590000 247960.000000
1.600000 248322.000000
1.610000 248278.000000
1.620000 248176.000000
1.630000 248050.000000
1.640000 247822.000000
1.650000 247988.000000
1.660000 247896.000000
1.670000 248246.000000
1.680000 247888.000000
1.690000 248314.000000
1.700000 248698.000000
1.710000 248582.000000
1.720000 248332.000000
1.730000 247994.000000
1.740000 247960.000000
1.750000 248172.000000
1.760000 247842.000000
1.770000 247956.000000
1.780000 248022.000000
1.790000 247762.000000
1.800000 248142.000000
1.810000 247792.000000
1.820000 247754.000000
1.830000 247716.000000
1.840000 247996.000000
1.850000 248316.000000
1.860000 248536.000000
1.870000 248696.000000
1.880000 248314.000000
1.890000 248560.000000
1.900000 248850.000000
1.910000 249046.000000
1.920000 248890.000000
1.930000 248880.000000
1.940000 248794.000000
1.950000 248926.000000
1.960000 248954.000000
1.970000 248960.000000
1.980000 248722.000000
1.990000 248936.000000
2.000000 249144.000000
2.010000 248988.000000
2.020000 249160.000000
2.030000 249022.000000
2.040000 249026.000000
2.050000 248928.000000
2.060000 248820.000000
2.070000 248644.000000
2.080000 248812.000000
2.090000 248592.000000
2.100000 248738.000000
2.110000 248452.000000
2.120000 248166.000000
2.130000 248196.000000
2.140000 248202.000000
2.150000 248188.000000
2.160000 248264.000000
2.170000 248510.000000
2.180000 248404.000000
2.190000 248250.000000
2.200000 248074.000000
2.210000 247984.000000
2.220000 248104.000000
2.230000 248294.000000
2.240000 248302.000000
2.250000 248208.000000
2.260000 247942.000000
2.270000 248438.000000
2.280000 248728.000000
2.290000 248430.000000
2.300000 248798.000000
2.310000 249152.000000
2.320000 248712.000000
2.330000 249012.000000
2.340000 249114.000000
2.350000 249270.000000
2.360000 249496.000000
2.370000 249718.000000
2.380000 249670.000000
2.390000 249366.000000
2.400000 249356.000000
2.410000 249340.000000
2.420000 249462.000000
2.430000 249514.000000
2.440000 249260.000000
2.450000 249322.000000
2.460000 249346.000000
2.470000 248982.000000
2.480000 249266.000000
2.490000 248998.000000
2.500000 248954.000000
2.510000 248712.000000
2.520000 248864.000000
2.530000 248994.000000
2.540000 248722.000000
2.550000 249006.000000
2.560000 248796.000000
2.570000 248986.000000
2.580000 249226.000000
2.590000 248920.000000
2.600000 249048.000000
2.610000 248886.000000
2.620000 248772.000000
2.630000 248976.000000
2.640000 248710.000000
2.650000 248916.000000
2.660000 248616.000000
2.670000 248648.000000
2.680000 248770.000000
2.690000 249330.000000
2.700000 249104.000000
2.710000 249016.000000
2.720000 248924.000000
2.730000 248874.000000
2.740000 248758.000000
2.750000 248884.000000
2.760000 249228.000000
2.770000 249258.000000
2.780000 249158.000000
2.790000 249400.000000
2.800000 249496.000000
2.810000 249148.000000
2.820000 248888.000000
2.830000 249100.000000
2.840000 249154.000000
2.850000 249312.000000
2.860000 249010.000000
2.870000 249034.000000
2.880000 248472.000000
2.890000 248736.000000
2.900000 248718.000000
2.910000 248590.000000
2.920000 248616.000000
2.930000 248708.000000
2.940000 249182.000000
2.950000 248772.000000
2.960000 248996.000000
2.970000 249434.000000
2.980000 249586.000000
2.990000 249078.000000
3.000000 249356.000000
3.010000 249022.000000
3.020000 248980.000000
3.030000 249484.000000
3.040000 249216.000000
3.050000 249070.000000
3.060000 248756.000000
3.070000 248898.000000
3.080000 248370.000000
3.090000 248260.000000
3.100000 248336.000000
3.110000 248346.000000
3.120000 248406.000000
3.130000 248524.000000
3.140000 248560.000000
3.150000 248340.000000
3.160000 248402.000000
3.170000 248640.000000
3.180000 248246.000000
3.190000 248186.000000
3.200000 248432.000000
3.210000 248820.000000
3.220000 248762.000000
3.230000 248938.000000
3.240000 249714.000000
3.250000 249784.000000
3.260000 249588.000000
3.270000 249776.000000
3.280000 249776.000000
3.290000 249984.000000
3.300000 249544.000000
3.310000 249128.000000
3.320000 248994.000000
3.330000 249184.000000
3.340000 249228.000000
3.350000 249160.000000
3.360000 249344.000000
3.370000 249298.000000
3.380000 249676.000000
3.390000 249956.000000
3.400000 250344.000000
3.410000 250606.000000
3.420000 250118.000000
3.430000 249710.000000
3.440000 249300.000000
3.450000 249514.000000
3.460000 249262.000000
3.470000 249484.000000
3.480000 249604.000000
3.490000 249958.000000
3.500000 249526.000000
3.510000 249380.000000
3.520000 249132.000000
3.530000 249682.000000
3.540000 249686.000000
3.550000 249622.000000
3.560000 249856.000000
3.570000 249390.000000
3.580000 249352.000000
3.590000 249190.000000
3.600000 249284.000000
3.610000 249260.000000
3.620000 248852.000000
3.630000 248436.000000
3.640000 248880.000000
3.650000 249274.000000
3.660000 249558.000000
3.670000 249380.000000
3.680000 249222.000000
3.690000 249320.000000
3.700000 249370.000000
3.710000 249506.000000
3.720000 249588.000000
3.730000 249352.000000
3.740000 249778.000000
3.750000 249702.000000
3.760000 249652.000000
3.770000 249956.000000
3.780000 250130.000000
3.790000 249804.000000
3.800000 249736.000000
3.810000 249508.000000
3.820000 249606.000000
3.830000 249646.000000
3.840000 249662.000000
3.850000 249684.000000
3.860000 249678.000000
3.870000 249740.000000
3.880000 249258.000000
3.890000 249172.000000
3.900000 249274.000000
3.910000 249168.000000
3.920000 249428.000000
3.930000 249916.000000
3.940000 249722.000000
3.950000 249624.000000
3.960000 249678.000000
3.970000 249754.000000
3.980000 249708.000000
3.990000 249600.000000
4.000000 249844.000000
4.010000 249944.000000
4.020000 249744.000000
4.030000 249488.000000
4.040000 249212.000000
4.050000 249220.000000
4.060000 249388.000000
4.070000 249898.000000
4.080000 249608.000000
4.090000 249402.000000
4.100000 249598.000000
4.110000 249540.000000
4.120000 249490.000000
4.130000 249914.000000
4.140000 249520.000000
4.150000 249330.000000
4.160000 249288.000000
4.170000 248986.000000
4.180000 249636.000000
4.190000 249738.000000
4.200000 250188.000000
4.210000 250074.000000
4.220000 249868.000000
4.230000 249396.000000
4.240000 249534.000000
4.250000 249436.000000
4.260000 249666.000000
4.270000 249828.000000
4.280000 249934.000000
4.290000 249714.000000
4.300000 249970.000000
4.310000 249920.000000
4.320000 249624.000000
4.330000 249420.000000
4.340000 249676.000000
4.350000 249734.000000
4.360000 249984.000000
4.370000 250308.000000
4.380000 250248.000000
4.390000 250352.000000
4.400000 250340.000000
4.410000 250100.000000
4.420000 249764.000000
4.430000 249742.000000
4.440000 249720.000000
4.450000 249496.000000
4.460000 249394.000000
4.470000 249470.000000
4.480000 250054.000000
4.490000 249946.000000
4.500000 249648.000000
4.510000 249892.000000
4.520000 249952.000000
4.530000 249728.000000
4.540000 250030.000000
4.550000 250498.000000
4.560000 250194.000000
4.570000 249984.000000
4.580000 250332.000000
4.590000 250346.000000
4.600000 250224.000000
4.610000 249960.000000
4.620000 249536.000000
4.630000 249126.000000
4.640000 249354.000000
4.650000 249748.000000
4.660000 250026.000000
4.670000 250102.000000
4.680000 250034.000000
4.690000 249854.000000
4.700000 250072.000000
4.710000 250112.000000
4.720000 249978.000000
4.730000 249916.000000
4.740000 249506.000000
4.750000 249592.000000
4.760000 249342.000000
4.770000 249638.000000
4.780000 249198.000000
4.790000 249346.000000
4.800000 249284.000000
4.810000 249284.000000
4.820000 249394.000000
4.830000 249660.000000
4.840000 249328.000000
4.850000 249426.000000
4.860000 249578.000000
4.870000 249964.000000
4.880000 249762.000000
4.890000 249838.000000
4.900000 249246.000000
4.910000 249528.000000
4.920000 249830.000000
4.930000 249258.000000
4.940000 249142.000000
4.950000 248952.000000
4.960000 248988.000000
4.970000 249068.000000
4.980000 248972.000000
4.990000 249192.000000
5.000000 248982.000000
5.010000 249028.000000
5.020000 248728.000000
5.030000 249334.000000
5.040000 249398.000000
5.050000 249600.000000
5.060000 249664.000000
5.070000 249876.000000
5.080000 250022.000000
5.090000 249760.000000
5.100000 249440.000000
5.110000 249598.000000
5.120000 249376.000000
5.130000 249688.000000
5.140000 249386.000000
5.150000 249600.000000
5.160000 249832.000000
5.170000 249546.000000
5.180000 249264.000000
5.190000 249420.000000
5.200000 249462.000000
5.210000 249574.000000
5.220000 249678.000000
5.230000 249552.000000
5.240000 249372.000000
5.250000 249566.000000
5.260000 249608.000000
5.270000 250202.000000
5.280000 250308.000000
5.290000 249950.000000
5.300000 250208.000000
5.310000 250694.000000
5.320000 250614.000000
5.330000 250844.000000
5.340000 250672.000000
5.350000 250250.000000
5.360000 249710.000000
5.370000 249870.000000
5.380000 250074.000000
5.390000 249700.000000
5.400000 249484.000000
5.410000 249490.000000
5.420000 249354.000000
5.430000 249200.000000
5.440000 249012.000000
5.450000 249330.000000
5.460000 249420.000000
5.470000 249598.000000
5.480000 249632.000000
5.490000 250106.000000
5.500000 249888.000000
5.510000 250000.000000
5.520000 249812.000000
5.530000 249774.000000
5.540000 249678.000000
5.550000 249606.000000
5.560000 249804.000000
5.570000 249914.000000
5.580000 249936.000000
5.590000 249744.000000
5.600000 248778.000000
5.610000 248876.000000
5.620000 248584.000000
5.630000 248508.000000
5.640000 248384.000000
5.650000 248566.000000
5.660000 248582.000000
5.670000 248640.000000
5.680000 248672.000000
5.690000 248908.000000
5.700000 249058.000000
5.710000 249154.000000
5.720000 249392.000000
5.730000 249320.000000
5.740000 248984.000000
5.750000 248794.000000
5.760000 249350.000000
5.770000 249648.000000
5.780000 249674.000000
5.790000 249516.000000
5.800000 249474.000000
5.810000 249970.000000
5.820000 250134.000000
5.830000 249984.000000
5.840000 250352.000000
5.850000 249912.000000
5.860000 249882.000000
5.870000 250008.000000
5.880000 249944.000000
5.890000 249328.000000
5.900000 249180.000000
5.910000 249066.000000
5.920000 249276.000000
5.930000 249324.000000
5.940000 249186.000000
5.950000 249368.000000
5.960000 249934.000000
5.970000 249846.000000
5.980000 250032.000000
5.990000 249980.000000
6.000000 250108.000000
6.010000 250230.000000
6.020000 250102.000000
6.030000 250158.000000
6.040000 249794.000000
6.050000 249360.000000
6.060000 249640.000000
6.070000 249578.000000
6.080000 249234.000000
6.090000 249270.000000
6.100000 249682.000000
6.110000 249568.000000
6.120000 249298.000000
6.130000 249186.000000
6.140000 248966.000000
6.150000 249100.000000
6.160000 249136.000000
6.170000 249184.000000
6.180000 249332.000000
6.190000 249390.000000
6.200000 249310.000000
6.210000 249380.000000
6.220000 249796.000000
6.230000 249856.000000
6.240000 249570.000000
6.250000 249186.000000
6.260000 249626.000000
6.270000 249444.000000
6.280000 249718.000000
6.290000 249618.000000
6.300000 249510.000000
6.310000 249448.000000
6.320000 249378.000000
6.330000 249892.000000
6.340000 249824.000000
6.350000 249794.000000
6.360000 249912.000000
6.370000 250054.000000
6.380000 249876.000000
6.390000 250188.000000
6.400000 249868.000000
6.410000 250052.000000
6.420000 249856.000000
6.430000 249992.000000
6.440000 250056.000000
6.450000 250054.000000
6.460000 250242.000000
6.470000 250502.000000
6.480000 250646.000000
6.490000 250360.000000
6.500000 250178.000000
6.510000 250632.000000
6.520000 250200.000000
6.530000 250172.000000
6.540000 249934.000000
6.550000 250046.000000
6.560000 250042.000000
6.570000 249672.000000
6.580000 249750.000000
6.590000 249404.000000
6.600000 249794.000000
6.610000 249596.000000
6.620000 249644.000000
6.630000 249630.000000
6.640000 249700.000000
6.650000 249954.000000
6.660000 250050.000000
6.670000 249866.000000
6.680000 249630.000000
6.690000 249196.000000
6.700000 249002.000000
6.710000 249010.000000
6.720000 249340.000000
6.730000 249418.000000
6.740000 249526.000000
6.750000 249578.000000
6.760000 250080.000000
6.770000 249708.000000
6.780000 249644.000000
6.790000 249630.000000
6.800000 249876.000000
6.810000 249924.000000
6.820000 250356.000000
6.830000 250136.000000
6.840000 249834.000000
6.850000 249932.000000
6.860000 249902.000000
6.870000 249860.000000
6.880000 249576.000000
6.890000 249744.000000
6.900000 249642.000000
6.910000 249766.000000
6.920000 249812.000000
6.930000 250030.000000
6.940000 250072.000000
6.950000 250104.000000
6.960000 249882.000000
6.970000 249950.000000
6.980000 249820.000000
6.990000 250016.000000
7.000000 250400.000000
7.010000 249760.000000
7.020000 249498.000000
7.030000 249882.000000
7.040000 249984.000000
7.050000 249984.000000
7.060000 249940.000000
7.070000 250324.000000
7.080000 250258.000000
7.090000 250204.000000
7.100000 250506.000000
7.110000 250260.000000
7.120000 250330.000000
7.130000 250214.000000
7.140000 249794.000000
7.150000 249866.000000
7.160000 249756.000000
7.170000 249744.000000
7.180000 250076.000000
7.190000 249876.000000
7.200000 249816.000000
7.210000 249674.000000
7.220000 249560.000000
7.230000 249674.000000
7.240000 250152.000000
7.250000 250306.000000
7.260000 250534.000000
7.270000 250554.000000
7.280000 250132.000000
7.290000 250006.000000
7.300000 249596.000000
7.310000 249450.000000
7.320000 249610.000000
7.330000 249842.000000
7.340000 249986.000000
7.350000 249908.000000
7.360000 250286.000000
7.370000 249984.000000
7.380000 249680.000000
7.390000 249602.000000
7.400000 250060.000000
7.410000 249912.000000
7.420000 249934.000000
7.430000 250122.000000
7.440000 250306.000000
7.450000 250426.000000
7.460000 249956.000000
7.470000 250174.000000
7.480000 250090.000000
7.490000 250032.000000
7.500000 250514.000000
7.510000 250182.000000
7.520000 250676.000000
7.530000 250572.000000
7.540000 250246.000000
7.550000 250132.000000
7.560000 250250.000000
7.570000 250588.000000
7.580000 250246.000000
7.590000 249716.000000
7.600000 250094.000000
7.610000 249356.000000
7.620000 249286.000000
7.630000 249368.000000
7.640000 249674.000000
7.650000 249296.000000
7.660000 249562.000000
7.670000 249538.000000
7.680000 249642.000000
7.690000 249518.000000
7.700000 249836.000000
7.710000 249406.000000
7.720000 249360.000000
7.730000 249154.000000
7.740000 249238.000000
7.750000 249378.000000
7.760000 249548.000000
7.770000 249690.000000
7.780000 249480.000000
7.790000 249902.000000
7.800000 249634.000000
7.810000 249386.000000
7.820000 249138.000000
7.830000 249228.000000
7.840000 249528.000000
7.850000 249750.000000
7.860000 249732.000000
7.870000 249508.000000
7.880000 249438.000000
7.890000 249744.000000
7.900000 249516.000000
7.910000 249652.000000
7.920000 249574.000000
7.930000 249816.000000
7.940000 249726.000000
7.950000 249690.000000
7.960000 249496.000000
7.970000 249638.000000
7.980000 250110.000000
7.990000 250290.000000
8.000000 250432.000000
8.010000 250358.000000
8.020000 250208.000000
8.030000 249790.000000
8.040000 249632.000000
8.050000 249660.000000
8.060000 249714.000000
8.070000 249606.000000
8.080000 249412.000000
8.090000 249352.000000
8.100000 249224.000000
8.110000 248640.000000
8.120000 248840.000000
8.130000 249198.000000
8.140000 249166.000000
8.150000 249032.000000
8.160000 248774.000000
8.170000 249076.000000
8.180000 249306.000000
8.190000 249614.000000
8.200000 249392.000000
8.210000 249402.000000
8.220000 249476.000000
8.230000 249320.000000
8.240000 249534.000000
8.250000 249798.000000
8.260000 249596.000000
8.270000 249760.000000
8.280000 249694.000000
8.290000 249562.000000
8.300000 249782.000000
8.310000 249904.000000
8.320000 249896.000000
8.330000 250188.000000
8.340000 250534.000000
8.350000 250686.000000
8.360000 250338.000000
8.370000 250046.000000
8.380000 249842.000000
8.390000 250410.000000
8.400000 250320.000000
8.410000 250178.000000
8.420000 250228.000000
8.430000 250302.000000
8.440000 250148.000000
8.450000 250392.000000
8.460000 250552.000000
8.470000 250598.000000
8.480000 250610.000000
8.490000 250054.000000
8.500000 250156.000000
8.510000 250328.000000
8.520000 250010.000000
8.530000 250238.000000
8.540000 250054.000000
8.550000 249812.000000
8.560000 249908.000000
8.570000 249952.000000
8.580000 249756.000000
8.590000 249818.000000
8.600000 249954.000000
8.610000 250138.000000
8.620000 250106.000000
8.630000 250114.000000
8.640000 250116.000000
8.650000 249998.000000
8.660000 250130.000000
8.670000 250094.000000
8.680000 250006.000000
8.690000 249962.000000
8.700000 249838.000000
8.710000 250100.000000
8.720000 250068.000000
8.730000 249854.000000
8.740000 249980.000000
8.750000 250020.000000
8.760000 249700.000000
8.770000 249448.000000
8.780000 249270.000000
8.790000 249176.000000
8.800000 249212.000000
8.810000 249534.000000
8.820000 249928.000000
8.830000 249828.000000
8.840000 249738.000000
8.850000 250078.000000
8.860000 249672.000000
8.870000 249814.000000
8.880000 249842.000000
8.890000 249956.000000
8.900000 250174.000000
8.910000 249788.000000
8.920000 249626.000000
8.930000 249654.000000
8.940000 249678.000000
8.950000 249736.000000
8.960000 249654.000000
8.970000 249760.000000
8.980000 249756.000000
8.990000 249828.000000
9.000000 250024.000000
9.010000 250006.000000
9.020000 249848.000000
9.030000 249904.000000
9.040000 249784.000000
9.050000 250032.000000
9.060000 250038.000000
9.070000 249944.000000
9.080000 249488.000000
9.090000 249664.000000
9.100000 250264.000000
9.110000 250150.000000
9.120000 249944.000000
9.130000 250470.000000
9.140000 250460.000000
9.150000 250094.000000
9.160000 250520.000000
9.170000 250516.000000
9.180000 250812.000000
9.190000 250332.000000
9.200000 250114.000000
9.210000 250426.000000
9.220000 250514.000000
9.230000 250586.000000
9.240000 250824.000000
9.250000 250728.000000
9.260000 250842.000000
9.270000 250666.000000
9.280000 250954.000000
9.290000 251104.000000
9.300000 250704.000000
9.310000 250242.000000
9.320000 250136.000000
9.330000 250096.000000
9.340000 250270.000000
9.350000 250204.000000
9.360000 250296.000000
9.370000 250100.000000
9.380000 250042.000000
9.390000 250010.000000
9.400000 249778.000000
9.410000 250088.000000
9.420000 250366.000000
9.430000 250306.000000
9.440000 250288.000000
9.450000 250214.000000
9.460000 249958.000000
9.470000 250228.000000
9.480000 250244.000000
9.490000 249702.000000
9.500000 249600.000000
9.510000 250162.000000
9.520000 250410.000000
9.530000 250616.000000
9.540000 250782.000000
9.550000 250846.000000
9.560000 250504.000000
9.570000 250204.000000
9.580000 250312.000000
9.590000 250492.000000
9.600000 250280.000000
9.610000 250166.000000
9.620000 250094.000000
9.630000 250414.000000
9.640000 250132.000000
9.650000 250252.000000
9.660000 250438.000000
9.670000 250330.000000
9.680000 250196.000000
9.690000 250098.000000
9.700000 250168.000000
9.710000 250072.000000
9.720000 249940.000000
9.730000 249984.000000
9.740000 250064.000000
9.750000 250326.000000
9.760000 250386.000000
9.770000 250522.000000
9.780000 250826.000000
9.790000 250364.000000
9.800000 250382.000000
9.810000 250422.000000
9.820000 249930.000000
9.830000 249896.000000
9.840000 249852.000000
9.850000 249690.000000
9.860000 250028.000000
9.870000 249976.000000
9.880000 249722.000000
9.890000 249702.000000
9.900000 249802.000000
9.910000 250172.000000
9.920000 250420.000000
9.930000 249912.000000
9.940000 249900.000000
9.950000 250126.000000
9.960000 250346.000000
9.970000 250482.000000
9.980000 250742.000000
9.990000 250760.000000
10.000000 250440.000000
