# time covered_sites
0.010000 30930.000000
0.020000 57708.000000
0.030000 81344.000000
0.040000 102182.000000
0.050000 119862.000000
0.060000 135216.000000
0.070000 148402.000000
0.080000 159858.000000
0.090000 170044.000000
0.100000 178704.000000
0.110000 186348.000000
0.120000 192944.000000
0.130000 198096.000000
0.140000 202812.000000
0.150000 207440.000000
0.160000 211024.000000
0.170000 214142.000000
0.180000 216904.000000
0.190000 219738.000000
0.200000 221638.000000
0.210000 223674.000000
0.220000 225726.000000
0.230000 227270.000000
0.240000 228852.000000
0.250000 229906.000000
0.260000 230994.000000
0.270000 232014.000000
0.280000 232998.000000
0.290000 233774.000000
0.300000 234294.000000
0.310000 234874.000000
0.320000 235194.000000
0.330000 235318.000000
0.340000 236112.000000
0.350000 236808.000000
0.360000 237306.000000
0.370000 237652.000000
0.380000 238134.000000
0.390000 238802.000000
0.400000 239264.000000
0.410000 239700.000000
0.420000 240372.000000
0.430000 240824.000000
0.440000 241060.000000
0.450000 241400.000000
0.460000 241306.000000
0.470000 241094.000000
0.480000 241662.000000
0.490000 241618.000000
0.500000 242184.000000
0.510000 242602.000000
0.520000 242638.000000
0.530000 242948.000000
0.540000 242910.000000
0.550000 242942.000000
0.560000 243660.000000
0.570000 243650.000000
0.580000 243756.000000
0.590000 243964.000000
0.600000 244030.000000
0.610000 243868.000000
0.620000 243758.000000
0.630000 244184.000000
0.640000 244114.000000
0.650000 244016.000000
0.660000 244132.000000
0.670000 244340.000000
0.680000 244266.000000
0.690000 244730.000000
0.700000 244910.000000
0.710000 244864.000000
0.720000 244830.000000
0.730000 245198.000000
0.740000 245142.000000
0.750000 245238.000000
0.760000 245248.000000
0.770000 245668.000000
0.780000 245656.000000
0.790000 245594.000000
0.800000 245828.000000
0.810000 245924.000000
0.820000 246114.000000
0.830000 246238.000000
0.840000 246306.000000
0.850000 246058.000000
0.860000 246100.000000
0.870000 246270.000000
0.880000 246180.000000
0.890000 246586.000000
0.900000 246202.000000
0.910000 246114.000000
0.920000 246322.000000
0.930000 246384.000000
0.940000 247016.000000
0.950000 246548.000000
0.960000 246618.000000
0.970000 246932.000000
0.980000 246804.000000
0.990000 246884.000000
1.000000 246846.000000
1.010000 246858.000000
1.020000 246952.000000
1.030000 246996.000000
1.040000 247272.000000
1.050000 247240.000000
1.060000 247238.000000
1.070000 247428.000000
1.080000 247686.000000
1.090000 247628.000000
1.100000 247416.000000
1.110000 247008.000000
1.120000 247618.000000
1.130000 247880.000000
1.140000 248054.000000
1.150000 247618.000000
1.160000 247528.000000
1.170000 247818.000000
1.180000 247770.000000
1.190000 247960.000000
1.200000 248040.000000
1.210000 247576.000000
1.220000 247830.000000
1.230000 247010.000000
1.240000 247100.000000
1.250000 247308.000000
1.260000 247716.000000
1.270000 247624.000000
1.280000 247104.000000
1.290000 247428.000000
1.300000 247328.000000
1.310000 247638.000000
1.320000 247732.000000
1.330000 247662.000000
1.340000 247606.000000
1.350000 247862.000000
1.360000 247632.000000
1.370000 247390.000000
1.380000 247338.000000
1.390000 247552.000000
1.400000 247634.000000
1.410000 248140.000000
1.420000 248170.000000
1.430000 248744.000000
1.440000 248606.000000
1.450000 248272.000000
1.460000 248624.000000
1.470000 248584.000000
1.480000 248470.000000
1.490000 248534.000000
1.500000 248702.000000
1.510000 248582.000000
1.520000 248600.000000
1.530000 248378.000000
1.540000 247986.000000
1.550000 247964.000000
1.560000 247906.000000
1.570000 248156.000000
1.580000 248324.000000
1.590000 248020.000000
1.600000 248184.000000
1.610000 248190.000000
1.620000 247776.000000
1.630000 247996.000000
1.640000 247906.000000
1.650000 248270.000000
1.660000 248278.000000
1.670000 248410.000000
1.680000 248562.000000
1.690000 248594.000000
1.700000 248854.000000
1.710000 249282.000000
1.720000 249410.000000
1.730000 248648.000000
1.740000 248372.000000
1.750000 248180.000000
1.760000 247964.000000
1.770000 248444.000000
1.780000 248196.000000
1.790000 248350.000000
1.800000 248342.000000
1.810000 248278.000000
1.820000 248436.000000
1.830000 248512.000000
1.840000 248892.000000
1.850000 248666.000000
1.860000 248696.000000
1.870000 249030.000000
1.880000 248720.000000
1.890000 248416.000000
1.900000 248332.000000
1.910000 248562.000000
1.920000 248422.000000
1.930000 248356.000000
1.940000 248132.000000
1.950000 247902.000000
1.960000 247730.000000
1.970000 248014.000000
1.980000 247888.000000
1.990000 248416.000000
2.000000 247964.000000
2.010000 247972.000000
2.020000 247814.000000
2.030000 247978.000000
2.040000 248232.000000
2.050000 248042.000000
2.060000 247886.000000
2.070000 247820.000000
2.080000 248240.000000
2.090000 247974.000000
2.100000 248098.000000
2.110000 248406.000000
2.120000 248422.000000
2.130000 248678.000000
2.140000 248790.000000
2.150000 248864.000000
2.160000 248700.000000
2.170000 248580.000000
2.180000 249036.000000
2.190000 248910.000000
2.200000 248918.000000
2.210000 248434.000000
2.220000 248022.000000
2.230000 248264.000000
2.240000 248678.000000
2.250000 248304.000000
2.260000 248368.000000
2.270000 248352.000000
2.280000 248474.000000
2.290000 248694.000000
2.300000 248516.000000
2.310000 248568.000000
2.320000 248884.000000
2.330000 248982.000000
2.340000 249054.000000
2.350000 248842.000000
2.360000 249060.000000
2.370000 249178.000000
2.380000 249090.000000
2.390000 248614.000000
2.400000 248974.000000
2.410000 249092.000000
2.420000 249196.000000
2.430000 248958.000000
2.440000 249180.000000
2.450000 249734.000000
2.460000 249192.000000
2.470000 249252.000000
2.480000 249076.000000
2.490000 249278.000000
2.500000 249420.000000
2.510000 249290.000000
2.520000 249306.000000
2.530000 249202.000000
2.540000 248876.000000
2.550000 249190.000000
2.560000 249096.000000
2.570000 249280.000000
2.580000 249548.000000
2.590000 249912.000000
2.600000 249796.000000
2.610000 249102.000000
2.620000 249042.000000
2.630000 248998.000000
2.640000 249062.000000
2.650000 249044.000000
2.660000 249132.000000
2.670000 249158.000000
2.680000 249274.000000
2.690000 249370.000000
2.700000 249350.000000
2.710000 249288.000000
2.720000 249028.000000
2.730000 249330.000000
2.740000 249010.000000
2.750000 249066.000000
2.760000 249042.000000
2.770000 249096.000000
2.780000 249422.000000
2.790000 249706.000000
2.800000 249512.000000
2.810000 249090.000000
2.820000 249262.000000
2.830000 249432.000000
2.840000 249266.000000
2.850000 249048.000000
2.860000 249000.000000
2.870000 249078.000000
2.880000 249126.000000
2.890000 249250.000000
2.900000 249062.000000
2.910000 249300.000000
2.920000 249362.000000
2.930000 249340.000000
2.940000 249094.000000
2.950000 248952.000000
2.960000 248780.000000
2.970000 249000.000000
2.980000 249066.000000
2.990000 249378.000000
3.000000 249908.000000
3.010000 250244.000000
3.020000 250010.000000
3.030000 249810.000000
3.040000 249762.000000
3.050000 249452.000000
3.060000 249410.000000
3.070000 249338.000000
3.080000 249276.000000
3.090000 249572.000000
3.100000 249486.000000
3.110000 249174.000000
3.120000 249036.000000
3.130000 249234.000000
3.140000 249392.000000
3.150000 249468.000000
3.160000 249638.000000
3.170000 249468.000000
3.180000 249138.000000
3.190000 249478.000000
3.200000 249556.000000
3.210000 249428.000000
3.220000 249196.000000
3.230000 249334.000000
3.240000 249596.000000
3.250000 249624.000000
3.260000 249664.000000
3.270000 249848.000000
3.280000 249806.000000
3.290000 249422.000000
3.300000 249218.000000
3.310000 249154.000000
3.320000 249120.000000
3.330000 249526.000000
3.340000 249006.000000
3.350000 249108.000000
3.360000 248768.000000
3.370000 248816.000000
3.380000 249118.000000
3.390000 248982.000000
3.400000 248962.000000
3.410000 248818.000000
3.420000 249156.000000
3.430000 249462.000000
3.440000 249188.000000
3.450000 249336.000000
3.460000 249818.000000
3.470000 249142.000000
3.480000 249100.000000
3.490000 249272.000000
3.500000 249306.000000
3.510000 249382.000000
3.520000 249744.000000
3.530000 249468.000000
3.540000 249642.000000
3.550000 249688.000000
3.560000 249966.000000
3.570000 250082.000000
3.580000 250422.000000
3.590000 250080.000000
3.600000 250118.000000
3.610000 250240.000000
3.620000 249604.000000
3.630000 249740.000000
3.640000 249476.000000
3.650000 249432.000000
3.660000 249824.000000
3.670000 249674.000000
3.680000 249352.000000
3.690000 249628.000000
3.700000 249944.000000
3.710000 249890.000000
3.720000 249786.000000
3.730000 249894.000000
3.740000 249846.000000
3.750000 249694.000000
3.760000 249526.000000
3.770000 249758.000000
3.780000 249794.000000
3.790000 249690.000000
3.800000 249852.000000
3.810000 249830.000000
3.820000 249958.000000
3.830000 250028.000000
3.840000 249672.000000
3.850000 249796.000000
3.860000 249988.000000
3.870000 249864.000000
3.880000 249972.000000
3.890000 249788.000000
3.900000 249994.000000
3.910000 250194.000000
3.920000 250278.000000
3.930000 250012.000000
3.940000 249980.000000
3.950000 250188.000000
3.960000 250178.000000
3.970000 250254.000000
3.980000 249868.000000
3.990000 250074.000000
4.000000 250328.000000
4.010000 250108.000000
4.020000 250182.000000
4.030000 250468.000000
4.040000 250172.000000
4.050000 250278.000000
4.060000 250626.000000
4.070000 250690.000000
4.080000 250482.000000
4.090000 250630.000000
4.100000 250334.000000
4.110000 249796.000000
4.120000 249852.000000
4.130000 249782.000000
4.140000 249938.000000
4.150000 249790.000000
4.160000 249548.000000
4.170000 249254.000000
4.180000 249342.000000
4.190000 249696.000000
4.200000 249390.000000
4.210000 249264.000000
4.220000 249328.000000
4.230000 249552.000000
4.240000 249338.000000
4.250000 249268.000000
4.260000 249498.000000
4.270000 250026.000000
4.280000 249928.000000
4.290000 250054.000000
4.300000 249980.000000
4.310000 249822.000000
4.320000 249444.000000
4.330000 249216.000000
4.340000 249526.000000
4.350000 249530.000000
4.360000 249400.000000
4.370000 249532.000000
4.380000 249644.000000
4.390000 249424.000000
4.400000 249364.000000
4.410000 249192.000000
4.420000 248990.000000
4.430000 248554.000000
4.440000 248580.000000
4.450000 248622.000000
4.460000 248734.000000
4.470000 248972.000000
4.480000 248870.000000
4.490000 248858.000000
4.500000 249294.000000
4.510000 249164.000000
4.520000 249170.000000
4.530000 249180.000000
4.540000 249568.000000
4.550000 249740.000000
4.560000 249794.000000
4.570000 249916.000000
4.580000 249996.000000
4.590000 249560.000000
4.600000 249228.000000
4.610000 249518.000000
4.620000 249682.000000
4.630000 249978.000000
4.640000 249802.000000
4.650000 249784.000000
4.660000 250260.000000
4.670000 250164.000000
4.680000 249674.000000
4.690000 249750.000000
4.700000 249632.000000
4.710000 249428.000000
4.720000 249494.000000
4.730000 249130.000000
4.740000 249646.000000
4.750000 249456.000000
4.760000 249762.000000
4.770000 249640.000000
4.780000 249520.000000
4.790000 249970.000000
4.800000 250084.000000
4.810000 249672.000000
4.820000 249644.000000
4.830000 249484.000000
4.840000 249608.000000
4.850000 249422.000000
4.860000 249922.000000
4.870000 250000.000000
4.880000 249810.000000
4.890000 249382.000000
4.900000 249670.000000
4.910000 249680.000000
4.920000 249538.000000
4.930000 249822.000000
4.940000 250046.000000
4.950000 250020.000000
4.960000 250152.000000
4.970000 250214.000000
4.980000 249894.000000
4.990000 249568.000000
5.000000 250088.000000
5.010000 250034.000000
5.020000 249454.000000
5.030000 249848.000000
5.040000 249716.000000
5.050000 249400.000000
5.060000 249654.000000
5.070000 249508.000000
5.080000 249210.000000
5.090000 249280.000000
5.100000 249316.000000
5.110000 249540.000000
5.120000 249862.000000
5.130000 249910.000000
5.140000 249790.000000
5.150000 249880.000000
5.160000 249960.000000
5.170000 250052.000000
5.180000 250230.000000
5.190000 250452.000000
5.200000 250324.000000
5.210000 249828.000000
5.220000 249668.000000
5.230000 249784.000000
5.240000 249286.000000
5.250000 249404.000000
5.260000 249424.000000
5.270000 249734.000000
5.280000 249596.000000
5.290000 249722.000000
5.300000 249684.000000
5.310000 249626.000000
5.320000 249556.000000
5.330000 249808.000000
5.340000 249852.000000
5.350000 249840.000000
5.360000 249802.000000
5.370000 249742.000000
5.380000 249126.000000
5.390000 249542.000000
5.400000 249512.000000
5.410000 249346.000000
5.420000 249278.000000
5.430000 249456.000000
5.440000 249514.000000
5.450000 249254.000000
5.460000 249832.000000
5.470000 250180.000000
5.480000 249914.000000
5.490000 249704.000000
5.500000 249522.000000
5.510000 249496.000000
5.520000 249462.000000
5.530000 249728.000000
5.540000 249700.000000
5.550000 249758.000000
5.560000 250038.000000
5.570000 250280.000000
5.580000 250396.000000
5.590000 250090.000000
5.600000 250016.000000
5.610000 250236.000000
5.620000 250232.000000
5.630000 250142.000000
5.640000 250638.000000
5.650000 250606.000000
5.660000 250388.000000
5.670000 250476.000000
5.680000 250410.000000
5.690000 250364.000000
5.700000 250310.000000
5.710000 250496.000000
5.720000 250294.000000
5.730000 250120.000000
5.740000 250134.000000
5.750000 250396.000000
5.760000 249984.000000
5.770000 249750.000000
5.780000 250116.000000
5.790000 249952.000000
5.800000 249822.000000
5.810000 250008.000000
5.820000 250194.000000
5.830000 250126.000000
5.840000 250164.000000
5.850000 250158.000000
5.860000 250348.000000
5.870000 250372.000000
5.880000 250596.000000
5.890000 250736.000000
5.900000 250464.000000
5.910000 250822.000000
5.920000 250548.000000
5.930000 250390.000000
5.940000 250202.000000
5.950000 249970.000000
5.960000 249962.000000
5.970000 250316.000000
5.980000 250484.000000
5.990000 250290.000000
6.000000 250358.000000
6.010000 250528.000000
6.020000 250214.000000
6.030000 250506.000000
6.040000 250716.000000
6.050000 250700.000000
6.060000 250622.000000
6.070000 250508.000000
6.080000 250432.000000
6.090000 251020.000000
6.100000 250800.000000
6.110000 250422.000000
6.120000 250612.000000
6.130000 250350.000000
6.140000 249996.000000
6.150000 249840.000000
6.160000 250158.000000
6.170000 249980.000000
6.180000 249810.000000
6.190000 249668.000000
6.200000 249898.000000
6.210000 250034.000000
6.220000 249938.000000
6.230000 249354.000000
6.240000 249370.000000
6.250000 249190.000000
6.260000 249164.000000
6.270000 249602.000000
6.280000 249644.000000
6.290000 249570.000000
6.300000 249770.000000
6.310000 249776.000000
6.320000 249848.000000
6.330000 249808.000000
6.340000 249600.000000
6.350000 249802.000000
6.360000 249968.000000
6.370000 250052.000000
6.380000 250188.000000
6.390000 249998.000000
6.400000 249942.000000
6.410000 249526.000000
6.420000 249732.000000
6.430000 249556.000000
6.440000 249536.000000
6.450000 250106.000000
6.460000 250100.000000
6.470000 250014.000000
6.480000 249428.000000
6.490000 249570.000000
6.500000 249368.000000
6.510000 249184.000000
6.520000 249136.000000
6.530000 248874.000000
6.540000 249192.000000
6.550000 249358.000000
6.560000 249594.000000
6.570000 249678.000000
6.580000 249718.000000
6.590000 249836.000000
6.600000 250226.000000
6.610000 249870.000000
6.620000 249716.000000
6.630000 249618.000000
6.640000 249684.000000
6.650000 249518.000000
6.660000 249264.000000
6.670000 249450.000000
6.680000 249620.000000
6.690000 249886.000000
6.700000 249680.000000
6.710000 250058.000000
6.720000 250024.000000
6.730000 249662.000000
6.740000 249418.000000
6.750000 249326.000000
6.760000 249718.000000
6.770000 249658.000000
6.780000 249292.000000
6.790000 249294.000000
6.800000 249424.000000
6.810000 249296.000000
6.820000 249566.000000
6.830000 249408.000000
6.840000 249406.000000
6.850000 249344.000000
6.860000 249528.000000
6.870000 249648.000000
6.880000 249464.000000
6.890000 249394.000000
6.900000 249852.000000
6.910000 249804.000000
6.920000 249490.000000
6.930000 249864.000000
6.940000 249920.000000
6.950000 249780.000000
6.960000 249318.000000
6.970000 249654.000000
6.980000 249124.000000
6.990000 249142.000000
7.000000 248962.000000
7.010000 249102.000000
7.020000 248948.000000
7.030000 249116.000000
7.040000 249432.000000
7.050000 249648.000000
7.060000 249552.000000
7.070000 249748.000000
7.080000 249518.000000
7.090000 249458.000000
7.100000 249348.000000
7.110000 249618.000000
7.120000 249746.000000
7.130000 249406.000000
7.140000 249330.000000
7.150000 249238.000000
7.160000 249332.000000
7.170000 249622.000000
7.180000 249922.000000
7.190000 249662.000000
7.200000 249998.000000
7.210000 249764.000000
7.220000 249730.000000
7.230000 249740.000000
7.240000 249984.000000
7.250000 249856.000000
7.260000 250226.000000
7.270000 250402.000000
7.280000 250548.000000
7.290000 250594.000000
7.300000 250642.000000
7.310000 250454.000000
7.320000 250188.000000
7.330000 250276.000000
7.340000 250350.000000
7.350000 250410.000000
7.360000 250140.000000
7.370000 249976.000000
7.380000 249586.000000
7.390000 249640.000000
7.400000 249262.000000
7.410000 249300.000000
7.420000 249238.000000
7.430000 249370.000000
7.440000 249264.000000
7.450000 249188.000000
7.460000 248880.000000
7.470000 248844.000000
7.480000 248720.000000
7.490000 248712.000000
7.500000 249104.000000
7.510000 249138.000000
7.520000 249366.000000
7.530000 249206.000000
7.540000 249244.000000
7.550000 249744.000000
7.560000 249980.000000
7.570000 250002.000000
7.580000 249972.000000
7.590000 249810.000000
7.600000 249742.000000
7.610000 249886.000000
7.620000 250172.000000
7.630000 249750.000000
7.640000 249520.000000
7.650000 249122.000000
7.660000 249642.000000
7.670000 249368.000000
7.680000 249364.000000
7.690000 249648.000000
7.700000 249636.000000
7.710000 249778.000000
7.720000 249824.000000
7.730000 249636.000000
7.740000 249962.000000
7.750000 249788.000000
7.760000 249406.000000
7.770000 249788.000000
7.780000 250010.000000
7.790000 249776.000000
7.800000 249932.000000
7.810000 250244.000000
7.820000 249740.000000
7.830000 249840.000000
7.840000 249860.000000
7.850000 249634.000000
7.860000 249976.000000
7.870000 249850.000000
7.880000 249920.000000
7.890000 250124.000000
7.900000 249922.000000
7.910000 250268.000000
7.920000 249828.000000
7.930000 249976.000000
7.940000 249814.000000
7.950000 249820.000000
7.960000 249554.000000
7.970000 249494.000000
7.980000 248738.000000
7.990000 248708.000000
8.000000 248674.000000
8.010000 248700.000000
8.020000 248542.000000
8.030000 248972.000000
8.040000 249294.000000
8.050000 249642.000000
8.060000 249468.000000
8.070000 249574.000000
8.080000 249330.000000
8.090000 249764.000000
8.100000 249582.000000
8.110000 249636.000000
8.120000 249226.000000
8.130000 249548.000000
8.140000 249478.000000
8.150000 249300.000000
8.160000 249336.000000
8.170000 249516.000000
8.180000 249800.000000
8.190000 249494.000000
8.200000 249332.000000
8.210000 249036.000000
8.220000 249324.000000
8.230000 249482.000000
8.240000 249570.000000
8.250000 249688.000000
8.260000 249570.000000
8.270000 249796.000000
8.280000 250234.000000
8.290000 250446.000000
8.300000 250588.000000
8.310000 250366.000000
8.320000 250126.000000
8.330000 250206.000000
8.340000 249994.000000
8.350000 250006.000000
8.360000 249908.000000
8.370000 250048.000000
8.380000 250024.000000
8.390000 250334.000000
8.400000 249992.000000
8.410000 249968.000000
8.420000 250424.000000
8.430000 250324.000000
8.440000 250102.000000
8.450000 249870.000000
8.460000 249554.000000
8.470000 249860.000000
8.480000 249708.000000
8.490000 250026.000000
8.500000 249802.000000
8.510000 249910.000000
8.520000 249580.000000
8.530000 249824.000000
8.540000 249844.000000
8.550000 250132.000000
8.560000 250604.000000
8.570000 250654.000000
8.580000 250780.000000
8.590000 250968.000000
8.600000 250850.000000
8.610000 250628.000000
8.620000 250148.000000
8.630000 250030.000000
8.640000 249846.000000
8.650000 249948.000000
8.660000 250184.000000
8.670000 249808.000000
8.680000 249796.000000
8.690000 249522.000000
8.700000 249594.000000
8.710000 249588.000000
8.720000 249714.000000
8.730000 249830.000000
8.740000 249904.000000
8.750000 249528.000000
8.760000 249820.000000
8.770000 249928.000000
8.780000 249734.000000
8.790000 249510.000000
8.800000 249438.000000
8.810000 250026.000000
8.820000 250040.000000
8.830000 249632.000000
8.840000 249352.000000
8.850000 249210.000000
8.860000 249312.000000
8.870000 249514.000000
8.880000 249332.000000
8.890000 248908.000000
8.900000 249062.000000
8.910000 249554.000000
8.920000 249676.000000
8.930000 249928.000000
8.940000 249962.000000
8.950000 249684.000000
8.960000 249754.000000
8.970000 249746.000000
8.980000 249874.000000
8.990000 249886.000000
9.000000 249548.000000
9.010000 249394.000000
9.020000 249350.000000
9.030000 249624.000000
9.040000 250042.000000
9.050000 250396.000000
9.060000 250332.000000
9.070000 250228.000000
9.080000 249836.000000
9.090000 249882.000000
9.100000 250038.000000
9.110000 250088.000000
9.120000 250132.000000
9.130000 250092.000000
9.140000 249886.000000
9.150000 249350.000000
9.160000 249246.000000
9.170000 249178.000000
9.180000 249222.000000
9.190000 249536.000000
9.200000 249942.000000
9.210000 250046.000000
9.220000 249764.000000
9.230000 249576.000000
9.240000 249542.000000
9.250000 249452.000000
9.260000 249588.000000
9.270000 249402.000000
9.280000 249420.000000
9.290000 249860.000000
9.300000 249580.000000
9.310000 249204.000000
9.320000 249094.000000
9.330000 249028.000000
9.340000 249418.000000
9.350000 249288.000000
9.360000 249550.000000
9.370000 249452.000000
9.380000 249084.000000
9.390000 248886.000000
9.400000 249062.000000
9.410000 248904.000000
9.420000 249154.000000
9.430000 249140.000000
9.440000 248972.000000
9.450000 249022.000000
9.460000 248806.000000
9.470000 248802.000000
9.480000 248742.000000
9.490000 248850.000000
9.500000 248348.000000
9.510000 248478.000000
9.520000 248510.000000
9.530000 248686.000000
9.540000 249506.000000
9.550000 249438.000000
9.560000 249296.000000
9.570000 249810.000000
9.580000 250124.000000
9.590000 250582.000000
9.600000 250882.000000
9.610000 250296.000000
9.620000 250406.000000
9.630000 250472.000000
9.640000 250242.000000
9.650000 249890.000000
9.660000 249588.000000
9.670000 249698.000000
9.680000 249724.000000
9.690000 249770.000000
9.700000 249760.000000
9.710000 250030.000000
9.720000 250294.000000
9.730000 250232.000000
9.740000 250026.000000
9.750000 250228.000000
9.760000 250182.000000
9.770000 250048.000000
9.780000 249914.000000
9.790000 249946.000000
9.800000 249762.000000
9.810000 249582.000000
9.820000 249358.000000
9.830000 249406.000000
9.840000 249518.000000
9.850000 249496.000000
9.860000 250006.000000
9.870000 250254.000000
9.880000 249830.000000
9.890000 249888.000000
9.900000 249668.000000
9.910000 249762.000000
9.920000 249664.000000
9.930000 249640.000000
9.940000 249836.000000
9.950000 250300.000000
9.960000 250740.000000
9.970000 250678.000000
9.980000 250212.000000
9.990000 249942.000000
10.000000 249824.000000
