# time covered_sites
0.010000 30750.000000
0.020000 57514.000000
0.030000 80660.000000
0.040000 101166.000000
0.050000 119450.000000
0.060000 134896.000000
0.070000 148188.000000
0.080000 160088.000000
0.090000 170362.000000
0.100000 179028.000000
0.110000 186870.000000
0.120000 193602.000000
0.130000 198922.000000
0.140000 203946.000000
0.150000 207922.000000
0.160000 211476.000000
0.170000 214812.000000
0.180000 217916.000000
0.190000 220714.000000
0.200000 222328.000000
0.210000 224332.000000
0.220000 226392.000000
0.230000 227496.000000
0.240000 228904.000000
0.250000 230130.000000
0.260000 231376.000000
0.270000 232338.000000
0.280000 233256.000000
0.290000 234106.000000
0.300000 234672.000000
0.310000 235252.000000
0.320000 235766.000000
0.330000 236546.000000
0.340000 236932.000000
0.350000 236862.000000
0.360000 237606.000000
0.370000 238244.000000
0.380000 238980.000000
0.390000 239614.000000
0.400000 240186.000000
0.410000 240850.000000
0.420000 240896.000000
0.430000 241590.000000
0.440000 241842.000000
0.450000 242332.000000
0.460000 242394.000000
0.470000 242174.000000
0.480000 242550.000000
0.490000 241938.000000
0.500000 242102.000000
0.510000 242330.000000
0.520000 242432.000000
0.530000 242332.000000
0.540000 242422.000000
0.550000 242694.000000
0.560000 243088.000000
0.570000 243280.000000
0.580000 243502.000000
0.590000 243364.000000
0.600000 243210.000000
0.610000 243352.000000
0.620000 243706.000000
0.630000 244210.000000
0.640000 244524.000000
0.650000 244452.000000
0.660000 244364.000000
0.670000 244824.000000
0.680000 244802.000000
0.690000 244814.000000
0.700000 245008.000000
0.710000 245106.000000
0.720000 245082.000000
0.730000 245074.000000
0.740000 245750.000000
0.750000 245864.000000
0.760000 245984.000000
0.770000 245866.000000
0.780000 245720.000000
0.790000 245922.000000
0.800000 245970.000000
0.810000 246132.000000
0.820000 246766.000000
0.830000 246778.000000
0.840000 247122.000000
0.850000 247138.000000
0.860000 247134.000000
0.870000 247174.000000
0.880000 247442.000000
0.890000 247320.000000
0.900000 246938.000000
0.910000 247134.000000
0.920000 247342.000000
0.930000 247192.000000
0.940000 246972.000000
0.950000 247084.000000
0.960000 246996.000000
0.970000 246716.000000
0.980000 246900.000000
0.990000 246902.000000
1.000000 247236.000000
1.010000 247450.000000
1.020000 247680.000000
1.030000 247522.000000
1.040000 247566.000000
1.050000 247304.000000
1.060000 247156.000000
1.070000 247200.000000
1.080000 247134.000000
1.090000 247274.000000
1.100000 247312.000000
1.110000 247382.000000
1.120000 247612.000000
1.130000 247740.000000
1.140000 248026.000000
1.150000 247930.000000
1.160000 247632.000000
1.170000 248114.000000
1.180000 247604.000000
1.190000 247600.000000
1.200000 247706.000000
1.210000 247600.000000
1.220000 247378.000000
1.230000 247740.000000
1.240000 247720.000000
1.250000 248044.000000
1.260000 247750.000000
1.270000 248104.000000
1.280000 248330.000000
1.290000 248296.000000
1.300000 248232.000000
1.310000 247752.000000
1.320000 247752.000000
1.330000 248170.000000
1.340000 248316.000000
1.350000 248150.000000
1.360000 248334.000000
1.370000 248130.000000
1.380000 248048.000000
1.390000 247834.000000
1.400000 247492.000000
1.410000 247416.000000
1.420000 247586.000000
1.430000 247590.000000
1.440000 247414.000000
1.450000 247424.000000
1.460000 247912.000000
1.470000 248158.000000
1.480000 248092.000000
1.490000 247592.000000
1.500000 247924.000000
1.510000 247758.000000
1.520000 247536.000000
1.530000 247870.000000
1.540000 248232.000000
1.550000 248290.000000
1.560000 247950.000000
1.570000 248042.000000
1.580000 247784.000000
1.590000 247814.000000
1.600000 248286.000000
1.610000 248502.000000
1.620000 248516.000000
1.630000 248592.000000
1.640000 248540.000000
1.650000 248560.000000
1.660000 248312.000000
1.670000 248466.000000
1.680000 248430.000000
1.690000 248632.000000
1.700000 248668.000000
1.710000 248412.000000
1.720000 248364.000000
1.730000 248776.000000
1.740000 248756.000000
1.750000 248486.000000
1.760000 248562.000000
1.770000 248570.000000
1.780000 248456.000000
1.790000 248142.000000
1.800000 248342.000000
1.810000 247820.000000
1.820000 248132.000000
1.830000 248512.000000
1.840000 248150.000000
1.850000 248346.000000
1.860000 248262.000000
1.870000 248264.000000
1.880000 248428.000000
1.890000 248490.000000
1.900000 248130.000000
1.910000 248238.000000
1.920000 248032.000000
1.930000 248548.000000
1.940000 248544.000000
1.950000 249016.000000
1.960000 249084.000000
1.970000 249352.000000
1.980000 249196.000000
1.990000 248892.000000
2.000000 248762.000000
2.010000 248460.000000
2.020000 248430.000000
2.030000 248792.000000
2.040000 248514.000000
2.050000 248684.000000
2.060000 248450.000000
2.070000 248232.000000
2.080000 248440.000000
2.090000 248218.000000
2.100000 248766.000000
2.110000 248780.000000
2.120000 248548.000000
2.130000 248988.000000
2.140000 248938.000000
2.150000 248898.000000
2.160000 248754.000000
2.170000 248796.000000
2.180000 248924.000000
2.190000 249450.000000
2.200000 249090.000000
2.210000 249188.000000
2.220000 248634.000000
2.230000 248310.000000
2.240000 248522.000000
2.250000 248368.000000
2.260000 248146.000000
2.270000 248008.000000
2.280000 247780.000000
2.290000 247798.000000
2.300000 247558.000000
2.310000 248000.000000
2.320000 248070.000000
2.330000 248208.000000
2.340000 248640.000000
2.350000 248894.000000
2.360000 248866.000000
2.370000 248984.000000
2.380000 249332.000000
2.390000 249332.000000
2.400000 249504.000000
2.410000 249438.000000
2.420000 249602.000000
2.430000 249672.000000
2.440000 249578.000000
2.450000 249436.000000
2.460000 249708.000000
2.470000 249588.000000
2.480000 249646.000000
2.490000 248880.000000
2.500000 248666.000000
2.510000 248822.000000
2.520000 249022.000000
2.530000 248740.000000
2.540000 248582.000000
2.550000 248816.000000
2.560000 248816.000000
2.570000 248874.000000
2.580000 248982.000000
2.590000 248674.000000
2.600000 248536.000000
2.610000 248932.000000
2.620000 249326.000000
2.630000 248850.000000
2.640000 248868.000000
2.650000 249006.000000
2.660000 248618.000000
2.670000 248422.000000
2.680000 248884.000000
2.690000 248836.000000
2.700000 248726.000000
2.710000 248956.000000
2.720000 248922.000000
2.730000 249018.000000
2.740000 249316.000000
2.750000 249048.000000
2.760000 249216.000000
2.770000 249384.000000
2.780000 249424.000000
2.790000 249484.000000
2.800000 249048.000000
2.810000 249544.000000
2.820000 249656.000000
2.830000 249474.000000
2.840000 249672.000000
2.850000 249280.000000
2.860000 249388.000000
2.870000 249644.000000
2.880000 249426.000000
2.890000 249362.000000
2.900000 249282.000000
2.910000 249258.000000
2.920000 249616.000000
2.930000 249920.000000
2.940000 249646.000000
2.950000 249826.000000
2.960000 249610.000000
2.970000 249736.000000
2.980000 249730.000000
2.990000 249566.000000
3.000000 249340.000000
3.010000 249432.000000
3.020000 249594.000000
3.030000 249402.000000
3.040000 249456.000000
3.050000 249374.000000
3.060000 249590.000000
3.070000 249482.000000
3.080000 249358.000000
3.090000 249388.000000
3.100000 249516.000000
3.110000 249822.000000
3.120000 250028.000000
3.130000 250018.000000
3.140000 249864.000000
3.150000 249874.000000
3.160000 249470.000000
3.170000 249502.000000
3.180000 249730.000000
3.190000 249798.000000
3.200000 249854.000000
3.210000 250206.000000
3.220000 250260.000000
3.230000 250160.000000
3.240000 250020.000000
3.250000 250148.000000
3.260000 249842.000000
3.270000 249920.000000
3.280000 250244.000000
3.290000 250086.000000
3.300000 249614.000000
3.310000 249318.000000
3.320000 249160.000000
3.330000 249176.000000
3.340000 248930.000000
3.350000 249198.000000
3.360000 249374.000000
3.370000 249804.000000
3.380000 249544.000000
3.390000 249154.000000
3.400000 249058.000000
3.410000 249160.000000
3.420000 249260.000000
3.430000 249380.000000
3.440000 249464.000000
3.450000 249252.000000
3.460000 249648.000000
3.470000 249354.000000
3.480000 249198.000000
3.490000 249278.000000
3.500000 249448.000000
3.510000 249150.000000
3.520000 249346.000000
3.530000 249590.000000
3.540000 249584.000000
3.550000 249048.000000
3.560000 249066.000000
3.570000 249066.000000
3.580000 248930.000000
3.590000 248950.000000
3.600000 248754.000000
3.610000 248734.000000
3.620000 248826.000000
3.630000 248908.000000
3.640000 248818.000000
3.650000 248946.000000
3.660000 249170.000000
3.670000 249444.000000
3.680000 249366.000000
3.690000 249442.000000
3.700000 249718.000000
3.710000 249500.000000
3.720000 249614.000000
3.730000 249298.000000
3.740000 248686.000000
3.750000 248854.000000
3.760000 248818.000000
3.770000 248904.000000
3.780000 249150.000000
3.790000 249260.000000
3.800000 249550.000000
3.810000 249830.000000
3.820000 249856.000000
3.830000 249722.000000
3.840000 249394.000000
3.850000 249540.000000
3.860000 249598.000000
3.870000 249768.000000
3.880000 249654.000000
3.890000 250164.000000
3.900000 249922.000000
3.910000 250100.000000
3.920000 249696.000000
3.930000 249416.000000
3.940000 249514.000000
3.950000 250032.000000
3.960000 250230.000000
3.970000 250104.000000
3.980000 249654.000000
3.990000 249420.000000
4.000000 249114.000000
4.010000 249130.000000
4.020000 248768.000000
4.030000 248922.000000
4.040000 249364.000000
4.050000 249390.000000
4.060000 250058.000000
4.070000 250168.000000
4.080000 250084.000000
4.090000 249838.000000
4.100000 249700.000000
4.110000 249840.000000
4.120000 249872.000000
4.130000 249942.000000
4.140000 249966.000000
4.150000 249734.000000
4.160000 250002.000000
4.170000 250140.000000
4.180000 250064.000000
4.190000 250068.000000
4.200000 250076.000000
4.210000 250114.000000
4.220000 250148.000000
4.230000 250050.000000
4.240000 250266.000000
4.250000 250102.000000
4.260000 250100.000000
4.270000 250214.000000
4.280000 250268.000000
4.290000 250156.000000
4.300000 250304.000000
4.310000 250214.000000
4.320000 249544.000000
4.330000 250056.000000
4.340000 249826.000000
4.350000 249622.000000
4.360000 249800.000000
4.370000 249544.000000
4.380000 249638.000000
4.390000 249964.000000
4.400000 250386.000000
4.410000 250218.000000
4.420000 250498.000000
4.430000 250332.000000
4.440000 250200.000000
4.450000 249854.000000
4.460000 249842.000000
4.470000 249636.000000
4.480000 249670.000000
4.490000 249624.000000
4.500000 249670.000000
4.510000 249678.000000
4.520000 249788.000000
4.530000 249716.000000
4.540000 249866.000000
4.550000 249552.000000
4.560000 249512.000000
4.570000 249576.000000
4.580000 249506.000000
4.590000 249662.000000
4.600000 250164.000000
4.610000 249750.000000
4.620000 249938.000000
4.630000 250200.000000
4.640000 250450.000000
4.650000 250374.000000
4.660000 250060.000000
4.670000 250164.000000
4.680000 249912.000000
4.690000 249732.000000
4.700000 249772.000000
4.710000 250054.000000
4.720000 250304.000000
4.730000 250122.000000
4.740000 250540.000000
4.750000 250214.000000
4.760000 249922.000000
4.770000 250242.000000
4.780000 249966.000000
4.790000 250082.000000
4.800000 250212.000000
4.810000 250034.000000
4.820000 249978.000000
4.830000 250314.000000
4.840000 250164.000000
4.850000 250254.000000
4.860000 250082.000000
4.870000 249956.000000
4.880000 249816.000000
4.890000 249642.000000
4.900000 249592.000000
4.910000 249364.000000
4.920000 249152.000000
4.930000 248998.000000
4.940000 249040.000000
4.950000 249338.000000
4.960000 249504.000000
4.970000 249998.000000
4.980000 249826.000000
4.990000 249622.000000
5.000000 249186.000000
5.010000 249114.000000
5.020000 248996.000000
5.030000 248852.000000
5.040000 248652.000000
5.050000 249080.000000
5.060000 249148.000000
5.070000 248988.000000
5.080000 249216.000000
5.090000 249440.000000
5.100000 249376.000000
5.110000 249480.000000
5.120000 249280.000000
5.130000 249430.000000
5.140000 249526.000000
5.150000 249330.000000
5.160000 249288.000000
5.170000 249072.000000
5.180000 248936.000000
5.190000 249034.000000
5.200000 249084.000000
5.210000 248758.000000
5.220000 248746.000000
5.230000 248958.000000
5.240000 248780.000000
5.250000 249340.000000
5.260000 249406.000000
5.270000 249856.000000
5.280000 250144.000000
5.290000 250194.000000
5.300000 249772.000000
5.310000 249880.000000
5.320000 249864.000000
5.330000 249374.000000
5.340000 249406.000000
5.350000 249716.000000
5.360000 249656.000000
5.370000 249368.000000
5.380000 249676.000000
5.390000 249358.000000
5.400000 249258.000000
5.410000 249478.000000
5.420000 249432.000000
5.430000 249472.000000
5.440000 249388.000000
5.450000 249812.000000
5.460000 249326.000000
5.470000 249220.000000
5.480000 249680.000000
5.490000 249700.000000
5.500000 249868.000000
5.510000 249548.000000
5.520000 249396.000000
5.530000 249488.000000
5.540000 249566.000000
5.550000 249886.000000
5.560000 249992.000000
5.570000 249854.000000
5.580000 249750.000000
5.590000 250188.000000
5.600000 249912.000000
5.610000 250094.000000
5.620000 249510.000000
5.630000 249598.000000
5.640000 250252.000000
5.650000 250186.000000
5.660000 250396.000000
5.670000 250148.000000
5.680000 249814.000000
5.690000 250244.000000
5.700000 250300.000000
5.710000 250010.000000
5.720000 249818.000000
5.730000 249794.000000
5.740000 249432.000000
5.750000 249652.000000
5.760000 249762.000000
5.770000 249830.000000
5.780000 249768.000000
5.790000 249694.000000
5.800000 249846.000000
5.810000 250072.000000
5.820000 249840.000000
5.830000 250026.000000
5.840000 249594.000000
5.850000 249428.000000
5.860000 249710.000000
5.870000 249784.000000
5.880000 249812.000000
5.890000 249876.000000
5.900000 249602.000000
5.910000 249872.000000
5.920000 250014.000000
5.930000 249932.000000
5.940000 249692.000000
5.950000 249484.000000
5.960000 249356.000000
5.970000 249142.000000
5.980000 249514.000000
5.990000 249374.000000
6.000000 249466.000000
6.010000 249440.000000
6.020000 249520.000000
6.030000 249632.000000
6.040000 249644.000000
6.050000 249928.000000
6.060000 249912.000000
6.070000 250176.000000
6.080000 250218.000000
6.090000 250210.000000
6.100000 250374.000000
6.110000 250524.000000
6.120000 250140.000000
6.130000 250098.000000
6.140000 250156.000000
6.150000 249892.000000
6.160000 250316.000000
6.170000 250582.000000
6.180000 250052.000000
6.190000 250144.000000
6.200000 249658.000000
6.210000 249840.000000
6.220000 249802.000000
6.230000 250124.000000
6.240000 250330.000000
6.250000 250478.000000
6.260000 250220.000000
6.270000 250556.000000
6.280000 251068.000000
6.290000 250582.000000
6.300000 250714.000000
6.310000 250358.000000
6.320000 249796.000000
6.330000 249676.000000
6.340000 249956.000000
6.350000 250190.000000
6.360000 250118.000000
6.370000 249894.000000
6.380000 249538.000000
6.390000 249938.000000
6.400000 249758.000000
6.410000 250018.000000
6.420000 249690.000000
6.430000 249870.000000
6.440000 249516.000000
6.450000 249648.000000
6.460000 249882.000000
6.470000 249768.000000
6.480000 249260.000000
6.490000 249306.000000
6.500000 249482.000000
6.510000 249458.000000
6.520000 249736.000000
6.530000 249838.000000
6.540000 249816.000000
6.550000 249582.000000
6.560000 249356.000000
6.570000 249354.000000
6.580000 249448.000000
6.590000 248896.000000
6.600000 248710.000000
6.610000 248786.000000
6.620000 248704.000000
6.630000 248908.000000
6.640000 249322.000000
6.650000 249280.000000
6.660000 248850.000000
6.670000 248938.000000
6.680000 248906.000000
6.690000 249506.000000
6.700000 249194.000000
6.710000 249608.000000
6.720000 249704.000000
6.730000 249602.000000
6.740000 249852.000000
6.750000 249788.000000
6.760000 249532.000000
6.770000 249444.000000
6.780000 249706.000000
6.790000 249914.000000
6.800000 249586.000000
6.810000 249378.000000
6.820000 249054.000000
6.830000 249200.000000
6.840000 248708.000000
6.850000 248938.000000
6.860000 249026.000000
6.870000 249284.000000
6.880000 249468.000000
6.890000 249426.000000
6.900000 249602.000000
6.910000 249458.000000
6.920000 249674.000000
6.930000 249592.000000
6.940000 249350.000000
6.950000 249252.000000
6.960000 249514.000000
6.970000 249436.000000
6.980000 249222.000000
6.990000 249256.000000
7.000000 249220.000000
7.010000 249078.000000
7.020000 249290.000000
7.030000 249822.000000
7.040000 249828.000000
7.050000 249576.000000
7.060000 249564.000000
7.070000 249816.000000
7.080000 249828.000000
7.090000 250256.000000
7.100000 249856.000000
7.110000 250272.000000
7.120000 250254.000000
7.130000 250024.000000
7.140000 249874.000000
7.150000 249630.000000
7.160000 249430.000000
7.170000 249310.000000
7.180000 249362.000000
7.190000 249768.000000
7.200000 249918.000000
7.210000 249958.000000
7.220000 249582.000000
7.230000 249358.000000
7.240000 249324.000000
7.250000 249582.000000
7.260000 249776.000000
7.270000 249598.000000
7.280000 249396.000000
7.290000 249532.000000
7.300000 249546.000000
7.310000 249736.000000
7.320000 249588.000000
7.330000 249692.000000
7.340000 250028.000000
7.350000 249982.000000
7.360000 250178.000000
7.370000 249760.000000
7.380000 249926.000000
7.390000 250170.000000
7.400000 249942.000000
7.410000 249830.000000
7.420000 249912.000000
7.430000 249256.000000
7.440000 249244.000000
7.450000 249370.000000
7.460000 249304.000000
7.470000 249006.000000
7.480000 249066.000000
7.490000 249042.000000
7.500000 248948.000000
7.510000 249220.000000
7.520000 248854.000000
7.530000 249542.000000
7.540000 249734.000000
7.550000 249540.000000
7.560000 249384.000000
7.570000 249230.000000
7.580000 249276.000000
7.590000 249418.000000
7.600000 249422.000000
7.610000 249512.000000
7.620000 249374.000000
7.630000 249780.000000
7.640000 249596.000000
7.650000 249654.000000
7.660000 249560.000000
7.670000 249910.000000
7.680000 249808.000000
7.690000 250212.000000
7.700000 249996.000000
7.710000 249528.000000
7.720000 249758.000000
7.730000 250088.000000
7.740000 250476.000000
7.750000 250036.000000
7.760000 249574.000000
7.770000 249834.000000
7.780000 249434.000000
7.790000 249658.000000
7.800000 249016.000000
7.810000 249064.000000
7.820000 249146.000000
7.830000 249476.000000
7.840000 249480.000000
7.850000 249370.000000
7.860000 249258.000000
7.870000 249496.000000
7.880000 249830.000000
7.890000 249712.000000
7.900000 249658.000000
7.910000 249602.000000
7.920000 249946.000000
7.930000 249724.000000
7.940000 249814.000000
7.950000 249876.000000
7.960000 250052.000000
7.970000 250658.000000
7.980000 250298.000000
7.990000 250082.000000
8.000000 250208.000000
8.010000 250152.000000
8.020000 249970.000000
8.030000 250114.000000
8.040000 249998.000000
8.050000 249618.000000
8.060000 249812.000000
8.070000 249914.000000
8.080000 249702.000000
8.090000 249846.000000
8.100000 250036.000000
8.110000 250168.000000
8.120000 249868.000000
8.130000 249576.000000
8.140000 249416.000000
8.150000 249360.000000
8.160000 249418.000000
8.170000 249632.000000
8.180000 249832.000000
8.190000 249642.000000
8.200000 250208.000000
8.210000 250256.000000
8.220000 250442.000000
8.230000 250388.000000
8.240000 250336.000000
8.250000 250180.000000
8.260000 250234.000000
8.270000 250534.000000
8.280000 250580.000000
8.290000 250444.000000
8.300000 250426.000000
8.310000 250012.000000
8.320000 250374.000000
8.330000 250530.000000
8.340000 250504.000000
8.350000 249930.000000
8.360000 250116.000000
8.370000 250172.000000
8.380000 250156.000000
8.390000 249960.000000
8.400000 250002.000000
8.410000 249938.000000
8.420000 250074.000000
8.430000 249882.000000
8.440000 249802.000000
8.450000 250136.000000
8.460000 250334.000000
8.470000 250138.000000
8.480000 250402.000000
8.490000 250406.000000
8.500000 250200.000000
8.510000 250184.000000
8.520000 250474.000000
8.530000 250088.000000
8.540000 250422.000000
8.550000 250506.000000
8.560000 250276.000000
8.570000 250072.000000
8.580000 249982.000000
8.590000 250134.000000
8.600000 250388.000000
8.610000 250260.000000
8.620000 250188.000000
8.630000 250214.000000
8.640000 250418.000000
8.650000 250524.000000
8.660000 250496.000000
8.670000 250356.000000
8.680000 250118.000000
8.690000 249914.000000
8.700000 250304.000000
8.710000 250080.000000
8.720000 249722.000000
8.730000 249916.000000
8.740000 250122.000000
8.750000 249464.000000
8.760000 249448.000000
8.770000 249568.000000
8.780000 249564.000000
8.790000 249644.000000
8.800000 249528.000000
8.810000 249564.000000
8.820000 249120.000000
8.830000 249434.000000
8.840000 249670.000000
8.850000 249982.000000
8.860000 249874.000000
8.870000 250006.000000
8.880000 250018.000000
8.890000 250074.000000
8.900000 249580.000000
8.910000 249518.000000
8.920000 249458.000000
8.930000 249352.000000
8.940000 249504.000000
8.950000 249400.000000
8.960000 249504.000000
8.970000 249414.000000
8.980000 249070.000000
8.990000 249236.000000
9.000000 249264.000000
9.010000 249128.000000
9.020000 249692.000000
9.030000 249632.000000
9.040000 249282.000000
9.050000 249246.000000
9.060000 249074.000000
9.070000 249536.000000
9.080000 249418.000000
9.090000 249216.000000
9.100000 249688.000000
9.110000 249810.000000
9.120000 249824.000000
9.130000 249806.000000
9.140000 250104.000000
9.150000 249970.000000
9.160000 249980.000000
9.170000 250288.000000
9.180000 250160.000000
9.190000 250002.000000
9.200000 249592.000000
9.210000 249482.000000
9.220000 249288.000000
9.230000 249378.000000
9.240000 249408.000000
9.250000 249400.000000
9.260000 249212.000000
9.270000 249672.000000
9.280000 249600.000000
9.290000 249798.000000
9.300000 250312.000000
9.310000 250298.000000
9.320000 250294.000000
9.330000 249860.000000
9.340000 249988.000000
9.350000 250030.000000
9.360000 250634.000000
9.370000 250352.000000
9.380000 250200.000000
9.390000 249854.000000
9.400000 250010.000000
9.410000 250036.000000
9.420000 249934.000000
9.430000 249660.000000
9.440000 249772.000000
9.450000 249630.000000
9.460000 249562.000000
9.470000 249596.000000
9.480000 249384.000000
9.490000 249122.000000
9.500000 249442.000000
9.510000 249406.000000
9.520000 249544.000000
9.530000 249402.000000
9.540000 249852.000000
9.550000 249392.000000
9.560000 249574.000000
9.570000 249390.000000
9.580000 249592.000000
9.590000 249626.000000
9.600000 249470.000000
9.610000 249550.000000
9.620000 249884.000000
9.630000 250168.000000
9.640000 250030.000000
9.650000 250122.000000
9.660000 250332.000000
9.670000 250006.000000
9.680000 250220.000000
9.690000 250464.000000
9.700000 250612.000000
9.710000 250546.000000
9.720000 250372.000000
9.730000 250100.000000
9.740000 249866.000000
9.750000 249910.000000
9.760000 249822.000000
9.770000 250096.000000
9.780000 250446.000000
9.790000 249908.000000
9.800000 249746.000000
9.810000 249828.000000
9.820000 249792.000000
9.830000 249940.000000
9.840000 249906.000000
9.850000 250222.000000
9.860000 249988.000000
9.870000 249952.000000
9.880000 250004.000000
9.890000 249632.000000
9.900000 249648.000000
9.910000 249582.000000
9.920000 249622.000000
9.930000 250018.000000
9.940000 249940.000000
9.950000 250160.000000
9.960000 250532.000000
9.970000 250248.000000
9.980000 250184.000000
9.990000 250546.000000
10.000000 250636.000000
