# i correlation
1 0.001628
2 0.001593
3 0.001561
4 0.001533
5 0.001504
6 0.001478
7 0.001453
8 0.001431
9 0.001412
10 0.001394
11 0.001375
12 0.001358
13 0.001344
14 0.001333
15 0.001324
16 0.001315
17 0.001306
18 0.001296
19 0.001288
20 0.001282
21 0.001275
22 0.001268
23 0.001264
24 0.001259
25 0.001251
26 0.001240
27 0.001234
28 0.001227
29 0.001217
30 0.001208
31 0.001197
32 0.001190
33 0.001186
34 0.001183
35 0.001180
36 0.001175
37 0.001169
38 0.001165
39 0.001159
40 0.001151
41 0.001140
42 0.001129
43 0.001120
44 0.001113
45 0.001107
46 0.001105
47 0.001103
48 0.001101
49 0.001099
50 0.001095
51 0.001093
52 0.001087
53 0.001080
54 0.001074
55 0.001070
56 0.001063
57 0.001060
58 0.001057
59 0.001055
60 0.001053
61 0.001051
62 0.001052
63 0.001049
64 0.001045
65 0.001039
66 0.001033
67 0.001026
68 0.001017
69 0.001009
70 0.000999
71 0.000994
72 0.000988
73 0.000983
74 0.000979
75 0.000973
76 0.000966
77 0.000963
78 0.000962
79 0.000959
80 0.000956
81 0.000951
82 0.000948
83 0.000945
84 0.000940
85 0.000934
86 0.000929
87 0.000925
88 0.000921
89 0.000915
90 0.000909
91 0.000901
92 0.000893
93 0.000882
94 0.000873
95 0.000865
96 0.000863
97 0.000862
98 0.000865
99 0.000869
100 0.000870
101 0.000872
102 0.000876
103 0.000874
104 0.000867
105 0.000857
106 0.000851
107 0.000844
108 0.000836
109 0.000827
110 0.000819
111 0.000816
112 0.000813
113 0.000811
114 0.000806
115 0.000802
116 0.000799
117 0.000795
118 0.000793
119 0.000790
120 0.000789
121 0.000784
122 0.000781
123 0.000776
124 0.000772
125 0.000770
126 0.000771
127 0.000771
128 0.000767
129 0.000761
130 0.000754
131 0.000748
132 0.000740
133 0.000737
134 0.000730
135 0.000727
136 0.000724
137 0.000725
138 0.000724
139 0.000726
140 0.000728
141 0.000728
142 0.000728
143 0.000725
144 0.000719
145 0.000716
146 0.000714
147 0.000712
148 0.000708
149 0.000706
150 0.000706
151 0.000704
152 0.000702
153 0.000698
154 0.000696
155 0.000693
156 0.000689
157 0.000684
158 0.000679
159 0.000676
160 0.000677
161 0.000677
162 0.000679
163 0.000681
164 0.000685
165 0.000690
166 0.000697
167 0.000699
168 0.000697
169 0.000695
170 0.000694
171 0.000692
172 0.000687
173 0.000682
174 0.000674
175 0.000671
176 0.000667
177 0.000664
178 0.000663
179 0.000662
180 0.000659
181 0.000657
182 0.000653
183 0.000650
184 0.000653
185 0.000656
186 0.000662
187 0.000667
188 0.000674
189 0.000677
190 0.000681
191 0.000686
192 0.000689
193 0.000689
194 0.000687
195 0.000686
196 0.000683
197 0.000680
198 0.000676
199 0.000675
200 0.000675
201 0.000676
202 0.000678
203 0.000678
204 0.000677
205 0.000678
206 0.000678
207 0.000680
208 0.000679
209 0.000677
210 0.000679
211 0.000678
212 0.000677
213 0.000676
214 0.000677
215 0.000674
216 0.000672
217 0.000667
218 0.000662
219 0.000660
220 0.000656
221 0.000651
222 0.000645
223 0.000637
224 0.000630
225 0.000627
226 0.000623
227 0.000616
228 0.000610
229 0.000608
230 0.000605
231 0.000600
232 0.000596
233 0.000590
234 0.000584
235 0.000581
236 0.000574
237 0.000568
238 0.000563
239 0.000557
240 0.000552
241 0.000547
242 0.000541
243 0.000538
244 0.000537
245 0.000537
246 0.000537
247 0.000534
248 0.000531
249 0.000527
