# i correlation
1 0.001628
2 0.001591
3 0.001561
4 0.001535
5 0.001512
6 0.001497
7 0.001480
8 0.001463
9 0.001449
10 0.001440
11 0.001424
12 0.001406
13 0.001392
14 0.001380
15 0.001367
16 0.001356
17 0.001343
18 0.001328
19 0.001313
20 0.001302
21 0.001291
22 0.001283
23 0.001271
24 0.001260
25 0.001248
26 0.001235
27 0.001224
28 0.001211
29 0.001198
30 0.001186
31 0.001174
32 0.001164
33 0.001154
34 0.001142
35 0.001131
36 0.001122
37 0.001116
38 0.001109
39 0.001099
40 0.001091
41 0.001081
42 0.001068
43 0.001058
44 0.001050
45 0.001042
46 0.001036
47 0.001033
48 0.001028
49 0.001025
50 0.001022
51 0.001018
52 0.001011
53 0.001005
54 0.000999
55 0.000992
56 0.000983
57 0.000977
58 0.000971
59 0.000967
60 0.000966
61 0.000967
62 0.000969
63 0.000969
64 0.000966
65 0.000964
66 0.000963
67 0.000960
68 0.000958
69 0.000956
70 0.000953
71 0.000948
72 0.000945
73 0.000939
74 0.000936
75 0.000934
76 0.000930
77 0.000925
78 0.000920
79 0.000913
80 0.000904
81 0.000898
82 0.000893
83 0.000885
84 0.000878
85 0.000876
86 0.000875
87 0.000872
88 0.000869
89 0.000863
90 0.000857
91 0.000851
92 0.000848
93 0.000845
94 0.000842
95 0.000844
96 0.000842
97 0.000841
98 0.000844
99 0.000845
100 0.000845
101 0.000844
102 0.000841
103 0.000839
104 0.000838
105 0.000836
106 0.000830
107 0.000826
108 0.000820
109 0.000815
110 0.000813
111 0.000809
112 0.000801
113 0.000792
114 0.000787
115 0.000784
116 0.000783
117 0.000783
118 0.000781
119 0.000781
120 0.000780
121 0.000780
122 0.000778
123 0.000777
124 0.000776
125 0.000775
126 0.000774
127 0.000775
128 0.000773
129 0.000770
130 0.000764
131 0.000757
132 0.000755
133 0.000753
134 0.000749
135 0.000747
136 0.000744
137 0.000741
138 0.000742
139 0.000741
140 0.000738
141 0.000738
142 0.000738
143 0.000743
144 0.000745
145 0.000745
146 0.000739
147 0.000735
148 0.000734
149 0.000733
150 0.000736
151 0.000737
152 0.000734
153 0.000729
154 0.000726
155 0.000720
156 0.000714
157 0.000710
158 0.000706
159 0.000703
160 0.000706
161 0.000708
162 0.000708
163 0.000707
164 0.000706
165 0.000705
166 0.000699
167 0.000694
168 0.000692
169 0.000689
170 0.000688
171 0.000689
172 0.000690
173 0.000689
174 0.000688
175 0.000687
176 0.000685
177 0.000683
178 0.000680
179 0.000675
180 0.000666
181 0.000654
182 0.000644
183 0.000633
184 0.000625
185 0.000621
186 0.000618
187 0.000618
188 0.000621
189 0.000622
190 0.000623
191 0.000622
192 0.000621
193 0.000619
194 0.000617
195 0.000617
196 0.000615
197 0.000614
198 0.000616
199 0.000616
200 0.000613
201 0.000613
202 0.000614
203 0.000612
204 0.000611
205 0.000614
206 0.000615
207 0.000615
208 0.000618
209 0.000620
210 0.000621
211 0.000620
212 0.000622
213 0.000624
214 0.000627
215 0.000631
216 0.000633
217 0.000634
218 0.000631
219 0.000631
220 0.000630
221 0.000627
222 0.000625
223 0.000624
224 0.000625
225 0.000629
226 0.000632
227 0.000637
228 0.000636
229 0.000633
230 0.000636
231 0.000637
232 0.000635
233 0.000628
234 0.000619
235 0.000610
236 0.000607
237 0.000608
238 0.000606
239 0.000605
240 0.000603
241 0.000601
242 0.000599
243 0.000600
244 0.000596
245 0.000591
246 0.000587
247 0.000584
248 0.000580
249 0.000577
