# i correlation
1 0.001518
2 0.001479
3 0.001446
4 0.001419
5 0.001392
6 0.001363
7 0.001341
8 0.001322
9 0.001311
10 0.001296
11 0.001281
12 0.001274
13 0.001270
14 0.001263
15 0.001255
16 0.001247
17 0.001238
18 0.001230
19 0.001219
20 0.001206
21 0.001192
22 0.001180
23 0.001168
24 0.001157
25 0.001147
26 0.001137
27 0.001130
28 0.001122
29 0.001111
30 0.001101
31 0.001093
32 0.001089
33 0.001086
34 0.001078
35 0.001069
36 0.001062
37 0.001057
38 0.001053
39 0.001047
40 0.001041
41 0.001036
42 0.001028
43 0.001017
44 0.001006
45 0.001000
46 0.000993
47 0.000988
48 0.000983
49 0.000981
50 0.000982
51 0.000984
52 0.000982
53 0.000980
54 0.000980
55 0.000978
56 0.000974
57 0.000965
58 0.000957
59 0.000956
60 0.000953
61 0.000946
62 0.000936
63 0.000929
64 0.000923
65 0.000919
66 0.000915
67 0.000913
68 0.000914
69 0.000914
70 0.000914
71 0.000915
72 0.000918
73 0.000919
74 0.000919
75 0.000920
76 0.000915
77 0.000915
78 0.000916
79 0.000917
80 0.000917
81 0.000916
82 0.000914
83 0.000915
84 0.000916
85 0.000917
86 0.000918
87 0.000916
88 0.000916
89 0.000915
90 0.000912
91 0.000913
92 0.000912
93 0.000913
94 0.000912
95 0.000909
96 0.000908
97 0.000906
98 0.000906
99 0.000906
100 0.000905
101 0.000904
102 0.000900
103 0.000896
104 0.000891
105 0.000885
106 0.000882
107 0.000882
108 0.000880
109 0.000878
110 0.000873
111 0.000866
112 0.000859
113 0.000854
114 0.000845
115 0.000837
116 0.000831
117 0.000822
118 0.000814
119 0.000808
120 0.000806
121 0.000800
122 0.000797
123 0.000794
124 0.000792
125 0.000789
126 0.000785
127 0.000778
128 0.000775
129 0.000770
130 0.000764
131 0.000758
132 0.000751
133 0.000744
134 0.000738
135 0.000736
136 0.000733
137 0.000728
138 0.000723
139 0.000723
140 0.000725
141 0.000727
142 0.000726
143 0.000726
144 0.000726
145 0.000724
146 0.000721
147 0.000718
148 0.000718
149 0.000717
150 0.000716
151 0.000714
152 0.000710
153 0.000706
154 0.000703
155 0.000701
156 0.000699
157 0.000700
158 0.000703
159 0.000705
160 0.000706
161 0.000706
162 0.000710
163 0.000714
164 0.000717
165 0.000717
166 0.000718
167 0.000717
168 0.000717
169 0.000719
170 0.000717
171 0.000716
172 0.000711
173 0.000709
174 0.000706
175 0.000708
176 0.000711
177 0.000715
178 0.000713
179 0.000711
180 0.000709
181 0.000708
182 0.000712
183 0.000710
184 0.000708
185 0.000709
186 0.000708
187 0.000708
188 0.000707
189 0.000709
190 0.000712
191 0.000713
192 0.000716
193 0.000715
194 0.000716
195 0.000719
196 0.000725
197 0.000726
198 0.000724
199 0.000723
200 0.000721
201 0.000717
202 0.000710
203 0.000706
204 0.000705
205 0.000702
206 0.000696
207 0.000691
208 0.000686
209 0.000684
210 0.000683
211 0.000682
212 0.000680
213 0.000676
214 0.000676
215 0.000676
216 0.000675
217 0.000674
218 0.000677
219 0.000679
220 0.000681
221 0.000680
222 0.000676
223 0.000673
224 0.000669
225 0.000664
226 0.000657
227 0.000654
228 0.000651
229 0.000650
230 0.000647
231 0.000638
232 0.000632
233 0.000626
234 0.000622
235 0.000614
236 0.000609
237 0.000605
238 0.000604
239 0.000600
240 0.000593
241 0.000586
242 0.000579
243 0.000575
244 0.000571
245 0.000569
246 0.000568
247 0.000565
248 0.000566
249 0.000568
