# time covered_sites
0.010000 37530.000000
0.020000 70974.000000
0.030000 100336.000000
0.040000 125968.000000
0.050000 148198.000000
0.060000 166952.000000
0.070000 183658.000000
0.080000 198078.000000
0.090000 210662.000000
0.100000 220992.000000
0.110000 230212.000000
0.120000 238346.000000
0.130000 245656.000000
0.140000 251352.000000
0.150000 256382.000000
0.160000 260746.000000
0.170000 264998.000000
0.180000 268996.000000
0.190000 271254.000000
0.200000 273760.000000
0.210000 276210.000000
0.220000 278496.000000
0.230000 280316.000000
0.240000 281900.000000
0.250000 284022.000000
0.260000 285444.000000
0.270000 286594.000000
0.280000 287958.000000
0.290000 288818.000000
0.300000 290080.000000
0.310000 290508.000000
0.320000 291328.000000
0.330000 292024.000000
0.340000 292446.000000
0.350000 292992.000000
0.360000 293498.000000
0.370000 294260.000000
0.380000 295008.000000
0.390000 295358.000000
0.400000 296242.000000
0.410000 297046.000000
0.420000 297314.000000
0.430000 297438.000000
0.440000 297828.000000
0.450000 297770.000000
0.460000 297956.000000
0.470000 298704.000000
0.480000 298770.000000
0.490000 298878.000000
0.500000 299080.000000
0.510000 299188.000000
0.520000 299280.000000
0.530000 299888.000000
0.540000 300418.000000
0.550000 300346.000000
0.560000 300110.000000
0.570000 300150.000000
0.580000 300236.000000
0.590000 300908.000000
0.600000 300770.000000
0.610000 300866.000000
0.620000 300992.000000
0.630000 301534.000000
0.640000 301900.000000
0.650000 302306.000000
0.660000 302868.000000
0.670000 302858.000000
0.680000 302542.000000
0.690000 303036.000000
0.700000 302996.000000
0.710000 302914.000000
0.720000 303056.000000
0.730000 302992.000000
0.740000 303154.000000
0.750000 303130.000000
0.760000 303232.000000
0.770000 303286.000000
0.780000 303256.000000
0.790000 303456.000000
0.800000 302854.000000
0.810000 303004.000000
0.820000 302890.000000
0.830000 303314.000000
0.840000 303182.000000
0.850000 303580.000000
0.860000 303778.000000
0.870000 304000.000000
0.880000 303876.000000
0.890000 303740.000000
0.900000 303870.000000
0.910000 304078.000000
0.920000 304670.000000
0.930000 304398.000000
0.940000 304500.000000
0.950000 304348.000000
0.960000 304462.000000
0.970000 304616.000000
0.980000 304430.000000
0.990000 304556.000000
1.000000 304608.000000
1.010000 304642.000000
1.020000 304344.000000
1.030000 304596.000000
1.040000 304360.000000
1.050000 304584.000000
1.060000 304652.000000
1.070000 304942.000000
1.080000 305146.000000
1.090000 305304.000000
1.100000 305536.000000
1.110000 305480.000000
1.120000 305508.000000
1.130000 305922.000000
1.140000 305750.000000
1.150000 306054.000000
1.160000 305954.000000
1.170000 306018.000000
1.180000 306114.000000
1.190000 305588.000000
1.200000 305738.000000
1.210000 306038.000000
1.220000 306124.000000
1.230000 306008.000000
1.240000 305488.000000
1.250000 305162.000000
1.260000 305432.000000
1.270000 305726.000000
1.280000 305586.000000
1.290000 305928.000000
1.300000 305652.000000
1.310000 305800.000000
1.320000 305732.000000
1.330000 305762.000000
1.340000 306032.000000
1.350000 306282.000000
1.360000 306458.000000
1.370000 306514.000000
1.380000 306308.000000
1.390000 306368.000000
1.400000 306358.000000
1.410000 306062.000000
1.420000 306410.000000
1.430000 306202.000000
1.440000 306426.000000
1.450000 306156.000000
1.460000 305936.000000
1.470000 306198.000000
1.480000 306338.000000
1.490000 306098.000000
1.500000 305724.000000
1.510000 306044.000000
1.520000 306114.000000
1.530000 306176.000000
1.540000 306344.000000
1.550000 306892.000000
1.560000 306870.000000
1.570000 306878.000000
1.580000 307112.000000
1.590000 307258.000000
1.600000 307104.000000
1.610000 306832.000000
1.620000 306990.000000
1.630000 306728.000000
1.640000 306632.000000
1.650000 306672.000000
1.660000 306584.000000
1.670000 306094.000000
1.680000 306188.000000
1.690000 306388.000000
1.700000 306488.000000
1.710000 306646.000000
1.720000 307124.000000
1.730000 307248.000000
1.740000 307494.000000
1.750000 307298.000000
1.760000 306960.000000
1.770000 307034.000000
1.780000 307358.000000
1.790000 307536.000000
1.800000 307904.000000
1.810000 307968.000000
1.820000 307750.000000
1.830000 307534.000000
1.840000 307636.000000
1.850000 307652.000000
1.860000 307526.000000
1.870000 307026.000000
1.880000 306968.000000
1.890000 307186.000000
1.900000 307134.000000
1.910000 308052.000000
1.920000 307798.000000
1.930000 307784.000000
1.940000 307084.000000
1.950000 306862.000000
1.960000 307320.000000
1.970000 307280.000000
1.980000 307294.000000
1.990000 307094.000000
2.000000 307004.000000
2.010000 306934.000000
2.020000 306742.000000
2.030000 306798.000000
2.040000 307016.000000
2.050000 306926.000000
2.060000 307414.000000
2.070000 307046.000000
2.080000 307282.000000
2.090000 307358.000000
2.100000 307726.000000
2.110000 307720.000000
2.120000 307440.000000
2.130000 307100.000000
2.140000 307046.000000
2.150000 306852.000000
2.160000 306854.000000
2.170000 306738.000000
2.180000 306730.000000
2.190000 306776.000000
2.200000 306692.000000
2.210000 306582.000000
2.220000 306700.000000
2.230000 307076.000000
2.240000 306910.000000
2.250000 306896.000000
2.260000 307178.000000
2.270000 306962.000000
2.280000 307132.000000
2.290000 307204.000000
2.300000 307250.000000
2.310000 307456.000000
2.320000 306960.000000
2.330000 306912.000000
2.340000 307188.000000
2.350000 307092.000000
2.360000 306710.000000
2.370000 306676.000000
2.380000 306904.000000
2.390000 307162.000000
2.400000 307328.000000
2.410000 307244.000000
2.420000 307632.000000
2.430000 307342.000000
2.440000 307074.000000
2.450000 307190.000000
2.460000 307630.000000
2.470000 307560.000000
2.480000 307508.000000
2.490000 307592.000000
2.500000 307544.000000
2.510000 307468.000000
2.520000 307674.000000
2.530000 307488.000000
2.540000 307500.000000
2.550000 306964.000000
2.560000 307272.000000
2.570000 307068.000000
2.580000 307180.000000
2.590000 307144.000000
2.600000 307438.000000
2.610000 307384.000000
2.620000 307564.000000
2.630000 307578.000000
2.640000 307354.000000
2.650000 307264.000000
2.660000 307524.000000
2.670000 307708.000000
2.680000 307608.000000
2.690000 307516.000000
2.700000 307332.000000
2.710000 307706.000000
2.720000 308088.000000
2.730000 307722.000000
2.740000 307970.000000
2.750000 307982.000000
2.760000 307934.000000
2.770000 307628.000000
2.780000 307954.000000
2.790000 307832.000000
2.800000 308132.000000
2.810000 307888.000000
2.820000 307606.000000
2.830000 307564.000000
2.840000 308028.000000
2.850000 308174.000000
2.860000 308030.000000
2.870000 307878.000000
2.880000 307780.000000
2.890000 307618.000000
2.900000 307486.000000
2.910000 307906.000000
2.920000 308022.000000
2.930000 308092.000000
2.940000 307758.000000
2.950000 307784.000000
2.960000 307770.000000
2.970000 307822.000000
2.980000 307452.000000
2.990000 307560.000000
3.000000 307382.000000
3.010000 307120.000000
3.020000 307450.000000
3.030000 307224.000000
3.040000 307726.000000
3.050000 307660.000000
3.060000 307394.000000
3.070000 307220.000000
3.080000 307174.000000
3.090000 306728.000000
3.100000 306962.000000
3.110000 306790.000000
3.120000 307390.000000
3.130000 307720.000000
3.140000 307898.000000
3.150000 307760.000000
3.160000 307440.000000
3.170000 307608.000000
3.180000 307692.000000
3.190000 307530.000000
3.200000 307354.000000
3.210000 307462.000000
3.220000 307738.000000
3.230000 307724.000000
3.240000 307460.000000
3.250000 307578.000000
3.260000 307486.000000
3.270000 307806.000000
3.280000 307838.000000
3.290000 307484.000000
3.300000 307378.000000
3.310000 307586.000000
3.320000 307516.000000
3.330000 307604.000000
3.340000 307700.000000
3.350000 307672.000000
3.360000 307544.000000
3.370000 307840.000000
3.380000 307812.000000
3.390000 307246.000000
3.400000 307762.000000
3.410000 307456.000000
3.420000 307596.000000
3.430000 307480.000000
3.440000 307764.000000
3.450000 308094.000000
3.460000 307946.000000
3.470000 308052.000000
3.480000 308188.000000
3.490000 307600.000000
3.500000 308356.000000
3.510000 308468.000000
3.520000 308014.000000
3.530000 308056.000000
3.540000 308240.000000
3.550000 308374.000000
3.560000 308116.000000
3.570000 308036.000000
3.580000 308302.000000
3.590000 308060.000000
3.600000 307984.000000
3.610000 308104.000000
3.620000 307558.000000
3.630000 307734.000000
3.640000 307770.000000
3.650000 307564.000000
3.660000 307404.000000
3.670000 307164.000000
3.680000 307252.000000
3.690000 307190.000000
3.700000 307294.000000
3.710000 307428.000000
3.720000 307238.000000
3.730000 307618.000000
3.740000 308252.000000
3.750000 308252.000000
3.760000 308202.000000
3.770000 308394.000000
3.780000 308156.000000
3.790000 308208.000000
3.800000 308230.000000
3.810000 308446.000000
3.820000 308682.000000
3.830000 308294.000000
3.840000 307902.000000
3.850000 308102.000000
3.860000 308054.000000
3.870000 307798.000000
3.880000 307492.000000
3.890000 307308.000000
3.900000 307478.000000
3.910000 307460.000000
3.920000 307816.000000
3.930000 307818.000000
3.940000 307974.000000
3.950000 307796.000000
3.960000 307648.000000
3.970000 307746.000000
3.980000 308234.000000
3.990000 308260.000000
4.000000 308408.000000
4.010000 308382.000000
4.020000 308264.000000
4.030000 307944.000000
4.040000 308200.000000
4.050000 308034.000000
4.060000 308288.000000
4.070000 308350.000000
4.080000 308890.000000
4.090000 308136.000000
4.100000 307750.000000
4.110000 307850.000000
4.120000 308372.000000
4.130000 308410.000000
4.140000 308238.000000
4.150000 308224.000000
4.160000 308066.000000
4.170000 307950.000000
4.180000 307230.000000
4.190000 307362.000000
4.200000 307180.000000
4.210000 306900.000000
4.220000 307184.000000
4.230000 306992.000000
4.240000 307092.000000
4.250000 307070.000000
4.260000 307512.000000
4.270000 307584.000000
4.280000 307572.000000
4.290000 308306.000000
4.300000 308448.000000
4.310000 309012.000000
4.320000 309060.000000
4.330000 309248.000000
4.340000 309186.000000
4.350000 309024.000000
4.360000 308906.000000
4.370000 308580.000000
4.380000 308868.000000
4.390000 308678.000000
4.400000 308414.000000
4.410000 308036.000000
4.420000 307818.000000
4.430000 307972.000000
4.440000 308244.000000
4.450000 308222.000000
4.460000 308294.000000
4.470000 308052.000000
4.480000 308172.000000
4.490000 307566.000000
4.500000 307498.000000
4.510000 307524.000000
4.520000 307496.000000
4.530000 308056.000000
4.540000 308368.000000
4.550000 308262.000000
4.560000 308444.000000
4.570000 308406.000000
4.580000 308592.000000
4.590000 308724.000000
4.600000 308484.000000
4.610000 308540.000000
4.620000 308162.000000
4.630000 307890.000000
4.640000 308210.000000
4.650000 308470.000000
4.660000 308068.000000
4.670000 307926.000000
4.680000 308394.000000
4.690000 308756.000000
4.700000 308414.000000
4.710000 308010.000000
4.720000 307852.000000
4.730000 308134.000000
4.740000 308008.000000
4.750000 308212.000000
4.760000 307912.000000
4.770000 307596.000000
4.780000 307346.000000
4.790000 307426.000000
4.800000 307506.000000
4.810000 307690.000000
4.820000 307936.000000
4.830000 307764.000000
4.840000 308292.000000
4.850000 308074.000000
4.860000 308368.000000
4.870000 308430.000000
4.880000 308502.000000
4.890000 308944.000000
4.900000 309276.000000
4.910000 309280.000000
4.920000 309248.000000
4.930000 309370.000000
4.940000 309152.000000
4.950000 308914.000000
4.960000 309194.000000
4.970000 308704.000000
4.980000 308996.000000
4.990000 308812.000000
5.000000 309180.000000
5.010000 309090.000000
5.020000 308996.000000
5.030000 308818.000000
5.040000 308818.000000
5.050000 308502.000000
5.060000 308596.000000
5.070000 308504.000000
5.080000 308480.000000
5.090000 309178.000000
5.100000 309048.000000
5.110000 308946.000000
5.120000 308922.000000
5.130000 308942.000000
5.140000 308776.000000
5.150000 308904.000000
5.160000 308952.000000
5.170000 308838.000000
5.180000 308636.000000
5.190000 308890.000000
5.200000 308788.000000
5.210000 308866.000000
5.220000 308568.000000
5.230000 308510.000000
5.240000 308428.000000
5.250000 308478.000000
5.260000 308398.000000
5.270000 308562.000000
5.280000 308540.000000
5.290000 308640.000000
5.300000 308876.000000
5.310000 308838.000000
5.320000 309212.000000
5.330000 308860.000000
5.340000 308438.000000
5.350000 308346.000000
5.360000 308174.000000
5.370000 308398.000000
5.380000 308648.000000
5.390000 308602.000000
5.400000 308688.000000
5.410000 308740.000000
5.420000 309272.000000
5.430000 309112.000000
5.440000 308826.000000
5.450000 308812.000000
5.460000 308736.000000
5.470000 308854.000000
5.480000 309174.000000
5.490000 309142.000000
5.500000 309056.000000
5.510000 308566.000000
5.520000 308538.000000
5.530000 308252.000000
5.540000 308300.000000
5.550000 308254.000000
5.560000 308452.000000
5.570000 308528.000000
5.580000 308222.000000
5.590000 308760.000000
5.600000 309068.000000
5.610000 309164.000000
5.620000 309084.000000
5.630000 309110.000000
5.640000 308716.000000
5.650000 308606.000000
5.660000 308606.000000
5.670000 308800.000000
5.680000 308964.000000
5.690000 308956.000000
5.700000 308498.000000
5.710000 308754.000000
5.720000 308596.000000
5.730000 308426.000000
5.740000 308272.000000
5.750000 308164.000000
5.760000 308286.000000
5.770000 308580.000000
5.780000 308620.000000
5.790000 308804.000000
5.800000 308914.000000
5.810000 308742.000000
5.820000 308610.000000
5.830000 309108.000000
5.840000 309062.000000
5.850000 308920.000000
5.860000 309026.000000
5.870000 308856.000000
5.880000 308734.000000
5.890000 308268.000000
5.900000 308612.000000
5.910000 308634.000000
5.920000 308388.000000
5.930000 308296.000000
5.940000 308394.000000
5.950000 308274.000000
5.960000 308932.000000
5.970000 308842.000000
5.980000 308586.000000
5.990000 308320.000000
6.000000 308476.000000
6.010000 308892.000000
6.020000 308568.000000
6.030000 308356.000000
6.040000 307980.000000
6.050000 307732.000000
6.060000 307886.000000
6.070000 307912.000000
6.080000 308328.000000
6.090000 308700.000000
6.100000 308482.000000
6.110000 308394.000000
6.120000 308438.000000
6.130000 308592.000000
6.140000 308546.000000
6.150000 308342.000000
6.160000 308306.000000
6.170000 308126.000000
6.180000 308436.000000
6.190000 308688.000000
6.200000 308790.000000
6.210000 308824.000000
6.220000 308742.000000
6.230000 308540.000000
6.240000 308824.000000
6.250000 308552.000000
6.260000 308244.000000
6.270000 308234.000000
6.280000 308160.000000
6.290000 307992.000000
6.300000 308514.000000
6.310000 308314.000000
6.320000 308358.000000
6.330000 308482.000000
6.340000 308120.000000
6.350000 308464.000000
6.360000 308404.000000
6.370000 308576.000000
6.380000 308596.000000
6.390000 309102.000000
6.400000 308914.000000
6.410000 309138.000000
6.420000 309030.000000
6.430000 309262.000000
6.440000 309422.000000
6.450000 309576.000000
6.460000 309168.000000
6.470000 309044.000000
6.480000 309034.000000
6.490000 308452.000000
6.500000 308196.000000
6.510000 308496.000000
6.520000 308394.000000
6.530000 308152.000000
6.540000 308206.000000
6.550000 308258.000000
6.560000 308150.000000
6.570000 308110.000000
6.580000 308048.000000
6.590000 307688.000000
6.600000 307996.000000
6.610000 308058.000000
6.620000 307758.000000
6.630000 308012.000000
6.640000 308332.000000
6.650000 308416.000000
6.660000 308326.000000
6.670000 308562.000000
6.680000 308484.000000
6.690000 308798.000000
6.700000 308300.000000
6.710000 308276.000000
6.720000 308644.000000
6.730000 308708.000000
6.740000 308830.000000
6.750000 309196.000000
6.760000 309162.000000
6.770000 309134.000000
6.780000 308938.000000
6.790000 308814.000000
6.800000 308542.000000
6.810000 308244.000000
6.820000 308378.000000
6.830000 308486.000000
6.840000 308580.000000
6.850000 308648.000000
6.860000 308466.000000
6.870000 308320.000000
6.880000 308086.000000
6.890000 308022.000000
6.900000 308224.000000
6.910000 308870.000000
6.920000 309240.000000
6.930000 308980.000000
6.940000 308920.000000
6.950000 308696.000000
6.960000 308324.000000
6.970000 307786.000000
6.980000 307802.000000
6.990000 308232.000000
7.000000 308416.000000
7.010000 308796.000000
7.020000 308654.000000
7.030000 308572.000000
7.040000 308548.000000
7.050000 308230.000000
7.060000 307956.000000
7.070000 308170.000000
7.080000 308074.000000
7.090000 308388.000000
7.100000 308460.000000
7.110000 308678.000000
7.120000 309134.000000
7.130000 308818.000000
7.140000 308618.000000
7.150000 308796.000000
7.160000 308458.000000
7.170000 308680.000000
7.180000 308680.000000
7.190000 308760.000000
7.200000 309100.000000
7.210000 308652.000000
7.220000 308730.000000
7.230000 308536.000000
7.240000 308402.000000
7.250000 308628.000000
7.260000 308496.000000
7.270000 308080.000000
7.280000 308038.000000
7.290000 308422.000000
7.300000 308820.000000
7.310000 308904.000000
7.320000 308212.000000
7.330000 308182.000000
7.340000 308190.000000
7.350000 308280.000000
7.360000 307976.000000
7.370000 307440.000000
7.380000 307682.000000
7.390000 307268.000000
7.400000 307462.000000
7.410000 307422.000000
7.420000 307730.000000
7.430000 307580.000000
7.440000 308218.000000
7.450000 308320.000000
7.460000 308268.000000
7.470000 308262.000000
7.480000 308628.000000
7.490000 308392.000000
7.500000 308724.000000
7.510000 308586.000000
7.520000 308314.000000
7.530000 308586.000000
7.540000 308648.000000
7.550000 308272.000000
7.560000 308552.000000
7.570000 308638.000000
7.580000 308718.000000
7.590000 308790.000000
7.600000 308900.000000
7.610000 308880.000000
7.620000 308666.000000
7.630000 308622.000000
7.640000 308716.000000
7.650000 308608.000000
7.660000 308692.000000
7.670000 308660.000000
7.680000 308840.000000
7.690000 308752.000000
7.700000 308758.000000
7.710000 309204.000000
7.720000 308890.000000
7.730000 308514.000000
7.740000 308472.000000
7.750000 308456.000000
7.760000 308660.000000
7.770000 308600.000000
7.780000 308498.000000
7.790000 308422.000000
7.800000 308288.000000
7.810000 308568.000000
7.820000 308932.000000
7.830000 308836.000000
7.840000 308882.000000
7.850000 308892.000000
7.860000 308686.000000
7.870000 308494.000000
7.880000 308798.000000
7.890000 308674.000000
7.900000 308962.000000
7.910000 309042.000000
7.920000 309622.000000
7.930000 309436.000000
7.940000 309096.000000
7.950000 308696.000000
7.960000 308586.000000
7.970000 308680.000000
7.980000 309062.000000
7.990000 309258.000000
8.000000 309220.000000
8.010000 309476.000000
8.020000 309182.000000
8.030000 309100.000000
8.040000 308610.000000
8.050000 309000.000000
8.060000 308792.000000
8.070000 309106.000000
8.080000 309074.000000
8.090000 308874.000000
8.100000 308642.000000
8.110000 308880.000000
8.120000 308612.000000
8.130000 309118.000000
8.140000 309100.000000
8.150000 309080.000000
8.160000 308860.000000
8.170000 308974.000000
8.180000 308370.000000
8.190000 308322.000000
8.200000 307862.000000
8.210000 307974.000000
8.220000 308576.000000
8.230000 308626.000000
8.240000 308454.000000
8.250000 308660.000000
8.260000 308462.000000
8.270000 308366.000000
8.280000 308646.000000
8.290000 308242.000000
8.300000 308012.000000
8.310000 307894.000000
8.320000 307644.000000
8.330000 307544.000000
8.340000 307982.000000
8.350000 308108.000000
8.360000 308146.000000
8.370000 307702.000000
8.380000 307870.000000
8.390000 307932.000000
8.400000 308072.000000
8.410000 307954.000000
8.420000 308620.000000
8.430000 308308.000000
8.440000 308342.000000
8.450000 308282.000000
8.460000 308694.000000
8.470000 308924.000000
8.480000 308668.000000
8.490000 308866.000000
8.500000 308930.000000
8.510000 309216.000000
8.520000 309180.000000
8.530000 309286.000000
8.540000 309222.000000
8.550000 309468.000000
8.560000 309222.000000
8.570000 309304.000000
8.580000 309502.000000
8.590000 309098.000000
8.600000 309102.000000
8.610000 308730.000000
8.620000 309044.000000
8.630000 308644.000000
8.640000 308164.000000
8.650000 308204.000000
8.660000 307994.000000
8.670000 308648.000000
8.680000 308426.000000
8.690000 308400.000000
8.700000 308412.000000
8.710000 308542.000000
8.720000 309038.000000
8.730000 308710.000000
8.740000 308826.000000
8.750000 308754.000000
8.760000 309110.000000
8.770000 309210.000000
8.780000 308904.000000
8.790000 309202.000000
8.800000 309038.000000
8.810000 309012.000000
8.820000 308746.000000
8.830000 308624.000000
8.840000 308412.000000
8.850000 308686.000000
8.860000 308630.000000
8.870000 308706.000000
8.880000 308480.000000
8.890000 308706.000000
8.900000 308938.000000
8.910000 309148.000000
8.920000 309122.000000
8.930000 309306.000000
8.940000 308992.000000
8.950000 309382.000000
8.960000 309400.000000
8.970000 309526.000000
8.980000 309522.000000
8.990000 309240.000000
9.000000 309254.000000
9.010000 308944.000000
9.020000 309332.000000
9.030000 308932.000000
9.040000 308888.000000
9.050000 308668.000000
9.060000 308660.000000
9.070000 308746.000000
9.080000 308924.000000
9.090000 308820.000000
9.100000 308466.000000
9.110000 308354.000000
9.120000 308426.000000
9.130000 308638.000000
9.140000 308822.000000
9.150000 309046.000000
9.160000 309236.000000
9.170000 308650.000000
9.180000 308258.000000
9.190000 307974.000000
9.200000 307852.000000
9.210000 308542.000000
9.220000 308616.000000
9.230000 308042.000000
9.240000 308140.000000
9.250000 308570.000000
9.260000 308602.000000
9.270000 309012.000000
9.280000 308848.000000
9.290000 309166.000000
9.300000 308932.000000
9.310000 309214.000000
9.320000 309186.000000
9.330000 308788.000000
9.340000 309084.000000
9.350000 309304.000000
9.360000 309264.000000
9.370000 309740.000000
9.380000 309750.000000
9.390000 309766.000000
9.400000 309670.000000
9.410000 309138.000000
9.420000 309346.000000
9.430000 309082.000000
9.440000 308412.000000
9.450000 308260.000000
9.460000 308364.000000
9.470000 308632.000000
9.480000 308530.000000
9.490000 308724.000000
9.500000 308256.000000
9.510000 308802.000000
9.520000 308792.000000
9.530000 308590.000000
9.540000 308704.000000
9.550000 308540.000000
9.560000 308220.000000
9.570000 308158.000000
9.580000 308362.000000
9.590000 308492.000000
9.600000 308570.000000
9.610000 308478.000000
9.620000 308170.000000
9.630000 308452.000000
9.640000 308526.000000
9.650000 308752.000000
9.660000 308426.000000
9.670000 308242.000000
9.680000 308382.000000
9.690000 308638.000000
9.700000 308716.000000
9.710000 308776.000000
9.720000 308428.000000
9.730000 308416.000000
9.740000 308400.000000
9.750000 308176.000000
9.760000 308056.000000
9.770000 307864.000000
9.780000 308288.000000
9.790000 307984.000000
9.800000 308176.000000
9.810000 308206.000000
9.820000 308482.000000
9.830000 308332.000000
9.840000 308568.000000
9.850000 308758.000000
9.860000 308616.000000
9.870000 308640.000000
9.880000 308500.000000
9.890000 308328.000000
9.900000 308560.000000
9.910000 308942.000000
9.920000 308844.000000
9.930000 308630.000000
9.940000 309030.000000
9.950000 308718.000000
9.960000 308376.000000
9.970000 308414.000000
9.980000 308314.000000
9.990000 308364.000000
10.000000 308098.000000
