# time covered_sites
0.010000 37578.000000
0.020000 70774.000000
0.030000 100222.000000
0.040000 125864.000000
0.050000 147996.000000
0.060000 166920.000000
0.070000 183440.000000
0.080000 197818.000000
0.090000 210266.000000
0.100000 220960.000000
0.110000 230182.000000
0.120000 237978.000000
0.130000 245012.000000
0.140000 251262.000000
0.150000 256468.000000
0.160000 261058.000000
0.170000 265016.000000
0.180000 268892.000000
0.190000 271332.000000
0.200000 274126.000000
0.210000 276660.000000
0.220000 278752.000000
0.230000 281212.000000
0.240000 282678.000000
0.250000 284092.000000
0.260000 285430.000000
0.270000 286892.000000
0.280000 288470.000000
0.290000 289766.000000
0.300000 290394.000000
0.310000 290542.000000
0.320000 291210.000000
0.330000 291916.000000
0.340000 292186.000000
0.350000 292830.000000
0.360000 293166.000000
0.370000 293716.000000
0.380000 294116.000000
0.390000 294842.000000
0.400000 295252.000000
0.410000 295478.000000
0.420000 296546.000000
0.430000 296766.000000
0.440000 297128.000000
0.450000 297610.000000
0.460000 297846.000000
0.470000 298014.000000
0.480000 298856.000000
0.490000 299142.000000
0.500000 299194.000000
0.510000 299420.000000
0.520000 299520.000000
0.530000 299832.000000
0.540000 299900.000000
0.550000 300318.000000
0.560000 300478.000000
0.570000 300604.000000
0.580000 301018.000000
0.590000 300864.000000
0.600000 300940.000000
0.610000 301122.000000
0.620000 301252.000000
0.630000 301560.000000
0.640000 301628.000000
0.650000 302094.000000
0.660000 302282.000000
0.670000 302524.000000
0.680000 302158.000000
0.690000 302648.000000
0.700000 302788.000000
0.710000 303070.000000
0.720000 303146.000000
0.730000 303170.000000
0.740000 303024.000000
0.750000 303306.000000
0.760000 303246.000000
0.770000 303284.000000
0.780000 303568.000000
0.790000 303248.000000
0.800000 303338.000000
0.810000 303360.000000
0.820000 303506.000000
0.830000 303290.000000
0.840000 303828.000000
0.850000 303670.000000
0.860000 303574.000000
0.870000 303378.000000
0.880000 302862.000000
0.890000 302726.000000
0.900000 302810.000000
0.910000 303362.000000
0.920000 303316.000000
0.930000 303722.000000
0.940000 303840.000000
0.950000 303710.000000
0.960000 303842.000000
0.970000 303862.000000
0.980000 304304.000000
0.990000 304184.000000
1.000000 304430.000000
1.010000 304358.000000
1.020000 304806.000000
1.030000 304496.000000
1.040000 305232.000000
1.050000 305346.000000
1.060000 305436.000000
1.070000 305746.000000
1.080000 305576.000000
1.090000 305754.000000
1.100000 305114.000000
1.110000 305400.000000
1.120000 305330.000000
1.130000 305558.000000
1.140000 305908.000000
1.150000 305730.000000
1.160000 305582.000000
1.170000 305888.000000
1.180000 306306.000000
1.190000 305968.000000
1.200000 305794.000000
1.210000 306068.000000
1.220000 306220.000000
1.230000 306024.000000
1.240000 306098.000000
1.250000 305860.000000
1.260000 305690.000000
1.270000 305962.000000
1.280000 305910.000000
1.290000 306406.000000
1.300000 306118.000000
1.310000 305944.000000
1.320000 305668.000000
1.330000 305554.000000
1.340000 305728.000000
1.350000 306026.000000
1.360000 305860.000000
1.370000 306194.000000
1.380000 305944.000000
1.390000 305866.000000
1.400000 306128.000000
1.410000 306022.000000
1.420000 306138.000000
1.430000 306482.000000
1.440000 306564.000000
1.450000 306620.000000
1.460000 306594.000000
1.470000 306600.000000
1.480000 306554.000000
1.490000 306424.000000
1.500000 306494.000000
1.510000 306778.000000
1.520000 306644.000000
1.530000 306886.000000
1.540000 306692.000000
1.550000 306628.000000
1.560000 306350.000000
1.570000 306588.000000
1.580000 307078.000000
1.590000 307068.000000
1.600000 307244.000000
1.610000 307194.000000
1.620000 306986.000000
1.630000 307274.000000
1.640000 307130.000000
1.650000 307078.000000
1.660000 306732.000000
1.670000 306830.000000
1.680000 306612.000000
1.690000 306402.000000
1.700000 306238.000000
1.710000 306004.000000
1.720000 305602.000000
1.730000 305744.000000
1.740000 305816.000000
1.750000 305938.000000
1.760000 306358.000000
1.770000 305938.000000
1.780000 306014.000000
1.790000 306182.000000
1.800000 306466.000000
1.810000 306410.000000
1.820000 306414.000000
1.830000 306760.000000
1.840000 307078.000000
1.850000 307030.000000
1.860000 306758.000000
1.870000 306240.000000
1.880000 306586.000000
1.890000 306604.000000
1.900000 306390.000000
1.910000 306076.000000
1.920000 306212.000000
1.930000 306630.000000
1.940000 306378.000000
1.950000 306682.000000
1.960000 306706.000000
1.970000 307334.000000
1.980000 307126.000000
1.990000 306942.000000
2.000000 307190.000000
2.010000 307404.000000
2.020000 307250.000000
2.030000 307430.000000
2.040000 307034.000000
2.050000 306376.000000
2.060000 306608.000000
2.070000 306454.000000
2.080000 306348.000000
2.090000 306640.000000
2.100000 306566.000000
2.110000 306442.000000
2.120000 306380.000000
2.130000 306606.000000
2.140000 306470.000000
2.150000 306372.000000
2.160000 306724.000000
2.170000 306894.000000
2.180000 307138.000000
2.190000 306796.000000
2.200000 306810.000000
2.210000 307434.000000
2.220000 307372.000000
2.230000 307446.000000
2.240000 307272.000000
2.250000 307054.000000
2.260000 307222.000000
2.270000 307296.000000
2.280000 307326.000000
2.290000 307374.000000
2.300000 307316.000000
2.310000 307454.000000
2.320000 307496.000000
2.330000 307478.000000
2.340000 307358.000000
2.350000 307230.000000
2.360000 307352.000000
2.370000 307450.000000
2.380000 307656.000000
2.390000 306820.000000
2.400000 307090.000000
2.410000 307228.000000
2.420000 307424.000000
2.430000 306966.000000
2.440000 306554.000000
2.450000 306498.000000
2.460000 306614.000000
2.470000 306538.000000
2.480000 306714.000000
2.490000 306956.000000
2.500000 307090.000000
2.510000 307628.000000
2.520000 307770.000000
2.530000 307778.000000
2.540000 308056.000000
2.550000 307642.000000
2.560000 307118.000000
2.570000 307194.000000
2.580000 307078.000000
2.590000 307228.000000
2.600000 307200.000000
2.610000 307232.000000
2.620000 307594.000000
2.630000 307016.000000
2.640000 307346.000000
2.650000 307510.000000
2.660000 307356.000000
2.670000 307214.000000
2.680000 307114.000000
2.690000 307038.000000
2.700000 307222.000000
2.710000 307828.000000
2.720000 308004.000000
2.730000 308274.000000
2.740000 307930.000000
2.750000 307584.000000
2.760000 307658.000000
2.770000 307850.000000
2.780000 307768.000000
2.790000 308466.000000
2.800000 308046.000000
2.810000 308326.000000
2.820000 307732.000000
2.830000 308114.000000
2.840000 307870.000000
2.850000 307510.000000
2.860000 307748.000000
2.870000 307826.000000
2.880000 307626.000000
2.890000 307804.000000
2.900000 307904.000000
2.910000 308016.000000
2.920000 307706.000000
2.930000 307634.000000
2.940000 307672.000000
2.950000 307466.000000
2.960000 307448.000000
2.970000 307526.000000
2.980000 307336.000000
2.990000 307268.000000
3.000000 307650.000000
3.010000 307802.000000
3.020000 307526.000000
3.030000 307466.000000
3.040000 307480.000000
3.050000 307982.000000
3.060000 307922.000000
3.070000 307800.000000
3.080000 308376.000000
3.090000 308242.000000
3.100000 307640.000000
3.110000 307632.000000
3.120000 307374.000000
3.130000 307382.000000
3.140000 307426.000000
3.150000 307406.000000
3.160000 307796.000000
3.170000 307548.000000
3.180000 307664.000000
3.190000 307412.000000
3.200000 307706.000000
3.210000 307552.000000
3.220000 307568.000000
3.230000 307682.000000
3.240000 307704.000000
3.250000 308176.000000
3.260000 308138.000000
3.270000 307680.000000
3.280000 307884.000000
3.290000 307690.000000
3.300000 307632.000000
3.310000 308216.000000
3.320000 307936.000000
3.330000 307644.000000
3.340000 307972.000000
3.350000 308244.000000
3.360000 308224.000000
3.370000 308620.000000
3.380000 308438.000000
3.390000 308270.000000
3.400000 308372.000000
3.410000 308032.000000
3.420000 307824.000000
3.430000 307756.000000
3.440000 307946.000000
3.450000 307980.000000
3.460000 308718.000000
3.470000 308186.000000
3.480000 307860.000000
3.490000 307572.000000
3.500000 307854.000000
3.510000 308012.000000
3.520000 307750.000000
3.530000 307784.000000
3.540000 307528.000000
3.550000 307646.000000
3.560000 307610.000000
3.570000 308086.000000
3.580000 307932.000000
3.590000 307676.000000
3.600000 307612.000000
3.610000 307840.000000
3.620000 307982.000000
3.630000 307560.000000
3.640000 307524.000000
3.650000 307638.000000
3.660000 308010.000000
3.670000 308318.000000
3.680000 307938.000000
3.690000 308478.000000
3.700000 308510.000000
3.710000 308750.000000
3.720000 308844.000000
3.730000 308812.000000
3.740000 308610.000000
3.750000 307896.000000
3.760000 308214.000000
3.770000 308096.000000
3.780000 307940.000000
3.790000 307658.000000
3.800000 307582.000000
3.810000 307602.000000
3.820000 307768.000000
3.830000 307622.000000
3.840000 308046.000000
3.850000 307746.000000
3.860000 307870.000000
3.870000 307492.000000
3.880000 307778.000000
3.890000 307760.000000
3.900000 307720.000000
3.910000 307556.000000
3.920000 307180.000000
3.930000 307634.000000
3.940000 307648.000000
3.950000 307442.000000
3.960000 307228.000000
3.970000 307442.000000
3.980000 307752.000000
3.990000 308122.000000
4.000000 308010.000000
4.010000 308106.000000
4.020000 307966.000000
4.030000 307582.000000
4.040000 307874.000000
4.050000 307904.000000
4.060000 307768.000000
4.070000 308128.000000
4.080000 308230.000000
4.090000 308070.000000
4.100000 308364.000000
4.110000 307890.000000
4.120000 308010.000000
4.130000 307854.000000
4.140000 307864.000000
4.150000 308566.000000
4.160000 308582.000000
4.170000 308188.000000
4.180000 307768.000000
4.190000 307780.000000
4.200000 307830.000000
4.210000 307922.000000
4.220000 307836.000000
4.230000 307556.000000
4.240000 307516.000000
4.250000 307790.000000
4.260000 307610.000000
4.270000 308026.000000
4.280000 308418.000000
4.290000 308306.000000
4.300000 308048.000000
4.310000 308098.000000
4.320000 308184.000000
4.330000 307966.000000
4.340000 308120.000000
4.350000 307970.000000
4.360000 308246.000000
4.370000 307882.000000
4.380000 307748.000000
4.390000 307982.000000
4.400000 307840.000000
4.410000 307542.000000
4.420000 307736.000000
4.430000 308032.000000
4.440000 308044.000000
4.450000 308304.000000
4.460000 308182.000000
4.470000 308064.000000
4.480000 308146.000000
4.490000 308140.000000
4.500000 308402.000000
4.510000 308572.000000
4.520000 308318.000000
4.530000 308272.000000
4.540000 308332.000000
4.550000 308228.000000
4.560000 308202.000000
4.570000 308246.000000
4.580000 308200.000000
4.590000 308090.000000
4.600000 308286.000000
4.610000 308120.000000
4.620000 307998.000000
4.630000 308124.000000
4.640000 307796.000000
4.650000 307754.000000
4.660000 307916.000000
4.670000 307894.000000
4.680000 307876.000000
4.690000 307838.000000
4.700000 307678.000000
4.710000 307534.000000
4.720000 307938.000000
4.730000 307908.000000
4.740000 308034.000000
4.750000 307862.000000
4.760000 307512.000000
4.770000 307756.000000
4.780000 307696.000000
4.790000 307666.000000
4.800000 307764.000000
4.810000 307564.000000
4.820000 307474.000000
4.830000 307422.000000
4.840000 307244.000000
4.850000 307092.000000
4.860000 307424.000000
4.870000 307506.000000
4.880000 307302.000000
4.890000 307630.000000
4.900000 307648.000000
4.910000 307550.000000
4.920000 307316.000000
4.930000 307334.000000
4.940000 307406.000000
4.950000 307516.000000
4.960000 307952.000000
4.970000 307740.000000
4.980000 307984.000000
4.990000 307972.000000
5.000000 308348.000000
5.010000 308852.000000
5.020000 308994.000000
5.030000 308710.000000
5.040000 308844.000000
5.050000 309068.000000
5.060000 308872.000000
5.070000 308892.000000
5.080000 309128.000000
5.090000 308392.000000
5.100000 308686.000000
5.110000 308460.000000
5.120000 308420.000000
5.130000 308184.000000
5.140000 308290.000000
5.150000 308602.000000
5.160000 308692.000000
5.170000 308558.000000
5.180000 308296.000000
5.190000 308184.000000
5.200000 307970.000000
5.210000 308532.000000
5.220000 308482.000000
5.230000 308360.000000
5.240000 308140.000000
5.250000 308404.000000
5.260000 308318.000000
5.270000 308552.000000
5.280000 308348.000000
5.290000 308388.000000
5.300000 308332.000000
5.310000 308510.000000
5.320000 308562.000000
5.330000 308672.000000
5.340000 308536.000000
5.350000 308040.000000
5.360000 308206.000000
5.370000 308368.000000
5.380000 308500.000000
5.390000 308324.000000
5.400000 308376.000000
5.410000 307980.000000
5.420000 307980.000000
5.430000 307668.000000
5.440000 307810.000000
5.450000 307838.000000
5.460000 307842.000000
5.470000 307726.000000
5.480000 308084.000000
5.490000 308180.000000
5.500000 308268.000000
5.510000 307904.000000
5.520000 307620.000000
5.530000 307776.000000
5.540000 308010.000000
5.550000 308314.000000
5.560000 307942.000000
5.570000 308036.000000
5.580000 308016.000000
5.590000 307854.000000
5.600000 308104.000000
5.610000 308286.000000
5.620000 308460.000000
5.630000 308490.000000
5.640000 308480.000000
5.650000 308566.000000
5.660000 308782.000000
5.670000 308566.000000
5.680000 308692.000000
5.690000 309234.000000
5.700000 308974.000000
5.710000 308834.000000
5.720000 308584.000000
5.730000 308642.000000
5.740000 308884.000000
5.750000 308454.000000
5.760000 308928.000000
5.770000 308566.000000
5.780000 308938.000000
5.790000 308798.000000
5.800000 308652.000000
5.810000 308940.000000
5.820000 308738.000000
5.830000 308860.000000
5.840000 308826.000000
5.850000 308380.000000
5.860000 308214.000000
5.870000 308004.000000
5.880000 308334.000000
5.890000 308022.000000
5.900000 308310.000000
5.910000 308106.000000
5.920000 308576.000000
5.930000 308548.000000
5.940000 308946.000000
5.950000 308760.000000
5.960000 308750.000000
5.970000 308934.000000
5.980000 309050.000000
5.990000 308564.000000
6.000000 308696.000000
6.010000 308640.000000
6.020000 308562.000000
6.030000 308846.000000
6.040000 308790.000000
6.050000 309046.000000
6.060000 309584.000000
6.070000 309244.000000
6.080000 308986.000000
6.090000 309118.000000
6.100000 308898.000000
6.110000 308738.000000
6.120000 308258.000000
6.130000 308334.000000
6.140000 308108.000000
6.150000 308182.000000
6.160000 308478.000000
6.170000 308496.000000
6.180000 308084.000000
6.190000 308202.000000
6.200000 308390.000000
6.210000 308550.000000
6.220000 308550.000000
6.230000 308732.000000
6.240000 308886.000000
6.250000 308894.000000
6.260000 308942.000000
6.270000 308686.000000
6.280000 308962.000000
6.290000 308492.000000
6.300000 308596.000000
6.310000 308776.000000
6.320000 308686.000000
6.330000 308770.000000
6.340000 308848.000000
6.350000 308814.000000
6.360000 308632.000000
6.370000 308808.000000
6.380000 308534.000000
6.390000 308816.000000
6.400000 308732.000000
6.410000 308476.000000
6.420000 308654.000000
6.430000 308552.000000
6.440000 308914.000000
6.450000 308884.000000
6.460000 308792.000000
6.470000 308546.000000
6.480000 308476.000000
6.490000 308204.000000
6.500000 308464.000000
6.510000 308714.000000
6.520000 308342.000000
6.530000 308248.000000
6.540000 308180.000000
6.550000 308678.000000
6.560000 308214.000000
6.570000 308530.000000
6.580000 308546.000000
6.590000 308214.000000
6.600000 307644.000000
6.610000 308094.000000
6.620000 308266.000000
6.630000 308628.000000
6.640000 308142.000000
6.650000 307796.000000
6.660000 308056.000000
6.670000 308364.000000
6.680000 308536.000000
6.690000 308466.000000
6.700000 308494.000000
6.710000 308562.000000
6.720000 308670.000000
6.730000 308528.000000
6.740000 308280.000000
6.750000 308790.000000
6.760000 309154.000000
6.770000 309316.000000
6.780000 309196.000000
6.790000 309042.000000
6.800000 308726.000000
6.810000 308796.000000
6.820000 308538.000000
6.830000 308206.000000
6.840000 308042.000000
6.850000 308564.000000
6.860000 308492.000000
6.870000 308616.000000
6.880000 308554.000000
6.890000 308278.000000
6.900000 308078.000000
6.910000 308356.000000
6.920000 308946.000000
6.930000 308642.000000
6.940000 308912.000000
6.950000 308926.000000
6.960000 308868.000000
6.970000 309020.000000
6.980000 309198.000000
6.990000 309154.000000
7.000000 309374.000000
7.010000 309362.000000
7.020000 309178.000000
7.030000 308900.000000
7.040000 308544.000000
7.050000 308520.000000
7.060000 308444.000000
7.070000 308504.000000
7.080000 308448.000000
7.090000 308642.000000
7.100000 308130.000000
7.110000 307726.000000
7.120000 307744.000000
7.130000 307688.000000
7.140000 308150.000000
7.150000 308486.000000
7.160000 308666.000000
7.170000 308462.000000
7.180000 308358.000000
7.190000 308442.000000
7.200000 308322.000000
7.210000 308238.000000
7.220000 308060.000000
7.230000 308154.000000
7.240000 308090.000000
7.250000 308254.000000
7.260000 308318.000000
7.270000 308130.000000
7.280000 308104.000000
7.290000 307872.000000
7.300000 307682.000000
7.310000 307954.000000
7.320000 307926.000000
7.330000 308034.000000
7.340000 307456.000000
7.350000 307452.000000
7.360000 307436.000000
7.370000 307652.000000
7.380000 307794.000000
7.390000 307990.000000
7.400000 308070.000000
7.410000 307984.000000
7.420000 307962.000000
7.430000 307932.000000
7.440000 308086.000000
7.450000 307950.000000
7.460000 307870.000000
7.470000 307826.000000
7.480000 308230.000000
7.490000 308558.000000
7.500000 308636.000000
7.510000 308686.000000
7.520000 308614.000000
7.530000 307964.000000
7.540000 307970.000000
7.550000 307842.000000
7.560000 307972.000000
7.570000 308470.000000
7.580000 308208.000000
7.590000 308356.000000
7.600000 308542.000000
7.610000 308326.000000
7.620000 308286.000000
7.630000 308144.000000
7.640000 307816.000000
7.650000 308348.000000
7.660000 308478.000000
7.670000 308542.000000
7.680000 308678.000000
7.690000 308954.000000
7.700000 308804.000000
7.710000 308580.000000
7.720000 308438.000000
7.730000 308284.000000
7.740000 307974.000000
7.750000 308102.000000
7.760000 308062.000000
7.770000 308610.000000
7.780000 308866.000000
7.790000 309240.000000
7.800000 308974.000000
7.810000 309582.000000
7.820000 309274.000000
7.830000 309282.000000
7.840000 309086.000000
7.850000 309048.000000
7.860000 308854.000000
7.870000 308824.000000
7.880000 308726.000000
7.890000 308398.000000
7.900000 308420.000000
7.910000 308640.000000
7.920000 308666.000000
7.930000 308726.000000
7.940000 308932.000000
7.950000 308732.000000
7.960000 308492.000000
7.970000 308346.000000
7.980000 308086.000000
7.990000 308186.000000
8.000000 308480.000000
8.010000 307946.000000
8.020000 308590.000000
8.030000 308678.000000
8.040000 308802.000000
8.050000 308272.000000
8.060000 308056.000000
8.070000 308280.000000
8.080000 308510.000000
8.090000 308048.000000
8.100000 308336.000000
8.110000 308166.000000
8.120000 308324.000000
8.130000 308438.000000
8.140000 308490.000000
8.150000 308584.000000
8.160000 308096.000000
8.170000 307592.000000
8.180000 307514.000000
8.190000 307664.000000
8.200000 308094.000000
8.210000 307958.000000
8.220000 308360.000000
8.230000 308402.000000
8.240000 308392.000000
8.250000 308354.000000
8.260000 308604.000000
8.270000 308212.000000
8.280000 308014.000000
8.290000 308282.000000
8.300000 308440.000000
8.310000 308344.000000
8.320000 308352.000000
8.330000 307778.000000
8.340000 307894.000000
8.350000 307824.000000
8.360000 307526.000000
8.370000 308040.000000
8.380000 308194.000000
8.390000 308062.000000
8.400000 308272.000000
8.410000 308300.000000
8.420000 307872.000000
8.430000 308100.000000
8.440000 308126.000000
8.450000 308124.000000
8.460000 308200.000000
8.470000 308164.000000
8.480000 308336.000000
8.490000 308470.000000
8.500000 308710.000000
8.510000 308402.000000
8.520000 308638.000000
8.530000 308810.000000
8.540000 309376.000000
8.550000 309364.000000
8.560000 309220.000000
8.570000 309250.000000
8.580000 309176.000000
8.590000 308948.000000
8.600000 309136.000000
8.610000 308628.000000
8.620000 308608.000000
8.630000 308210.000000
8.640000 308526.000000
8.650000 308648.000000
8.660000 308978.000000
8.670000 308882.000000
8.680000 308634.000000
8.690000 308810.000000
8.700000 308536.000000
8.710000 308468.000000
8.720000 308832.000000
8.730000 308924.000000
8.740000 308924.000000
8.750000 308992.000000
8.760000 309166.000000
8.770000 309274.000000
8.780000 309180.000000
8.790000 308974.000000
8.800000 308752.000000
8.810000 308548.000000
8.820000 308302.000000
8.830000 308426.000000
8.840000 308220.000000
8.850000 308428.000000
8.860000 308194.000000
8.870000 308402.000000
8.880000 307950.000000
8.890000 307982.000000
8.900000 307910.000000
8.910000 308138.000000
8.920000 308062.000000
8.930000 308112.000000
8.940000 308174.000000
8.950000 308326.000000
8.960000 308220.000000
8.970000 308176.000000
8.980000 308816.000000
8.990000 308830.000000
9.000000 308940.000000
9.010000 308986.000000
9.020000 308618.000000
9.030000 308706.000000
9.040000 308646.000000
9.050000 308346.000000
9.060000 308200.000000
9.070000 308000.000000
9.080000 308028.000000
9.090000 308214.000000
9.100000 308290.000000
9.110000 308484.000000
9.120000 308590.000000
9.130000 308792.000000
9.140000 308260.000000
9.150000 307796.000000
9.160000 307858.000000
9.170000 308146.000000
9.180000 308462.000000
9.190000 308418.000000
9.200000 308552.000000
9.210000 308806.000000
9.220000 308614.000000
9.230000 308122.000000
9.240000 308160.000000
9.250000 308756.000000
9.260000 308920.000000
9.270000 308850.000000
9.280000 308608.000000
9.290000 308572.000000
9.300000 308616.000000
9.310000 308388.000000
9.320000 308794.000000
9.330000 308912.000000
9.340000 308822.000000
9.350000 308998.000000
9.360000 309198.000000
9.370000 309250.000000
9.380000 308620.000000
9.390000 308944.000000
9.400000 308806.000000
9.410000 308930.000000
9.420000 309062.000000
9.430000 308582.000000
9.440000 308784.000000
9.450000 308556.000000
9.460000 308710.000000
9.470000 308438.000000
9.480000 308664.000000
9.490000 308266.000000
9.500000 307948.000000
9.510000 307912.000000
9.520000 307978.000000
9.530000 308002.000000
9.540000 308672.000000
9.550000 308966.000000
9.560000 308958.000000
9.570000 308746.000000
9.580000 308870.000000
9.590000 308724.000000
9.600000 308812.000000
9.610000 308344.000000
9.620000 308314.000000
9.630000 308156.000000
9.640000 308750.000000
9.650000 308612.000000
9.660000 308956.000000
9.670000 308892.000000
9.680000 309088.000000
9.690000 308676.000000
9.700000 308752.000000
9.710000 308782.000000
9.720000 308796.000000
9.730000 308952.000000
9.740000 308940.000000
9.750000 309204.000000
9.760000 309128.000000
9.770000 309332.000000
9.780000 309008.000000
9.790000 308656.000000
9.800000 308604.000000
9.810000 308450.000000
9.820000 308476.000000
9.830000 308286.000000
9.840000 308210.000000
9.850000 308468.000000
9.860000 308564.000000
9.870000 308598.000000
9.880000 309010.000000
9.890000 308838.000000
9.900000 308676.000000
9.910000 308718.000000
9.920000 308560.000000
9.930000 308490.000000
9.940000 308198.000000
9.950000 308262.000000
9.960000 308274.000000
9.970000 307900.000000
9.980000 308094.000000
9.990000 308070.000000
10.000000 308176.000000
