# time covered_sites
0.010000 37976.000000
0.020000 70736.000000
0.030000 99740.000000
0.040000 125408.000000
0.050000 147668.000000
0.060000 166370.000000
0.070000 183546.000000
0.080000 198220.000000
0.090000 210890.000000
0.100000 221164.000000
0.110000 230520.000000
0.120000 238514.000000
0.130000 245414.000000
0.140000 251508.000000
0.150000 256400.000000
0.160000 260838.000000
0.170000 264950.000000
0.180000 268614.000000
0.190000 271864.000000
0.200000 274864.000000
0.210000 277416.000000
0.220000 279750.000000
0.230000 282358.000000
0.240000 283932.000000
0.250000 285160.000000
0.260000 287022.000000
0.270000 288216.000000
0.280000 289460.000000
0.290000 290184.000000
0.300000 291010.000000
0.310000 291984.000000
0.320000 292870.000000
0.330000 293112.000000
0.340000 293570.000000
0.350000 294020.000000
0.360000 294696.000000
0.370000 295360.000000
0.380000 295160.000000
0.390000 295750.000000
0.400000 296328.000000
0.410000 296654.000000
0.420000 297310.000000
0.430000 297576.000000
0.440000 297434.000000
0.450000 298262.000000
0.460000 299206.000000
0.470000 299110.000000
0.480000 299184.000000
0.490000 299240.000000
0.500000 299380.000000
0.510000 299472.000000
0.520000 299812.000000
0.530000 299762.000000
0.540000 300120.000000
0.550000 300334.000000
0.560000 300244.000000
0.570000 300310.000000
0.580000 300272.000000
0.590000 300456.000000
0.600000 300380.000000
0.610000 300642.000000
0.620000 300390.000000
0.630000 300626.000000
0.640000 300854.000000
0.650000 301128.000000
0.660000 301604.000000
0.670000 301860.000000
0.680000 302038.000000
0.690000 301938.000000
0.700000 301822.000000
0.710000 301756.000000
0.720000 301946.000000
0.730000 301954.000000
0.740000 302504.000000
0.750000 303062.000000
0.760000 303754.000000
0.770000 303934.000000
0.780000 303944.000000
0.790000 304126.000000
0.800000 303610.000000
0.810000 303764.000000
0.820000 303958.000000
0.830000 303930.000000
0.840000 304614.000000
0.850000 304476.000000
0.860000 304614.000000
0.870000 304452.000000
0.880000 304616.000000
0.890000 304694.000000
0.900000 304300.000000
0.910000 304532.000000
0.920000 304502.000000
0.930000 304394.000000
0.940000 304258.000000
0.950000 304052.000000
0.960000 304376.000000
0.970000 304206.000000
0.980000 304428.000000
0.990000 304882.000000
1.000000 304870.000000
1.010000 304816.000000
1.020000 305096.000000
1.030000 305220.000000
1.040000 305112.000000
1.050000 304730.000000
1.060000 304816.000000
1.070000 305212.000000
1.080000 304836.000000
1.090000 304630.000000
1.100000 304812.000000
1.110000 304794.000000
1.120000 305120.000000
1.130000 305288.000000
1.140000 304922.000000
1.150000 305344.000000
1.160000 305706.000000
1.170000 305548.000000
1.180000 305358.000000
1.190000 305812.000000
1.200000 305946.000000
1.210000 306210.000000
1.220000 306350.000000
1.230000 306006.000000
1.240000 305978.000000
1.250000 305988.000000
1.260000 305930.000000
1.270000 305752.000000
1.280000 306004.000000
1.290000 305568.000000
1.300000 305820.000000
1.310000 305484.000000
1.320000 305736.000000
1.330000 305672.000000
1.340000 306232.000000
1.350000 306156.000000
1.360000 306292.000000
1.370000 306322.000000
1.380000 306220.000000
1.390000 306188.000000
1.400000 306392.000000
1.410000 306100.000000
1.420000 305982.000000
1.430000 305512.000000
1.440000 305390.000000
1.450000 305204.000000
1.460000 305656.000000
1.470000 305730.000000
1.480000 306026.000000
1.490000 306264.000000
1.500000 306612.000000
1.510000 306206.000000
1.520000 306114.000000
1.530000 306148.000000
1.540000 306354.000000
1.550000 306658.000000
1.560000 306628.000000
1.570000 306840.000000
1.580000 306616.000000
1.590000 306722.000000
1.600000 307170.000000
1.610000 306936.000000
1.620000 306446.000000
1.630000 306160.000000
1.640000 306404.000000
1.650000 306326.000000
1.660000 306442.000000
1.670000 306520.000000
1.680000 306722.000000
1.690000 307042.000000
1.700000 306730.000000
1.710000 306710.000000
1.720000 306646.000000
1.730000 306566.000000
1.740000 306634.000000
1.750000 307052.000000
1.760000 307186.000000
1.770000 307140.000000
1.780000 306962.000000
1.790000 306818.000000
1.800000 306794.000000
1.810000 306866.000000
1.820000 306728.000000
1.830000 306550.000000
1.840000 306806.000000
1.850000 306912.000000
1.860000 306518.000000
1.870000 306702.000000
1.880000 307082.000000
1.890000 307056.000000
1.900000 306796.000000
1.910000 306222.000000
1.920000 306466.000000
1.930000 306460.000000
1.940000 306546.000000
1.950000 307020.000000
1.960000 306992.000000
1.970000 306814.000000
1.980000 306750.000000
1.990000 306360.000000
2.000000 306524.000000
2.010000 306524.000000
2.020000 306426.000000
2.030000 306684.000000
2.040000 306994.000000
2.050000 307120.000000
2.060000 306658.000000
2.070000 306936.000000
2.080000 307130.000000
2.090000 307160.000000
2.100000 307096.000000
2.110000 307324.000000
2.120000 307352.000000
2.130000 307640.000000
2.140000 307572.000000
2.150000 307386.000000
2.160000 307760.000000
2.170000 307398.000000
2.180000 307652.000000
2.190000 307430.000000
2.200000 307190.000000
2.210000 307384.000000
2.220000 307414.000000
2.230000 307722.000000
2.240000 307498.000000
2.250000 307294.000000
2.260000 306974.000000
2.270000 306892.000000
2.280000 306504.000000
2.290000 306526.000000
2.300000 306518.000000
2.310000 306794.000000
2.320000 306818.000000
2.330000 306938.000000
2.340000 306876.000000
2.350000 306836.000000
2.360000 306834.000000
2.370000 307116.000000
2.380000 307540.000000
2.390000 307132.000000
2.400000 307448.000000
2.410000 307386.000000
2.420000 307224.000000
2.430000 307208.000000
2.440000 307148.000000
2.450000 306996.000000
2.460000 306684.000000
2.470000 306834.000000
2.480000 306966.000000
2.490000 306938.000000
2.500000 306872.000000
2.510000 306728.000000
2.520000 306880.000000
2.530000 306830.000000
2.540000 307212.000000
2.550000 307438.000000
2.560000 307596.000000
2.570000 308160.000000
2.580000 307828.000000
2.590000 307916.000000
2.600000 307522.000000
2.610000 307666.000000
2.620000 307696.000000
2.630000 307668.000000
2.640000 307750.000000
2.650000 307590.000000
2.660000 307340.000000
2.670000 307472.000000
2.680000 307398.000000
2.690000 307008.000000
2.700000 307342.000000
2.710000 307690.000000
2.720000 307962.000000
2.730000 307766.000000
2.740000 307468.000000
2.750000 307250.000000
2.760000 306992.000000
2.770000 307044.000000
2.780000 306828.000000
2.790000 307088.000000
2.800000 307114.000000
2.810000 307446.000000
2.820000 307308.000000
2.830000 307238.000000
2.840000 307336.000000
2.850000 307550.000000
2.860000 307768.000000
2.870000 307412.000000
2.880000 307110.000000
2.890000 306980.000000
2.900000 307174.000000
2.910000 307050.000000
2.920000 306906.000000
2.930000 307448.000000
2.940000 307460.000000
2.950000 307180.000000
2.960000 308162.000000
2.970000 307914.000000
2.980000 307682.000000
2.990000 307932.000000
3.000000 307902.000000
3.010000 307402.000000
3.020000 307492.000000
3.030000 307942.000000
3.040000 307782.000000
3.050000 308028.000000
3.060000 307882.000000
3.070000 308098.000000
3.080000 308016.000000
3.090000 307668.000000
3.100000 307132.000000
3.110000 307428.000000
3.120000 308000.000000
3.130000 308016.000000
3.140000 308408.000000
3.150000 308110.000000
3.160000 307834.000000
3.170000 307662.000000
3.180000 307212.000000
3.190000 307188.000000
3.200000 306950.000000
3.210000 306728.000000
3.220000 306644.000000
3.230000 306432.000000
3.240000 306492.000000
3.250000 306242.000000
3.260000 307082.000000
3.270000 307068.000000
3.280000 306718.000000
3.290000 307082.000000
3.300000 307520.000000
3.310000 307862.000000
3.320000 307812.000000
3.330000 307768.000000
3.340000 307914.000000
3.350000 307642.000000
3.360000 307620.000000
3.370000 308152.000000
3.380000 308090.000000
3.390000 308194.000000
3.400000 307934.000000
3.410000 307906.000000
3.420000 307820.000000
3.430000 307412.000000
3.440000 307762.000000
3.450000 307650.000000
3.460000 307772.000000
3.470000 307944.000000
3.480000 307956.000000
3.490000 308350.000000
3.500000 308550.000000
3.510000 308190.000000
3.520000 308320.000000
3.530000 308498.000000
3.540000 308348.000000
3.550000 308280.000000
3.560000 308104.000000
3.570000 308022.000000
3.580000 308066.000000
3.590000 308166.000000
3.600000 308474.000000
3.610000 308576.000000
3.620000 308200.000000
3.630000 308140.000000
3.640000 308002.000000
3.650000 307878.000000
3.660000 307932.000000
3.670000 307552.000000
3.680000 307870.000000
3.690000 307590.000000
3.700000 307164.000000
3.710000 307428.000000
3.720000 307042.000000
3.730000 307700.000000
3.740000 307442.000000
3.750000 307420.000000
3.760000 307274.000000
3.770000 306874.000000
3.780000 306488.000000
3.790000 306610.000000
3.800000 306840.000000
3.810000 306934.000000
3.820000 307428.000000
3.830000 307354.000000
3.840000 307534.000000
3.850000 307470.000000
3.860000 307366.000000
3.870000 307726.000000
3.880000 308048.000000
3.890000 308158.000000
3.900000 307968.000000
3.910000 308302.000000
3.920000 308388.000000
3.930000 308820.000000
3.940000 308698.000000
3.950000 309336.000000
3.960000 309206.000000
3.970000 308828.000000
3.980000 308984.000000
3.990000 309004.000000
4.000000 309100.000000
4.010000 309066.000000
4.020000 309238.000000
4.030000 308546.000000
4.040000 308648.000000
4.050000 308806.000000
4.060000 309002.000000
4.070000 308800.000000
4.080000 308796.000000
4.090000 308824.000000
4.100000 308304.000000
4.110000 307924.000000
4.120000 307870.000000
4.130000 307898.000000
4.140000 307996.000000
4.150000 307490.000000
4.160000 307958.000000
4.170000 308318.000000
4.180000 307986.000000
4.190000 308474.000000
4.200000 308364.000000
4.210000 308212.000000
4.220000 308084.000000
4.230000 308028.000000
4.240000 308166.000000
4.250000 308264.000000
4.260000 308310.000000
4.270000 308184.000000
4.280000 309016.000000
4.290000 309194.000000
4.300000 309034.000000
4.310000 308972.000000
4.320000 309034.000000
4.330000 308714.000000
4.340000 308592.000000
4.350000 308326.000000
4.360000 308296.000000
4.370000 308186.000000
4.380000 308084.000000
4.390000 308634.000000
4.400000 308420.000000
4.410000 308100.000000
4.420000 308058.000000
4.430000 308276.000000
4.440000 308078.000000
4.450000 308094.000000
4.460000 308058.000000
4.470000 308208.000000
4.480000 308432.000000
4.490000 308236.000000
4.500000 307954.000000
4.510000 308148.000000
4.520000 308158.000000
4.530000 308558.000000
4.540000 308198.000000
4.550000 308086.000000
4.560000 307846.000000
4.570000 308034.000000
4.580000 308102.000000
4.590000 308152.000000
4.600000 308026.000000
4.610000 308092.000000
4.620000 307960.000000
4.630000 307830.000000
4.640000 307722.000000
4.650000 307704.000000
4.660000 307484.000000
4.670000 307580.000000
4.680000 307676.000000
4.690000 307558.000000
4.700000 307400.000000
4.710000 308074.000000
4.720000 308008.000000
4.730000 308424.000000
4.740000 308132.000000
4.750000 308412.000000
4.760000 308196.000000
4.770000 308212.000000
4.780000 308284.000000
4.790000 308520.000000
4.800000 308412.000000
4.810000 308774.000000
4.820000 308414.000000
4.830000 308420.000000
4.840000 308462.000000
4.850000 308638.000000
4.860000 308240.000000
4.870000 308494.000000
4.880000 308354.000000
4.890000 308122.000000
4.900000 307978.000000
4.910000 308132.000000
4.920000 308172.000000
4.930000 308770.000000
4.940000 308932.000000
4.950000 309060.000000
4.960000 308986.000000
4.970000 308982.000000
4.980000 308572.000000
4.990000 308472.000000
5.000000 308584.000000
5.010000 308992.000000
5.020000 308800.000000
5.030000 308434.000000
5.040000 308346.000000
5.050000 308148.000000
5.060000 308014.000000
5.070000 307602.000000
5.080000 308016.000000
5.090000 307980.000000
5.100000 307900.000000
5.110000 307688.000000
5.120000 308120.000000
5.130000 308060.000000
5.140000 307792.000000
5.150000 308156.000000
5.160000 308112.000000
5.170000 308434.000000
5.180000 308124.000000
5.190000 307692.000000
5.200000 307864.000000
5.210000 307524.000000
5.220000 307844.000000
5.230000 307788.000000
5.240000 307896.000000
5.250000 307766.000000
5.260000 308106.000000
5.270000 307784.000000
5.280000 307696.000000
5.290000 307310.000000
5.300000 307490.000000
5.310000 307898.000000
5.320000 307996.000000
5.330000 308200.000000
5.340000 308680.000000
5.350000 308740.000000
5.360000 308704.000000
5.370000 308822.000000
5.380000 309034.000000
5.390000 308412.000000
5.400000 308438.000000
5.410000 308346.000000
5.420000 308450.000000
5.430000 308762.000000
5.440000 308210.000000
5.450000 308214.000000
5.460000 307924.000000
5.470000 307696.000000
5.480000 307826.000000
5.490000 308314.000000
5.500000 308540.000000
5.510000 308242.000000
5.520000 308344.000000
5.530000 308184.000000
5.540000 307970.000000
5.550000 307940.000000
5.560000 308328.000000
5.570000 308302.000000
5.580000 308196.000000
5.590000 308526.000000
5.600000 308324.000000
5.610000 308300.000000
5.620000 308148.000000
5.630000 308268.000000
5.640000 308124.000000
5.650000 308480.000000
5.660000 308416.000000
5.670000 308252.000000
5.680000 308242.000000
5.690000 308202.000000
5.700000 308366.000000
5.710000 308162.000000
5.720000 307912.000000
5.730000 307818.000000
5.740000 307452.000000
5.750000 307264.000000
5.760000 307888.000000
5.770000 307908.000000
5.780000 308156.000000
5.790000 308194.000000
5.800000 307880.000000
5.810000 308148.000000
5.820000 308488.000000
5.830000 308286.000000
5.840000 308016.000000
5.850000 308074.000000
5.860000 308180.000000
5.870000 308340.000000
5.880000 308254.000000
5.890000 308856.000000
5.900000 308352.000000
5.910000 308402.000000
5.920000 308608.000000
5.930000 308506.000000
5.940000 307834.000000
5.950000 308030.000000
5.960000 307784.000000
5.970000 307844.000000
5.980000 308048.000000
5.990000 308010.000000
6.000000 307962.000000
6.010000 307926.000000
6.020000 307934.000000
6.030000 307826.000000
6.040000 307664.000000
6.050000 307972.000000
6.060000 307990.000000
6.070000 308284.000000
6.080000 308086.000000
6.090000 307996.000000
6.100000 307852.000000
6.110000 308188.000000
6.120000 308802.000000
6.130000 308970.000000
6.140000 309282.000000
6.150000 308970.000000
6.160000 308420.000000
6.170000 308148.000000
6.180000 308438.000000
6.190000 309012.000000
6.200000 308800.000000
6.210000 308952.000000
6.220000 308702.000000
6.230000 308352.000000
6.240000 308476.000000
6.250000 308388.000000
6.260000 308316.000000
6.270000 308344.000000
6.280000 308542.000000
6.290000 308714.000000
6.300000 308904.000000
6.310000 308896.000000
6.320000 309090.000000
6.330000 308850.000000
6.340000 308784.000000
6.350000 308724.000000
6.360000 308854.000000
6.370000 308422.000000
6.380000 308670.000000
6.390000 308678.000000
6.400000 308990.000000
6.410000 308520.000000
6.420000 308120.000000
6.430000 308272.000000
6.440000 308460.000000
6.450000 308500.000000
6.460000 308438.000000
6.470000 308522.000000
6.480000 308384.000000
6.490000 308236.000000
6.500000 308300.000000
6.510000 308638.000000
6.520000 308514.000000
6.530000 308156.000000
6.540000 308000.000000
6.550000 308048.000000
6.560000 308186.000000
6.570000 308592.000000
6.580000 308276.000000
6.590000 307808.000000
6.600000 307886.000000
6.610000 307764.000000
6.620000 308284.000000
6.630000 308278.000000
6.640000 308402.000000
6.650000 308534.000000
6.660000 309110.000000
6.670000 308792.000000
6.680000 308430.000000
6.690000 308306.000000
6.700000 308486.000000
6.710000 308726.000000
6.720000 308712.000000
6.730000 308510.000000
6.740000 308824.000000
6.750000 308984.000000
6.760000 308954.000000
6.770000 308690.000000
6.780000 308550.000000
6.790000 308630.000000
6.800000 308300.000000
6.810000 308544.000000
6.820000 308462.000000
6.830000 308420.000000
6.840000 308460.000000
6.850000 308412.000000
6.860000 308036.000000
6.870000 307726.000000
6.880000 307702.000000
6.890000 307744.000000
6.900000 307762.000000
6.910000 307992.000000
6.920000 307926.000000
6.930000 308468.000000
6.940000 308446.000000
6.950000 308778.000000
6.960000 309016.000000
6.970000 309648.000000
6.980000 309586.000000
6.990000 309508.000000
7.000000 309542.000000
7.010000 309308.000000
7.020000 308906.000000
7.030000 308856.000000
7.040000 308944.000000
7.050000 309100.000000
7.060000 309096.000000
7.070000 308614.000000
7.080000 308506.000000
7.090000 308264.000000
7.100000 308434.000000
7.110000 308334.000000
7.120000 308284.000000
7.130000 308010.000000
7.140000 308088.000000
7.150000 307986.000000
7.160000 308270.000000
7.170000 308182.000000
7.180000 308242.000000
7.190000 308334.000000
7.200000 307966.000000
7.210000 307966.000000
7.220000 307794.000000
7.230000 307860.000000
7.240000 307946.000000
7.250000 308148.000000
7.260000 308118.000000
7.270000 307788.000000
7.280000 308104.000000
7.290000 308316.000000
7.300000 308190.000000
7.310000 308322.000000
7.320000 307706.000000
7.330000 307954.000000
7.340000 308056.000000
7.350000 308160.000000
7.360000 307778.000000
7.370000 307984.000000
7.380000 307844.000000
7.390000 307862.000000
7.400000 307934.000000
7.410000 308252.000000
7.420000 308616.000000
7.430000 308474.000000
7.440000 308406.000000
7.450000 308506.000000
7.460000 308184.000000
7.470000 308104.000000
7.480000 308072.000000
7.490000 308428.000000
7.500000 308828.000000
7.510000 308776.000000
7.520000 309012.000000
7.530000 308656.000000
7.540000 308268.000000
7.550000 308436.000000
7.560000 308268.000000
7.570000 308432.000000
7.580000 308816.000000
7.590000 308598.000000
7.600000 308052.000000
7.610000 307880.000000
7.620000 307948.000000
7.630000 308316.000000
7.640000 308756.000000
7.650000 308648.000000
7.660000 308670.000000
7.670000 308882.000000
7.680000 308630.000000
7.690000 308820.000000
7.700000 309060.000000
7.710000 308936.000000
7.720000 308664.000000
7.730000 308458.000000
7.740000 308368.000000
7.750000 308500.000000
7.760000 308262.000000
7.770000 308318.000000
7.780000 308340.000000
7.790000 308018.000000
7.800000 307770.000000
7.810000 307916.000000
7.820000 308232.000000
7.830000 307974.000000
7.840000 307800.000000
7.850000 308024.000000
7.860000 308766.000000
7.870000 308550.000000
7.880000 308396.000000
7.890000 308434.000000
7.900000 308436.000000
7.910000 308408.000000
7.920000 308558.000000
7.930000 308714.000000
7.940000 308460.000000
7.950000 308478.000000
7.960000 308386.000000
7.970000 308636.000000
7.980000 308734.000000
7.990000 308710.000000
8.000000 308216.000000
8.010000 308208.000000
8.020000 308368.000000
8.030000 308452.000000
8.040000 308398.000000
8.050000 308666.000000
8.060000 308572.000000
8.070000 308438.000000
8.080000 308302.000000
8.090000 308068.000000
8.100000 308092.000000
8.110000 307876.000000
8.120000 308040.000000
8.130000 308150.000000
8.140000 308252.000000
8.150000 308810.000000
8.160000 308638.000000
8.170000 308514.000000
8.180000 308158.000000
8.190000 308480.000000
8.200000 308396.000000
8.210000 308176.000000
8.220000 307916.000000
8.230000 308020.000000
8.240000 308282.000000
8.250000 308238.000000
8.260000 308178.000000
8.270000 308232.000000
8.280000 308094.000000
8.290000 308456.000000
8.300000 308442.000000
8.310000 308644.000000
8.320000 307970.000000
8.330000 307976.000000
8.340000 307930.000000
8.350000 307842.000000
8.360000 308126.000000
8.370000 308948.000000
8.380000 308808.000000
8.390000 309256.000000
8.400000 309104.000000
8.410000 309212.000000
8.420000 308772.000000
8.430000 308388.000000
8.440000 308184.000000
8.450000 308218.000000
8.460000 308248.000000
8.470000 308346.000000
8.480000 308330.000000
8.490000 308272.000000
8.500000 307872.000000
8.510000 307726.000000
8.520000 307996.000000
8.530000 307934.000000
8.540000 307730.000000
8.550000 307900.000000
8.560000 308052.000000
8.570000 308332.000000
8.580000 308204.000000
8.590000 308576.000000
8.600000 308668.000000
8.610000 308950.000000
8.620000 308660.000000
8.630000 308732.000000
8.640000 309138.000000
8.650000 309324.000000
8.660000 308746.000000
8.670000 308948.000000
8.680000 309098.000000
8.690000 308928.000000
8.700000 308712.000000
8.710000 308484.000000
8.720000 308410.000000
8.730000 308492.000000
8.740000 308246.000000
8.750000 307954.000000
8.760000 308154.000000
8.770000 307828.000000
8.780000 307570.000000
8.790000 308236.000000
8.800000 307924.000000
8.810000 308160.000000
8.820000 308032.000000
8.830000 308646.000000
8.840000 308498.000000
8.850000 308648.000000
8.860000 308874.000000
8.870000 309004.000000
8.880000 308814.000000
8.890000 308558.000000
8.900000 308592.000000
8.910000 308254.000000
8.920000 308584.000000
8.930000 308214.000000
8.940000 308590.000000
8.950000 308614.000000
8.960000 308714.000000
8.970000 308770.000000
8.980000 308786.000000
8.990000 308502.000000
9.000000 308266.000000
9.010000 308424.000000
9.020000 308324.000000
9.030000 308160.000000
9.040000 308250.000000
9.050000 308148.000000
9.060000 308418.000000
9.070000 308184.000000
9.080000 308432.000000
9.090000 308212.000000
9.100000 307956.000000
9.110000 308118.000000
9.120000 308248.000000
9.130000 308296.000000
9.140000 308340.000000
9.150000 308358.000000
9.160000 308662.000000
9.170000 308170.000000
9.180000 308370.000000
9.190000 308598.000000
9.200000 308734.000000
9.210000 308804.000000
9.220000 308716.000000
9.230000 308870.000000
9.240000 308620.000000
9.250000 308500.000000
9.260000 308758.000000
9.270000 308504.000000
9.280000 308456.000000
9.290000 308864.000000
9.300000 308508.000000
9.310000 308366.000000
9.320000 308460.000000
9.330000 308538.000000
9.340000 308622.000000
9.350000 308690.000000
9.360000 308426.000000
9.370000 308114.000000
9.380000 307690.000000
9.390000 307992.000000
9.400000 307950.000000
9.410000 307856.000000
9.420000 308036.000000
9.430000 308462.000000
9.440000 308960.000000
9.450000 308806.000000
9.460000 308964.000000
9.470000 308804.000000
9.480000 308614.000000
9.490000 308954.000000
9.500000 308656.000000
9.510000 308390.000000
9.520000 308884.000000
9.530000 309072.000000
9.540000 308852.000000
9.550000 308952.000000
9.560000 309332.000000
9.570000 308974.000000
9.580000 308824.000000
9.590000 308786.000000
9.600000 308842.000000
9.610000 309160.000000
9.620000 308986.000000
9.630000 309190.000000
9.640000 309152.000000
9.650000 309038.000000
9.660000 309180.000000
9.670000 309278.000000
9.680000 308912.000000
9.690000 309026.000000
9.700000 309042.000000
9.710000 308316.000000
9.720000 308690.000000
9.730000 308754.000000
9.740000 308992.000000
9.750000 309094.000000
9.760000 309126.000000
9.770000 309014.000000
9.780000 309132.000000
9.790000 309166.000000
9.800000 309190.000000
9.810000 308874.000000
9.820000 308966.000000
9.830000 308896.000000
9.840000 308888.000000
9.850000 308720.000000
9.860000 308574.000000
9.870000 309092.000000
9.880000 309208.000000
9.890000 308990.000000
9.900000 309030.000000
9.910000 309048.000000
9.920000 309538.000000
9.930000 309274.000000
9.940000 309234.000000
9.950000 309626.000000
9.960000 309646.000000
9.970000 309814.000000
9.980000 309832.000000
9.990000 309954.000000
10.000000 309196.000000
