# i correlation
1 0.003107
2 0.002898
3 0.002703
4 0.002540
5 0.002401
6 0.002298
7 0.002183
8 0.002081
9 0.001992
10 0.001929
11 0.001882
12 0.001864
13 0.001819
14 0.001763
15 0.001697
16 0.001650
17 0.001602
18 0.001563
19 0.001541
20 0.001528
21 0.001528
22 0.001514
23 0.001502
24 0.001492
25 0.001470
26 0.001454
27 0.001446
28 0.001459
29 0.001488
30 0.001528
31 0.001571
32 0.001607
33 0.001637
34 0.001667
35 0.001687
36 0.001686
37 0.001669
38 0.001616
39 0.001552
40 0.001503
41 0.001466
42 0.001471
43 0.001501
44 0.001527
45 0.001543
46 0.001551
47 0.001561
48 0.001573
49 0.001564
50 0.001551
51 0.001526
52 0.001494
53 0.001435
54 0.001401
55 0.001364
56 0.001351
57 0.001339
58 0.001310
59 0.001276
60 0.001258
61 0.001248
62 0.001247
63 0.001259
64 0.001289
65 0.001325
66 0.001364
67 0.001390
68 0.001424
69 0.001450
70 0.001480
71 0.001505
72 0.001526
73 0.001541
74 0.001553
75 0.001541
76 0.001512
77 0.001479
78 0.001475
79 0.001482
80 0.001497
81 0.001528
82 0.001549
83 0.001547
84 0.001545
85 0.001532
86 0.001523
87 0.001513
88 0.001497
89 0.001474
90 0.001443
91 0.001418
92 0.001376
93 0.001337
94 0.001326
95 0.001335
96 0.001333
97 0.001330
98 0.001326
99 0.001329
100 0.001338
101 0.001363
102 0.001388
103 0.001390
104 0.001364
105 0.001325
106 0.001288
107 0.001261
108 0.001252
109 0.001249
110 0.001243
111 0.001231
112 0.001233
113 0.001244
114 0.001261
115 0.001279
116 0.001313
117 0.001323
118 0.001355
119 0.001386
120 0.001395
121 0.001390
122 0.001373
123 0.001332
124 0.001301
125 0.001274
126 0.001236
127 0.001188
128 0.001134
129 0.001072
130 0.001039
131 0.001014
132 0.000993
133 0.000978
134 0.000959
135 0.000920
136 0.000882
137 0.000854
138 0.000869
139 0.000892
140 0.000900
141 0.000901
142 0.000903
143 0.000916
144 0.000946
145 0.000987
146 0.001037
147 0.001081
148 0.001129
149 0.001152
150 0.001170
151 0.001185
152 0.001184
153 0.001165
154 0.001148
155 0.001117
156 0.001084
157 0.001050
158 0.001043
159 0.001021
160 0.001010
161 0.000989
162 0.000959
163 0.000937
164 0.000923
165 0.000918
166 0.000896
167 0.000876
168 0.000875
169 0.000886
170 0.000903
171 0.000913
172 0.000920
173 0.000923
174 0.000923
175 0.000923
176 0.000933
177 0.000930
178 0.000922
179 0.000918
180 0.000912
181 0.000943
182 0.000979
183 0.001004
184 0.001012
185 0.001013
186 0.001033
187 0.001030
188 0.001018
189 0.000987
190 0.000965
191 0.000940
192 0.000920
193 0.000907
194 0.000918
195 0.000937
196 0.000935
197 0.000930
198 0.000929
199 0.000909
200 0.000901
201 0.000866
202 0.000833
203 0.000800
204 0.000762
205 0.000738
206 0.000742
207 0.000745
208 0.000737
209 0.000719
210 0.000714
211 0.000696
212 0.000693
213 0.000688
214 0.000687
215 0.000686
216 0.000674
217 0.000655
218 0.000654
219 0.000656
220 0.000654
221 0.000674
222 0.000686
223 0.000698
224 0.000704
225 0.000702
226 0.000691
227 0.000668
228 0.000645
229 0.000642
230 0.000651
231 0.000663
232 0.000660
233 0.000662
234 0.000656
235 0.000637
236 0.000617
237 0.000593
238 0.000557
239 0.000531
240 0.000512
241 0.000487
242 0.000480
243 0.000485
244 0.000483
245 0.000472
246 0.000471
247 0.000469
248 0.000442
249 0.000440
250 0.000426
251 0.000417
252 0.000425
253 0.000441
254 0.000454
255 0.000470
256 0.000487
257 0.000512
258 0.000540
259 0.000549
260 0.000540
261 0.000537
262 0.000530
263 0.000534
264 0.000546
265 0.000562
266 0.000579
267 0.000595
268 0.000610
269 0.000642
270 0.000678
271 0.000701
272 0.000718
273 0.000730
274 0.000723
275 0.000700
276 0.000675
277 0.000656
278 0.000640
279 0.000612
280 0.000564
281 0.000519
282 0.000472
283 0.000430
284 0.000412
285 0.000397
286 0.000384
287 0.000366
288 0.000344
289 0.000324
290 0.000328
291 0.000329
292 0.000342
293 0.000346
294 0.000347
295 0.000353
296 0.000370
297 0.000409
298 0.000435
299 0.000455
300 0.000468
301 0.000482
302 0.000487
303 0.000507
304 0.000525
305 0.000529
306 0.000529
307 0.000525
308 0.000519
309 0.000525
310 0.000525
311 0.000509
312 0.000490
313 0.000480
314 0.000462
315 0.000453
316 0.000442
317 0.000428
318 0.000413
319 0.000402
320 0.000400
321 0.000400
322 0.000409
323 0.000396
324 0.000385
325 0.000382
326 0.000382
327 0.000389
328 0.000419
329 0.000424
330 0.000424
331 0.000415
332 0.000407
333 0.000402
334 0.000413
335 0.000422
336 0.000417
337 0.000419
338 0.000409
339 0.000379
340 0.000355
341 0.000353
342 0.000355
343 0.000354
344 0.000354
345 0.000347
346 0.000357
347 0.000352
348 0.000343
349 0.000333
350 0.000314
351 0.000289
352 0.000271
353 0.000264
354 0.000269
355 0.000273
356 0.000281
357 0.000274
358 0.000283
359 0.000297
360 0.000301
361 0.000293
362 0.000270
363 0.000240
364 0.000207
365 0.000198
366 0.000190
367 0.000209
368 0.000218
369 0.000230
370 0.000237
371 0.000258
372 0.000279
373 0.000292
374 0.000297
375 0.000316
376 0.000324
377 0.000338
378 0.000341
379 0.000357
380 0.000377
381 0.000384
382 0.000381
383 0.000369
384 0.000350
385 0.000321
386 0.000293
387 0.000254
388 0.000234
389 0.000214
390 0.000189
391 0.000183
392 0.000173
393 0.000160
394 0.000162
395 0.000142
396 0.000118
397 0.000100
398 0.000069
399 0.000032
400 0.000020
401 0.000010
402 0.000020
403 0.000026
404 0.000038
405 0.000040
406 0.000042
407 0.000045
408 0.000040
409 0.000043
410 0.000055
411 0.000074
412 0.000101
413 0.000138
414 0.000165
415 0.000184
416 0.000206
417 0.000237
418 0.000262
419 0.000287
420 0.000296
421 0.000292
422 0.000285
423 0.000291
424 0.000300
425 0.000322
426 0.000343
427 0.000348
428 0.000346
429 0.000344
430 0.000341
431 0.000339
432 0.000324
433 0.000296
434 0.000261
435 0.000233
436 0.000220
437 0.000223
438 0.000235
439 0.000241
440 0.000243
441 0.000243
442 0.000232
443 0.000220
444 0.000223
445 0.000238
446 0.000260
447 0.000286
448 0.000311
449 0.000352
450 0.000391
451 0.000430
452 0.000444
453 0.000456
454 0.000451
455 0.000446
456 0.000455
457 0.000469
458 0.000468
459 0.000456
460 0.000440
461 0.000442
462 0.000444
463 0.000437
464 0.000412
465 0.000380
466 0.000332
467 0.000293
468 0.000276
469 0.000263
470 0.000260
471 0.000243
472 0.000225
473 0.000221
474 0.000221
475 0.000224
476 0.000214
477 0.000188
478 0.000159
479 0.000133
480 0.000121
481 0.000109
482 0.000099
483 0.000103
484 0.000115
485 0.000136
486 0.000159
487 0.000179
488 0.000191
489 0.000198
490 0.000198
491 0.000191
492 0.000188
493 0.000188
494 0.000182
495 0.000172
496 0.000174
497 0.000177
498 0.000179
499 0.000184
500 0.000195
501 0.000201
502 0.000200
503 0.000202
504 0.000200
505 0.000188
506 0.000179
507 0.000185
508 0.000187
509 0.000173
510 0.000161
511 0.000143
512 0.000112
513 0.000094
514 0.000069
515 0.000044
516 0.000033
517 0.000017
518 0.000012
519 0.000029
520 0.000050
521 0.000070
522 0.000105
523 0.000135
524 0.000145
525 0.000148
526 0.000136
527 0.000147
528 0.000156
529 0.000159
530 0.000170
531 0.000190
532 0.000219
533 0.000238
534 0.000251
535 0.000270
536 0.000285
537 0.000295
538 0.000282
539 0.000267
540 0.000266
541 0.000271
542 0.000277
543 0.000287
544 0.000311
545 0.000317
546 0.000314
547 0.000298
548 0.000283
549 0.000274
550 0.000264
551 0.000258
552 0.000249
553 0.000243
554 0.000229
555 0.000217
556 0.000208
557 0.000200
558 0.000188
559 0.000171
560 0.000145
561 0.000119
562 0.000103
563 0.000090
564 0.000085
565 0.000105
566 0.000104
567 0.000113
568 0.000123
569 0.000125
570 0.000129
571 0.000153
572 0.000174
573 0.000174
574 0.000169
575 0.000169
576 0.000155
577 0.000152
578 0.000144
579 0.000134
580 0.000120
581 0.000109
582 0.000095
583 0.000083
584 0.000072
585 0.000055
586 0.000037
587 0.000014
588 0.000009
589 0.000019
590 0.000026
591 0.000031
592 0.000036
593 0.000030
594 0.000030
595 0.000034
596 0.000043
597 0.000053
598 0.000063
599 0.000069
600 0.000084
601 0.000109
602 0.000138
603 0.000159
604 0.000166
605 0.000185
606 0.000198
607 0.000219
608 0.000234
609 0.000247
610 0.000242
611 0.000232
612 0.000230
613 0.000224
614 0.000223
615 0.000217
616 0.000206
617 0.000200
618 0.000202
619 0.000217
620 0.000225
621 0.000223
622 0.000223
623 0.000226
624 0.000217
625 0.000210
626 0.000209
627 0.000197
628 0.000189
629 0.000187
630 0.000178
631 0.000173
632 0.000176
633 0.000188
634 0.000194
635 0.000199
636 0.000205
637 0.000217
638 0.000243
639 0.000265
640 0.000274
641 0.000278
642 0.000273
643 0.000265
644 0.000266
645 0.000262
646 0.000272
647 0.000264
648 0.000256
649 0.000248
650 0.000243
651 0.000249
652 0.000257
653 0.000268
654 0.000272
655 0.000276
656 0.000278
657 0.000281
658 0.000270
659 0.000256
660 0.000230
661 0.000203
662 0.000182
663 0.000171
664 0.000148
665 0.000133
666 0.000123
667 0.000114
668 0.000106
669 0.000110
670 0.000120
671 0.000135
672 0.000151
673 0.000167
674 0.000178
675 0.000193
676 0.000203
677 0.000191
678 0.000173
679 0.000147
680 0.000128
681 0.000131
682 0.000132
683 0.000155
684 0.000181
685 0.000205
686 0.000218
687 0.000242
688 0.000263
689 0.000284
690 0.000305
691 0.000321
692 0.000327
693 0.000333
694 0.000336
695 0.000337
696 0.000334
697 0.000336
698 0.000334
699 0.000324
700 0.000307
701 0.000280
702 0.000247
703 0.000221
704 0.000213
705 0.000209
706 0.000202
707 0.000192
708 0.000176
709 0.000162
710 0.000156
711 0.000149
712 0.000126
713 0.000104
714 0.000090
715 0.000077
716 0.000073
717 0.000076
718 0.000088
719 0.000116
720 0.000147
721 0.000179
722 0.000209
723 0.000242
724 0.000253
725 0.000261
726 0.000269
727 0.000269
728 0.000272
729 0.000271
730 0.000273
731 0.000273
732 0.000277
733 0.000282
734 0.000279
735 0.000278
736 0.000263
737 0.000255
738 0.000246
739 0.000239
740 0.000247
741 0.000259
742 0.000265
743 0.000265
744 0.000261
745 0.000244
746 0.000232
747 0.000230
748 0.000223
749 0.000211
750 0.000200
751 0.000185
752 0.000167
753 0.000162
754 0.000160
755 0.000164
756 0.000174
757 0.000182
758 0.000190
759 0.000192
760 0.000190
761 0.000190
762 0.000194
763 0.000208
764 0.000215
765 0.000227
766 0.000230
767 0.000239
768 0.000241
769 0.000237
770 0.000224
771 0.000219
772 0.000217
773 0.000210
774 0.000199
775 0.000182
776 0.000166
777 0.000164
778 0.000162
779 0.000160
780 0.000151
781 0.000139
782 0.000120
783 0.000108
784 0.000107
785 0.000105
786 0.000107
787 0.000103
788 0.000102
789 0.000103
790 0.000100
791 0.000103
792 0.000102
793 0.000103
794 0.000103
795 0.000102
796 0.000103
797 0.000099
798 0.000102
799 0.000098
800 0.000100
801 0.000098
802 0.000095
803 0.000093
804 0.000094
805 0.000096
806 0.000098
807 0.000106
808 0.000111
809 0.000116
