# i correlation
1 0.002944
2 0.002792
3 0.002668
4 0.002541
5 0.002448
6 0.002358
7 0.002288
8 0.002227
9 0.002180
10 0.002122
11 0.002076
12 0.002030
13 0.001979
14 0.001941
15 0.001905
16 0.001879
17 0.001874
18 0.001878
19 0.001877
20 0.001883
21 0.001883
22 0.001873
23 0.001840
24 0.001819
25 0.001808
26 0.001814
27 0.001799
28 0.001776
29 0.001755
30 0.001741
31 0.001727
32 0.001709
33 0.001701
34 0.001680
35 0.001667
36 0.001650
37 0.001613
38 0.001620
39 0.001627
40 0.001628
41 0.001634
42 0.001649
43 0.001651
44 0.001648
45 0.001648
46 0.001648
47 0.001670
48 0.001667
49 0.001667
50 0.001668
51 0.001669
52 0.001696
53 0.001726
54 0.001743
55 0.001759
56 0.001765
57 0.001761
58 0.001753
59 0.001735
60 0.001741
61 0.001745
62 0.001734
63 0.001708
64 0.001721
65 0.001733
66 0.001726
67 0.001733
68 0.001713
69 0.001694
70 0.001662
71 0.001603
72 0.001574
73 0.001560
74 0.001542
75 0.001564
76 0.001576
77 0.001558
78 0.001526
79 0.001495
80 0.001454
81 0.001434
82 0.001416
83 0.001403
84 0.001399
85 0.001397
86 0.001392
87 0.001397
88 0.001391
89 0.001388
90 0.001390
91 0.001409
92 0.001400
93 0.001398
94 0.001394
95 0.001398
96 0.001411
97 0.001414
98 0.001397
99 0.001378
100 0.001371
101 0.001355
102 0.001336
103 0.001323
104 0.001323
105 0.001339
106 0.001360
107 0.001397
108 0.001447
109 0.001502
110 0.001523
111 0.001563
112 0.001578
113 0.001575
114 0.001593
115 0.001605
116 0.001601
117 0.001605
118 0.001599
119 0.001580
120 0.001560
121 0.001523
122 0.001519
123 0.001507
124 0.001487
125 0.001447
126 0.001411
127 0.001393
128 0.001378
129 0.001374
130 0.001350
131 0.001342
132 0.001314
133 0.001314
134 0.001320
135 0.001312
136 0.001302
137 0.001288
138 0.001271
139 0.001254
140 0.001251
141 0.001252
142 0.001259
143 0.001274
144 0.001278
145 0.001270
146 0.001238
147 0.001207
148 0.001186
149 0.001153
150 0.001124
151 0.001114
152 0.001113
153 0.001112
154 0.001115
155 0.001101
156 0.001083
157 0.001069
158 0.001035
159 0.001015
160 0.000990
161 0.000991
162 0.000995
163 0.001000
164 0.001026
165 0.001042
166 0.001075
167 0.001085
168 0.001072
169 0.001094
170 0.001101
171 0.001094
172 0.001101
173 0.001114
174 0.001106
175 0.001107
176 0.001119
177 0.001109
178 0.001112
179 0.001103
180 0.001093
181 0.001109
182 0.001127
183 0.001133
184 0.001156
185 0.001155
186 0.001157
187 0.001159
188 0.001149
189 0.001136
190 0.001137
191 0.001121
192 0.001096
193 0.001087
194 0.001077
195 0.001082
196 0.001071
197 0.001061
198 0.001054
199 0.001058
200 0.001063
201 0.001056
202 0.001051
203 0.001040
204 0.001058
205 0.001064
206 0.001077
207 0.001092
208 0.001104
209 0.001120
210 0.001108
211 0.001111
212 0.001120
213 0.001119
214 0.001114
215 0.001096
216 0.001072
217 0.001069
218 0.001070
219 0.001083
220 0.001098
221 0.001099
222 0.001102
223 0.001100
224 0.001094
225 0.001076
226 0.001060
227 0.001040
228 0.001034
229 0.001043
230 0.001036
231 0.001057
232 0.001049
233 0.001047
234 0.001061
235 0.001055
236 0.001056
237 0.001057
238 0.001075
239 0.001095
240 0.001115
241 0.001127
242 0.001151
243 0.001168
244 0.001144
245 0.001127
246 0.001099
247 0.001059
248 0.001038
249 0.001026
250 0.001021
251 0.001032
252 0.001045
253 0.001054
254 0.001041
255 0.001039
256 0.001020
257 0.001008
258 0.001008
259 0.001004
260 0.001022
261 0.001034
262 0.001036
263 0.001048
264 0.001045
265 0.001036
266 0.001019
267 0.001000
268 0.000979
269 0.000964
270 0.000944
271 0.000933
272 0.000926
273 0.000916
274 0.000896
275 0.000877
276 0.000871
277 0.000873
278 0.000879
279 0.000877
280 0.000868
281 0.000904
282 0.000921
283 0.000922
284 0.000925
285 0.000924
286 0.000916
287 0.000906
288 0.000892
289 0.000875
290 0.000876
291 0.000879
292 0.000871
293 0.000872
294 0.000860
295 0.000860
296 0.000872
297 0.000860
298 0.000864
299 0.000870
300 0.000864
301 0.000844
302 0.000822
303 0.000791
304 0.000784
305 0.000785
306 0.000770
307 0.000766
308 0.000758
309 0.000739
310 0.000733
311 0.000736
312 0.000727
313 0.000737
314 0.000741
315 0.000744
316 0.000754
317 0.000775
318 0.000800
319 0.000814
320 0.000833
321 0.000844
322 0.000851
323 0.000846
324 0.000836
325 0.000832
326 0.000819
327 0.000807
328 0.000811
329 0.000817
330 0.000813
331 0.000816
332 0.000802
333 0.000789
334 0.000787
335 0.000793
336 0.000793
337 0.000799
338 0.000823
339 0.000823
340 0.000824
341 0.000804
342 0.000795
343 0.000796
344 0.000773
345 0.000760
346 0.000762
347 0.000781
348 0.000805
349 0.000813
350 0.000820
351 0.000826
352 0.000833
353 0.000839
354 0.000856
355 0.000865
356 0.000880
357 0.000890
358 0.000897
359 0.000882
360 0.000879
361 0.000869
362 0.000855
363 0.000839
364 0.000820
365 0.000801
366 0.000787
367 0.000779
368 0.000770
369 0.000757
370 0.000736
371 0.000705
372 0.000683
373 0.000669
374 0.000666
375 0.000666
376 0.000671
377 0.000680
378 0.000686
379 0.000677
380 0.000681
381 0.000692
382 0.000706
383 0.000722
384 0.000723
385 0.000713
386 0.000714
387 0.000720
388 0.000725
389 0.000722
390 0.000723
391 0.000714
392 0.000715
393 0.000703
394 0.000695
395 0.000707
396 0.000720
397 0.000742
398 0.000753
399 0.000754
400 0.000762
401 0.000759
402 0.000761
403 0.000763
404 0.000781
405 0.000795
406 0.000794
407 0.000807
408 0.000827
409 0.000831
410 0.000838
411 0.000826
412 0.000821
413 0.000824
414 0.000815
415 0.000812
416 0.000814
417 0.000798
418 0.000786
419 0.000778
420 0.000753
421 0.000726
422 0.000722
423 0.000725
424 0.000734
425 0.000743
426 0.000754
427 0.000755
428 0.000745
429 0.000737
430 0.000734
431 0.000729
432 0.000710
433 0.000712
434 0.000708
435 0.000705
436 0.000707
437 0.000708
438 0.000709
439 0.000711
440 0.000705
441 0.000693
442 0.000685
443 0.000682
444 0.000687
445 0.000690
446 0.000691
447 0.000707
448 0.000715
449 0.000726
450 0.000739
451 0.000755
452 0.000780
453 0.000801
454 0.000806
455 0.000811
456 0.000809
457 0.000817
458 0.000823
459 0.000827
460 0.000825
461 0.000810
462 0.000816
463 0.000812
464 0.000815
465 0.000841
466 0.000847
467 0.000858
468 0.000867
469 0.000861
470 0.000841
471 0.000839
472 0.000849
473 0.000860
474 0.000879
475 0.000870
476 0.000861
477 0.000877
478 0.000885
479 0.000888
480 0.000895
481 0.000895
482 0.000890
483 0.000901
484 0.000901
485 0.000890
486 0.000891
487 0.000880
488 0.000866
489 0.000856
490 0.000839
491 0.000840
492 0.000832
493 0.000814
494 0.000791
495 0.000800
496 0.000786
497 0.000764
498 0.000739
499 0.000717
500 0.000711
501 0.000711
502 0.000707
503 0.000705
504 0.000715
505 0.000733
506 0.000745
507 0.000755
508 0.000757
509 0.000754
510 0.000740
511 0.000728
512 0.000732
513 0.000737
514 0.000727
515 0.000725
516 0.000723
517 0.000728
518 0.000715
519 0.000716
520 0.000718
521 0.000718
522 0.000726
523 0.000727
524 0.000747
525 0.000758
526 0.000759
527 0.000773
528 0.000776
529 0.000770
530 0.000763
531 0.000768
532 0.000774
533 0.000785
534 0.000803
535 0.000815
536 0.000819
537 0.000826
538 0.000837
539 0.000831
540 0.000835
541 0.000836
542 0.000841
543 0.000849
544 0.000856
545 0.000856
546 0.000842
547 0.000838
548 0.000832
549 0.000833
550 0.000825
551 0.000818
552 0.000808
553 0.000799
554 0.000790
555 0.000776
556 0.000769
557 0.000767
558 0.000765
559 0.000764
560 0.000769
561 0.000766
562 0.000772
563 0.000767
564 0.000765
565 0.000759
566 0.000747
567 0.000736
568 0.000733
569 0.000735
570 0.000733
571 0.000741
572 0.000737
573 0.000741
574 0.000739
575 0.000730
576 0.000727
577 0.000729
578 0.000734
579 0.000734
580 0.000739
581 0.000745
582 0.000753
583 0.000748
584 0.000737
585 0.000721
586 0.000700
587 0.000690
588 0.000691
589 0.000694
590 0.000696
591 0.000697
592 0.000718
593 0.000711
594 0.000694
595 0.000684
596 0.000686
597 0.000690
598 0.000703
599 0.000708
600 0.000710
601 0.000716
602 0.000708
603 0.000702
604 0.000693
605 0.000672
606 0.000660
607 0.000638
608 0.000611
609 0.000593
610 0.000584
611 0.000573
612 0.000557
613 0.000542
614 0.000525
615 0.000506
616 0.000488
617 0.000478
618 0.000460
619 0.000463
620 0.000458
621 0.000453
622 0.000461
623 0.000461
624 0.000463
625 0.000469
626 0.000469
627 0.000462
628 0.000454
629 0.000440
630 0.000421
631 0.000408
632 0.000392
633 0.000378
634 0.000367
635 0.000362
636 0.000363
637 0.000358
638 0.000361
639 0.000365
640 0.000361
641 0.000358
642 0.000348
643 0.000355
644 0.000353
645 0.000359
646 0.000369
647 0.000377
648 0.000385
649 0.000389
650 0.000399
651 0.000400
652 0.000401
653 0.000409
654 0.000404
655 0.000399
656 0.000396
657 0.000388
658 0.000391
659 0.000390
660 0.000384
661 0.000382
662 0.000386
663 0.000372
664 0.000366
665 0.000372
666 0.000365
667 0.000361
668 0.000368
669 0.000375
670 0.000357
671 0.000352
672 0.000345
673 0.000339
674 0.000330
675 0.000316
676 0.000307
677 0.000298
678 0.000303
679 0.000309
680 0.000314
681 0.000317
682 0.000315
683 0.000301
684 0.000285
685 0.000263
686 0.000260
687 0.000253
688 0.000255
689 0.000262
690 0.000266
691 0.000273
692 0.000270
693 0.000263
694 0.000259
695 0.000259
696 0.000258
697 0.000266
698 0.000272
699 0.000274
700 0.000285
701 0.000284
702 0.000289
703 0.000291
704 0.000300
705 0.000302
706 0.000307
707 0.000322
708 0.000330
709 0.000323
710 0.000324
711 0.000311
712 0.000299
713 0.000291
714 0.000287
715 0.000290
716 0.000287
717 0.000280
718 0.000268
719 0.000259
720 0.000252
721 0.000238
722 0.000231
723 0.000224
724 0.000218
725 0.000205
726 0.000201
727 0.000189
728 0.000176
729 0.000172
730 0.000161
731 0.000146
732 0.000137
733 0.000130
734 0.000130
735 0.000129
736 0.000124
737 0.000122
738 0.000121
739 0.000118
740 0.000119
741 0.000117
742 0.000111
743 0.000100
744 0.000103
745 0.000099
746 0.000108
747 0.000111
748 0.000109
749 0.000109
750 0.000106
751 0.000101
752 0.000085
753 0.000070
754 0.000056
755 0.000061
756 0.000067
757 0.000066
758 0.000081
759 0.000089
760 0.000095
761 0.000096
762 0.000101
763 0.000104
764 0.000111
765 0.000126
766 0.000126
767 0.000131
768 0.000137
769 0.000140
770 0.000147
771 0.000142
772 0.000146
773 0.000151
774 0.000152
775 0.000148
776 0.000152
777 0.000157
778 0.000149
779 0.000144
780 0.000147
781 0.000147
782 0.000151
783 0.000151
784 0.000146
785 0.000139
786 0.000135
787 0.000128
788 0.000124
789 0.000127
790 0.000130
791 0.000143
792 0.000137
793 0.000137
794 0.000135
795 0.000130
796 0.000134
797 0.000136
798 0.000136
799 0.000134
800 0.000146
801 0.000151
802 0.000161
803 0.000166
804 0.000159
805 0.000166
806 0.000169
807 0.000172
808 0.000171
809 0.000174
