# i correlation
1 0.002461
2 0.002249
3 0.002104
4 0.001983
5 0.001888
6 0.001811
7 0.001734
8 0.001682
9 0.001650
10 0.001605
11 0.001557
12 0.001506
13 0.001442
14 0.001395
15 0.001382
16 0.001378
17 0.001386
18 0.001366
19 0.001356
20 0.001353
21 0.001344
22 0.001336
23 0.001346
24 0.001333
25 0.001332
26 0.001341
27 0.001357
28 0.001336
29 0.001325
30 0.001327
31 0.001325
32 0.001327
33 0.001315
34 0.001282
35 0.001262
36 0.001263
37 0.001267
38 0.001271
39 0.001271
40 0.001240
41 0.001236
42 0.001240
43 0.001237
44 0.001235
45 0.001197
46 0.001154
47 0.001141
48 0.001113
49 0.001074
50 0.001046
51 0.001014
52 0.001013
53 0.001036
54 0.001036
55 0.001032
56 0.001046
57 0.001029
58 0.001021
59 0.001034
60 0.001032
61 0.001020
62 0.001004
63 0.000997
64 0.000992
65 0.001000
66 0.001024
67 0.001022
68 0.001016
69 0.001023
70 0.001024
71 0.001025
72 0.001007
73 0.000999
74 0.001021
75 0.001059
76 0.001088
77 0.001118
78 0.001139
79 0.001158
80 0.001170
81 0.001150
82 0.001122
83 0.001100
84 0.001084
85 0.001067
86 0.001053
87 0.001037
88 0.001024
89 0.001010
90 0.001001
91 0.001001
92 0.001000
93 0.000973
94 0.000992
95 0.001006
96 0.001015
97 0.001006
98 0.000999
99 0.000975
100 0.000965
101 0.000929
102 0.000913
103 0.000935
104 0.000958
105 0.000979
106 0.000975
107 0.000982
108 0.000997
109 0.000994
110 0.000996
111 0.001005
112 0.001011
113 0.001032
114 0.001049
115 0.001063
116 0.001072
117 0.001097
118 0.001098
119 0.001103
120 0.001100
121 0.001129
122 0.001144
123 0.001130
124 0.001101
125 0.001081
126 0.001050
127 0.001025
128 0.000990
129 0.000941
130 0.000908
131 0.000889
132 0.000857
133 0.000827
134 0.000813
135 0.000807
136 0.000793
137 0.000776
138 0.000770
139 0.000766
140 0.000755
141 0.000748
142 0.000749
143 0.000736
144 0.000746
145 0.000752
146 0.000742
147 0.000745
148 0.000763
149 0.000764
150 0.000773
151 0.000800
152 0.000806
153 0.000823
154 0.000853
155 0.000869
156 0.000854
157 0.000849
158 0.000817
159 0.000792
160 0.000800
161 0.000792
162 0.000771
163 0.000746
164 0.000730
165 0.000733
166 0.000727
167 0.000715
168 0.000690
169 0.000669
170 0.000656
171 0.000661
172 0.000661
173 0.000644
174 0.000658
175 0.000658
176 0.000662
177 0.000671
178 0.000679
179 0.000669
180 0.000680
181 0.000687
182 0.000711
183 0.000739
184 0.000754
185 0.000733
186 0.000712
187 0.000700
188 0.000686
189 0.000665
190 0.000641
191 0.000653
192 0.000674
193 0.000683
194 0.000692
195 0.000699
196 0.000689
197 0.000690
198 0.000709
199 0.000739
200 0.000765
201 0.000777
202 0.000766
203 0.000776
204 0.000790
205 0.000795
206 0.000797
207 0.000802
208 0.000796
209 0.000785
210 0.000790
211 0.000790
212 0.000780
213 0.000781
214 0.000793
215 0.000801
216 0.000793
217 0.000780
218 0.000768
219 0.000751
220 0.000736
221 0.000731
222 0.000732
223 0.000738
224 0.000739
225 0.000752
226 0.000737
227 0.000714
228 0.000673
229 0.000645
230 0.000657
231 0.000671
232 0.000651
233 0.000626
234 0.000618
235 0.000621
236 0.000641
237 0.000654
238 0.000675
239 0.000680
240 0.000681
241 0.000680
242 0.000685
243 0.000686
244 0.000670
245 0.000670
246 0.000649
247 0.000669
248 0.000686
249 0.000674
250 0.000663
251 0.000650
252 0.000635
253 0.000624
254 0.000602
255 0.000562
256 0.000509
257 0.000480
258 0.000446
259 0.000429
260 0.000421
261 0.000407
262 0.000410
263 0.000402
264 0.000383
265 0.000369
266 0.000331
267 0.000298
268 0.000304
269 0.000309
270 0.000336
271 0.000337
272 0.000332
273 0.000311
274 0.000333
275 0.000338
276 0.000348
277 0.000373
278 0.000396
279 0.000426
280 0.000438
281 0.000441
282 0.000447
283 0.000431
284 0.000410
285 0.000389
286 0.000404
287 0.000406
288 0.000386
289 0.000390
290 0.000386
291 0.000414
292 0.000438
293 0.000440
294 0.000435
295 0.000453
296 0.000473
297 0.000473
298 0.000444
299 0.000433
300 0.000417
301 0.000424
302 0.000441
303 0.000456
304 0.000489
305 0.000524
306 0.000563
307 0.000582
308 0.000590
309 0.000593
310 0.000578
311 0.000544
312 0.000525
313 0.000523
314 0.000531
315 0.000536
316 0.000543
317 0.000551
318 0.000576
319 0.000606
320 0.000622
321 0.000644
322 0.000666
323 0.000681
324 0.000690
325 0.000687
326 0.000677
327 0.000682
328 0.000689
329 0.000685
330 0.000686
331 0.000672
332 0.000648
333 0.000632
334 0.000621
335 0.000599
336 0.000583
337 0.000570
338 0.000559
339 0.000556
340 0.000540
341 0.000512
342 0.000485
343 0.000461
344 0.000419
345 0.000413
346 0.000398
347 0.000395
348 0.000404
349 0.000415
350 0.000418
351 0.000419
352 0.000434
353 0.000461
354 0.000469
355 0.000469
356 0.000469
357 0.000487
358 0.000511
359 0.000532
360 0.000564
361 0.000582
362 0.000608
363 0.000608
364 0.000584
365 0.000563
366 0.000566
367 0.000552
368 0.000547
369 0.000528
370 0.000513
371 0.000486
372 0.000475
373 0.000461
374 0.000450
375 0.000462
376 0.000454
377 0.000415
378 0.000387
379 0.000365
380 0.000353
381 0.000341
382 0.000339
383 0.000350
384 0.000364
385 0.000369
386 0.000372
387 0.000394
388 0.000381
389 0.000369
390 0.000365
391 0.000371
392 0.000391
393 0.000414
394 0.000414
395 0.000419
396 0.000432
397 0.000431
398 0.000443
399 0.000483
400 0.000503
401 0.000521
402 0.000541
403 0.000550
404 0.000543
405 0.000541
406 0.000520
407 0.000505
408 0.000505
409 0.000502
410 0.000488
411 0.000475
412 0.000461
413 0.000439
414 0.000436
415 0.000410
416 0.000388
417 0.000370
418 0.000364
419 0.000376
420 0.000382
421 0.000369
422 0.000377
423 0.000389
424 0.000379
425 0.000389
426 0.000389
427 0.000381
428 0.000394
429 0.000409
430 0.000418
431 0.000437
432 0.000451
433 0.000441
434 0.000449
435 0.000454
436 0.000459
437 0.000491
438 0.000495
439 0.000486
440 0.000480
441 0.000493
442 0.000503
443 0.000497
444 0.000490
445 0.000485
446 0.000492
447 0.000496
448 0.000507
449 0.000499
450 0.000473
451 0.000435
452 0.000412
453 0.000407
454 0.000398
455 0.000386
456 0.000381
457 0.000369
458 0.000367
459 0.000360
460 0.000360
461 0.000369
462 0.000380
463 0.000378
464 0.000379
465 0.000381
466 0.000380
467 0.000384
468 0.000374
469 0.000352
470 0.000348
471 0.000346
472 0.000342
473 0.000334
474 0.000332
475 0.000341
476 0.000343
477 0.000351
478 0.000383
479 0.000419
480 0.000429
481 0.000416
482 0.000394
483 0.000387
484 0.000368
485 0.000340
486 0.000322
487 0.000311
488 0.000289
489 0.000271
490 0.000273
491 0.000262
492 0.000230
493 0.000202
494 0.000166
495 0.000136
496 0.000113
497 0.000107
498 0.000104
499 0.000099
500 0.000099
501 0.000099
502 0.000094
503 0.000093
504 0.000092
505 0.000100
506 0.000116
507 0.000134
508 0.000157
509 0.000177
510 0.000192
511 0.000178
512 0.000161
513 0.000155
514 0.000165
515 0.000175
516 0.000190
517 0.000220
518 0.000240
519 0.000263
520 0.000273
521 0.000272
522 0.000282
523 0.000286
524 0.000295
525 0.000310
526 0.000312
527 0.000319
528 0.000327
529 0.000326
530 0.000327
531 0.000321
532 0.000305
533 0.000289
534 0.000287
535 0.000271
536 0.000265
537 0.000269
538 0.000265
539 0.000271
540 0.000290
541 0.000306
542 0.000331
543 0.000345
544 0.000372
545 0.000386
546 0.000409
547 0.000422
548 0.000414
549 0.000403
550 0.000388
551 0.000366
552 0.000343
553 0.000345
554 0.000351
555 0.000341
556 0.000343
557 0.000365
558 0.000379
559 0.000392
560 0.000390
561 0.000391
562 0.000382
563 0.000372
564 0.000366
565 0.000355
566 0.000350
567 0.000355
568 0.000363
569 0.000373
570 0.000377
571 0.000372
572 0.000361
573 0.000358
574 0.000350
575 0.000345
576 0.000343
577 0.000340
578 0.000348
579 0.000343
580 0.000328
581 0.000307
582 0.000289
583 0.000284
584 0.000282
585 0.000288
586 0.000290
587 0.000298
588 0.000321
589 0.000330
590 0.000325
591 0.000305
592 0.000285
593 0.000270
594 0.000254
595 0.000232
596 0.000228
597 0.000233
598 0.000236
599 0.000239
600 0.000241
601 0.000255
602 0.000269
603 0.000278
604 0.000287
605 0.000292
606 0.000296
607 0.000286
608 0.000273
609 0.000268
610 0.000261
611 0.000249
612 0.000241
613 0.000242
614 0.000251
615 0.000262
616 0.000260
617 0.000252
618 0.000239
619 0.000224
620 0.000219
621 0.000216
622 0.000217
623 0.000222
624 0.000239
625 0.000257
626 0.000270
627 0.000271
628 0.000263
629 0.000260
630 0.000258
631 0.000258
632 0.000267
633 0.000272
634 0.000282
635 0.000292
636 0.000294
637 0.000300
638 0.000305
639 0.000299
640 0.000299
641 0.000308
642 0.000315
643 0.000323
644 0.000343
645 0.000356
646 0.000359
647 0.000359
648 0.000356
649 0.000359
650 0.000347
651 0.000328
652 0.000318
653 0.000301
654 0.000288
655 0.000283
656 0.000267
657 0.000262
658 0.000253
659 0.000246
660 0.000226
661 0.000223
662 0.000225
663 0.000226
664 0.000228
665 0.000216
666 0.000204
667 0.000211
668 0.000221
669 0.000219
670 0.000213
671 0.000207
672 0.000200
673 0.000189
674 0.000177
675 0.000156
676 0.000141
677 0.000125
678 0.000116
679 0.000123
680 0.000132
681 0.000133
682 0.000146
683 0.000153
684 0.000154
685 0.000170
686 0.000168
687 0.000154
688 0.000149
689 0.000142
690 0.000142
691 0.000151
692 0.000151
693 0.000162
694 0.000174
695 0.000168
696 0.000166
697 0.000152
698 0.000133
699 0.000120
700 0.000117
701 0.000119
702 0.000119
703 0.000108
704 0.000094
705 0.000076
706 0.000056
707 0.000035
708 0.000018
709 0.000013
710 0.000016
711 0.000031
712 0.000029
713 0.000027
714 0.000027
715 0.000034
716 0.000036
717 0.000036
718 0.000040
719 0.000044
720 0.000064
721 0.000085
722 0.000099
723 0.000117
724 0.000130
725 0.000134
726 0.000124
727 0.000116
728 0.000113
729 0.000116
730 0.000116
731 0.000110
732 0.000105
733 0.000109
734 0.000100
735 0.000100
736 0.000092
737 0.000087
738 0.000080
739 0.000070
740 0.000058
741 0.000060
742 0.000063
743 0.000064
744 0.000065
745 0.000059
746 0.000048
747 0.000042
748 0.000048
749 0.000051
750 0.000055
751 0.000058
752 0.000071
753 0.000095
754 0.000110
755 0.000119
756 0.000129
757 0.000142
758 0.000153
759 0.000165
760 0.000177
761 0.000189
762 0.000198
763 0.000199
764 0.000198
765 0.000196
766 0.000193
767 0.000192
768 0.000200
769 0.000215
770 0.000218
771 0.000220
772 0.000229
773 0.000221
774 0.000212
775 0.000207
776 0.000207
777 0.000210
778 0.000206
779 0.000202
780 0.000201
781 0.000191
782 0.000179
783 0.000166
784 0.000146
785 0.000141
786 0.000137
787 0.000136
788 0.000134
789 0.000130
790 0.000118
791 0.000109
792 0.000098
793 0.000083
794 0.000077
795 0.000080
796 0.000088
797 0.000096
798 0.000097
799 0.000094
800 0.000087
801 0.000087
802 0.000088
803 0.000084
804 0.000083
805 0.000077
806 0.000071
807 0.000069
808 0.000062
809 0.000058
