# i correlation
1 0.001937
2 0.001767
3 0.001642
4 0.001555
5 0.001474
6 0.001408
7 0.001377
8 0.001351
9 0.001332
10 0.001306
11 0.001279
12 0.001257
13 0.001230
14 0.001203
15 0.001192
16 0.001182
17 0.001171
18 0.001144
19 0.001092
20 0.001065
21 0.001059
22 0.001048
23 0.001044
24 0.001060
25 0.001062
26 0.001061
27 0.001040
28 0.001006
29 0.000988
30 0.000971
31 0.000954
32 0.000944
33 0.000971
34 0.000976
35 0.000948
36 0.000956
37 0.000949
38 0.000926
39 0.000909
40 0.000894
41 0.000886
42 0.000874
43 0.000864
44 0.000866
45 0.000861
46 0.000836
47 0.000828
48 0.000811
49 0.000797
50 0.000773
51 0.000756
52 0.000751
53 0.000736
54 0.000749
55 0.000741
56 0.000738
57 0.000733
58 0.000730
59 0.000713
60 0.000705
61 0.000684
62 0.000674
63 0.000665
64 0.000657
65 0.000659
66 0.000663
67 0.000686
68 0.000696
69 0.000694
70 0.000676
71 0.000664
72 0.000663
73 0.000693
74 0.000702
75 0.000693
76 0.000695
77 0.000679
78 0.000681
79 0.000660
80 0.000673
81 0.000696
82 0.000717
83 0.000747
84 0.000760
85 0.000759
86 0.000743
87 0.000731
88 0.000730
89 0.000727
90 0.000726
91 0.000738
92 0.000723
93 0.000731
94 0.000737
95 0.000732
96 0.000712
97 0.000691
98 0.000687
99 0.000659
100 0.000640
101 0.000634
102 0.000637
103 0.000634
104 0.000639
105 0.000637
106 0.000625
107 0.000617
108 0.000634
109 0.000653
110 0.000650
111 0.000642
112 0.000644
113 0.000621
114 0.000610
115 0.000603
116 0.000593
117 0.000600
118 0.000605
119 0.000606
120 0.000622
121 0.000640
122 0.000654
123 0.000650
124 0.000629
125 0.000614
126 0.000593
127 0.000574
128 0.000554
129 0.000524
130 0.000519
131 0.000521
132 0.000538
133 0.000536
134 0.000546
135 0.000551
136 0.000542
137 0.000525
138 0.000532
139 0.000518
140 0.000498
141 0.000499
142 0.000510
143 0.000513
144 0.000501
145 0.000511
146 0.000516
147 0.000523
148 0.000523
149 0.000510
150 0.000496
151 0.000473
152 0.000443
153 0.000425
154 0.000422
155 0.000425
156 0.000433
157 0.000447
158 0.000454
159 0.000465
160 0.000460
161 0.000458
162 0.000446
163 0.000442
164 0.000448
165 0.000455
166 0.000440
167 0.000418
168 0.000409
169 0.000400
170 0.000365
171 0.000371
172 0.000379
173 0.000372
174 0.000366
175 0.000361
176 0.000355
177 0.000351
178 0.000354
179 0.000351
180 0.000363
181 0.000375
182 0.000385
183 0.000390
184 0.000389
185 0.000383
186 0.000380
187 0.000376
188 0.000387
189 0.000405
190 0.000424
191 0.000421
192 0.000424
193 0.000415
194 0.000410
195 0.000398
196 0.000367
197 0.000337
198 0.000320
199 0.000332
200 0.000349
201 0.000366
202 0.000382
203 0.000395
204 0.000420
205 0.000442
206 0.000455
207 0.000455
208 0.000452
209 0.000453
210 0.000439
211 0.000411
212 0.000382
213 0.000372
214 0.000369
215 0.000378
216 0.000391
217 0.000407
218 0.000429
219 0.000453
220 0.000466
221 0.000476
222 0.000475
223 0.000476
224 0.000461
225 0.000447
226 0.000442
227 0.000429
228 0.000420
229 0.000404
230 0.000393
231 0.000401
232 0.000415
233 0.000414
234 0.000383
235 0.000359
236 0.000367
237 0.000383
238 0.000386
239 0.000395
240 0.000406
241 0.000407
242 0.000413
243 0.000416
244 0.000419
245 0.000414
246 0.000426
247 0.000438
248 0.000473
249 0.000501
250 0.000514
251 0.000503
252 0.000477
253 0.000459
254 0.000442
255 0.000417
256 0.000418
257 0.000418
258 0.000413
259 0.000414
260 0.000398
261 0.000365
262 0.000350
263 0.000341
264 0.000329
265 0.000329
266 0.000346
267 0.000354
268 0.000343
269 0.000328
270 0.000309
271 0.000292
272 0.000284
273 0.000295
274 0.000307
275 0.000317
276 0.000310
277 0.000320
278 0.000317
279 0.000285
280 0.000271
281 0.000248
282 0.000257
283 0.000271
284 0.000284
285 0.000271
286 0.000257
287 0.000244
288 0.000224
289 0.000216
290 0.000223
291 0.000241
292 0.000255
293 0.000278
294 0.000280
295 0.000291
296 0.000289
297 0.000290
298 0.000292
299 0.000300
300 0.000316
301 0.000312
302 0.000316
303 0.000335
304 0.000364
305 0.000368
306 0.000357
307 0.000364
308 0.000368
309 0.000379
310 0.000386
311 0.000399
312 0.000407
313 0.000427
314 0.000441
315 0.000450
316 0.000459
317 0.000451
318 0.000447
319 0.000430
320 0.000409
321 0.000402
322 0.000400
323 0.000398
324 0.000404
325 0.000413
326 0.000428
327 0.000432
328 0.000430
329 0.000436
330 0.000431
331 0.000431
332 0.000428
333 0.000431
334 0.000442
335 0.000452
336 0.000453
337 0.000444
338 0.000442
339 0.000450
340 0.000475
341 0.000492
342 0.000503
343 0.000497
344 0.000498
345 0.000503
346 0.000501
347 0.000507
348 0.000505
349 0.000505
350 0.000485
351 0.000479
352 0.000474
353 0.000449
354 0.000424
355 0.000404
356 0.000394
357 0.000384
358 0.000393
359 0.000387
360 0.000386
361 0.000381
362 0.000379
363 0.000384
364 0.000379
365 0.000369
366 0.000369
367 0.000359
368 0.000353
369 0.000354
370 0.000354
371 0.000363
372 0.000361
373 0.000359
374 0.000356
375 0.000347
376 0.000329
377 0.000307
378 0.000311
379 0.000300
380 0.000287
381 0.000275
382 0.000270
383 0.000248
384 0.000234
385 0.000214
386 0.000200
387 0.000196
388 0.000185
389 0.000163
390 0.000126
391 0.000118
392 0.000124
393 0.000115
394 0.000112
395 0.000116
396 0.000130
397 0.000141
398 0.000144
399 0.000161
400 0.000171
401 0.000156
402 0.000142
403 0.000132
404 0.000127
405 0.000135
406 0.000119
407 0.000108
408 0.000124
409 0.000147
410 0.000146
411 0.000132
412 0.000125
413 0.000123
414 0.000120
415 0.000110
416 0.000099
417 0.000096
418 0.000102
419 0.000085
420 0.000077
421 0.000086
422 0.000102
423 0.000105
424 0.000096
425 0.000107
426 0.000094
427 0.000082
428 0.000068
429 0.000053
430 0.000050
431 0.000057
432 0.000072
433 0.000086
434 0.000070
435 0.000044
436 0.000036
437 0.000043
438 0.000058
439 0.000068
440 0.000069
441 0.000072
442 0.000073
443 0.000075
444 0.000056
445 0.000033
446 0.000015
447 0.000009
448 0.000013
449 0.000022
450 0.000023
451 0.000035
452 0.000041
453 0.000048
454 0.000065
455 0.000084
456 0.000105
457 0.000128
458 0.000148
459 0.000150
460 0.000159
461 0.000170
462 0.000173
463 0.000165
464 0.000168
465 0.000169
466 0.000179
467 0.000195
468 0.000208
469 0.000222
470 0.000228
471 0.000208
472 0.000205
473 0.000191
474 0.000176
475 0.000169
476 0.000162
477 0.000156
478 0.000146
479 0.000136
480 0.000123
481 0.000117
482 0.000124
483 0.000127
484 0.000121
485 0.000123
486 0.000142
487 0.000166
488 0.000165
489 0.000147
490 0.000136
491 0.000125
492 0.000113
493 0.000114
494 0.000127
495 0.000130
496 0.000134
497 0.000128
498 0.000135
499 0.000145
500 0.000144
501 0.000137
502 0.000124
503 0.000123
504 0.000125
505 0.000126
506 0.000140
507 0.000146
508 0.000143
509 0.000143
510 0.000130
511 0.000123
512 0.000117
513 0.000119
514 0.000116
515 0.000107
516 0.000106
517 0.000102
518 0.000083
519 0.000066
520 0.000069
521 0.000072
522 0.000066
523 0.000068
524 0.000068
525 0.000065
526 0.000061
527 0.000055
528 0.000043
529 0.000031
530 0.000027
531 0.000033
532 0.000034
533 0.000024
534 0.000023
535 0.000028
536 0.000033
537 0.000032
538 0.000015
539 0.000004
540 0.000003
541 0.000022
542 0.000030
543 0.000040
544 0.000049
545 0.000051
546 0.000061
547 0.000063
548 0.000056
549 0.000044
550 0.000049
551 0.000052
552 0.000049
553 0.000064
554 0.000080
555 0.000086
556 0.000089
557 0.000078
558 0.000064
559 0.000051
560 0.000052
561 0.000052
562 0.000037
563 0.000036
564 0.000035
565 0.000042
566 0.000049
567 0.000057
568 0.000066
569 0.000064
570 0.000063
571 0.000061
572 0.000057
573 0.000042
574 0.000030
575 0.000024
576 0.000005
577 0.000009
578 0.000008
579 0.000008
580 0.000014
581 0.000026
582 0.000039
583 0.000041
584 0.000043
585 0.000041
586 0.000033
587 0.000036
588 0.000040
589 0.000050
590 0.000053
591 0.000062
592 0.000064
593 0.000065
594 0.000065
595 0.000064
596 0.000064
597 0.000065
598 0.000075
599 0.000081
600 0.000077
601 0.000067
602 0.000066
603 0.000061
604 0.000063
605 0.000057
606 0.000053
607 0.000046
608 0.000053
609 0.000057
610 0.000050
611 0.000040
612 0.000027
613 0.000011
614 0.000002
615 -0.000001
616 -0.000017
617 -0.000027
618 -0.000032
619 -0.000032
620 -0.000035
621 -0.000038
622 -0.000045
623 -0.000051
624 -0.000050
625 -0.000043
626 -0.000042
627 -0.000046
628 -0.000052
629 -0.000043
630 -0.000043
631 -0.000046
632 -0.000049
633 -0.000056
634 -0.000070
635 -0.000087
636 -0.000093
637 -0.000095
638 -0.000101
639 -0.000106
640 -0.000105
641 -0.000096
642 -0.000087
643 -0.000080
644 -0.000071
645 -0.000056
646 -0.000052
647 -0.000038
648 -0.000023
649 -0.000021
650 -0.000027
651 -0.000022
652 -0.000029
653 -0.000049
654 -0.000063
655 -0.000069
656 -0.000076
657 -0.000086
658 -0.000080
659 -0.000073
660 -0.000078
661 -0.000074
662 -0.000063
663 -0.000054
664 -0.000047
665 -0.000039
666 -0.000037
667 -0.000046
668 -0.000054
669 -0.000056
670 -0.000053
671 -0.000045
672 -0.000039
673 -0.000029
674 -0.000021
675 -0.000009
676 0.000002
677 0.000015
678 0.000020
679 0.000023
680 0.000021
681 0.000024
682 0.000031
683 0.000031
684 0.000031
685 0.000025
686 0.000017
687 0.000016
688 0.000024
689 0.000034
690 0.000028
691 0.000028
692 0.000035
693 0.000032
694 0.000011
695 -0.000008
696 -0.000022
697 -0.000028
698 -0.000043
699 -0.000059
700 -0.000067
701 -0.000083
702 -0.000098
703 -0.000109
704 -0.000116
705 -0.000113
706 -0.000114
707 -0.000107
708 -0.000100
709 -0.000088
710 -0.000085
711 -0.000092
712 -0.000099
713 -0.000096
714 -0.000086
715 -0.000071
716 -0.000058
717 -0.000046
718 -0.000032
719 -0.000030
720 -0.000028
721 -0.000025
722 -0.000030
723 -0.000041
724 -0.000053
725 -0.000056
726 -0.000060
727 -0.000062
728 -0.000067
729 -0.000070
730 -0.000069
731 -0.000058
732 -0.000048
733 -0.000046
734 -0.000045
735 -0.000044
736 -0.000045
737 -0.000053
738 -0.000058
739 -0.000068
740 -0.000073
741 -0.000070
742 -0.000062
743 -0.000063
744 -0.000057
745 -0.000049
746 -0.000033
747 -0.000034
748 -0.000042
749 -0.000041
750 -0.000045
751 -0.000053
752 -0.000051
753 -0.000040
754 -0.000031
755 -0.000024
756 -0.000019
757 -0.000007
758 -0.000005
759 -0.000008
760 -0.000008
761 -0.000009
762 -0.000010
763 -0.000008
764 -0.000013
765 -0.000011
766 -0.000007
767 -0.000008
768 -0.000013
769 -0.000014
770 -0.000013
771 -0.000011
772 -0.000009
773 -0.000005
774 -0.000002
775 -0.000005
776 -0.000016
777 -0.000019
778 -0.000016
779 -0.000006
780 -0.000001
781 -0.000005
782 0.000002
783 0.000011
784 0.000015
785 0.000012
786 0.000015
787 0.000024
788 0.000026
789 0.000029
790 0.000035
791 0.000042
792 0.000043
793 0.000043
794 0.000043
795 0.000038
796 0.000043
797 0.000041
798 0.000037
799 0.000030
800 0.000031
801 0.000029
802 0.000027
803 0.000027
804 0.000034
805 0.000037
806 0.000036
807 0.000032
808 0.000029
809 0.000036
