# i correlation
1 0.002317
2 0.002152
3 0.002020
4 0.001907
5 0.001804
6 0.001718
7 0.001655
8 0.001592
9 0.001535
10 0.001476
11 0.001426
12 0.001375
13 0.001336
14 0.001311
15 0.001288
16 0.001266
17 0.001251
18 0.001249
19 0.001227
20 0.001206
21 0.001197
22 0.001202
23 0.001208
24 0.001212
25 0.001221
26 0.001237
27 0.001244
28 0.001232
29 0.001228
30 0.001211
31 0.001209
32 0.001197
33 0.001177
34 0.001158
35 0.001158
36 0.001150
37 0.001138
38 0.001142
39 0.001131
40 0.001116
41 0.001130
42 0.001130
43 0.001121
44 0.001115
45 0.001118
46 0.001144
47 0.001167
48 0.001175
49 0.001172
50 0.001156
51 0.001130
52 0.001121
53 0.001114
54 0.001108
55 0.001105
56 0.001116
57 0.001126
58 0.001124
59 0.001136
60 0.001156
61 0.001160
62 0.001163
63 0.001143
64 0.001132
65 0.001105
66 0.001081
67 0.001064
68 0.001042
69 0.001019
70 0.000998
71 0.000976
72 0.000948
73 0.000937
74 0.000924
75 0.000897
76 0.000878
77 0.000862
78 0.000849
79 0.000824
80 0.000798
81 0.000794
82 0.000787
83 0.000788
84 0.000790
85 0.000811
86 0.000822
87 0.000836
88 0.000861
89 0.000870
90 0.000863
91 0.000852
92 0.000862
93 0.000850
94 0.000840
95 0.000849
96 0.000840
97 0.000833
98 0.000822
99 0.000803
100 0.000798
101 0.000777
102 0.000762
103 0.000748
104 0.000723
105 0.000715
106 0.000711
107 0.000699
108 0.000675
109 0.000662
110 0.000658
111 0.000656
112 0.000656
113 0.000653
114 0.000652
115 0.000648
116 0.000646
117 0.000621
118 0.000610
119 0.000617
120 0.000632
121 0.000646
122 0.000663
123 0.000697
124 0.000727
125 0.000734
126 0.000754
127 0.000772
128 0.000794
129 0.000803
130 0.000797
131 0.000804
132 0.000790
133 0.000779
134 0.000740
135 0.000710
136 0.000699
137 0.000689
138 0.000674
139 0.000658
140 0.000604
141 0.000579
142 0.000563
143 0.000539
144 0.000507
145 0.000491
146 0.000488
147 0.000490
148 0.000487
149 0.000498
150 0.000512
151 0.000527
152 0.000531
153 0.000522
154 0.000520
155 0.000534
156 0.000533
157 0.000550
158 0.000543
159 0.000543
160 0.000536
161 0.000542
162 0.000545
163 0.000537
164 0.000532
165 0.000532
166 0.000523
167 0.000501
168 0.000478
169 0.000455
170 0.000439
171 0.000430
172 0.000430
173 0.000457
174 0.000478
175 0.000487
176 0.000485
177 0.000492
178 0.000490
179 0.000479
180 0.000496
181 0.000516
182 0.000502
183 0.000476
184 0.000458
185 0.000441
186 0.000426
187 0.000426
188 0.000439
189 0.000446
190 0.000463
191 0.000475
192 0.000491
193 0.000494
194 0.000479
195 0.000470
196 0.000451
197 0.000433
198 0.000436
199 0.000419
200 0.000398
201 0.000363
202 0.000358
203 0.000356
204 0.000373
205 0.000397
206 0.000432
207 0.000462
208 0.000471
209 0.000486
210 0.000498
211 0.000526
212 0.000550
213 0.000571
214 0.000586
215 0.000600
216 0.000605
217 0.000605
218 0.000603
219 0.000612
220 0.000629
221 0.000652
222 0.000681
223 0.000690
224 0.000710
225 0.000725
226 0.000728
227 0.000734
228 0.000737
229 0.000740
230 0.000733
231 0.000715
232 0.000679
233 0.000645
234 0.000635
235 0.000616
236 0.000601
237 0.000592
238 0.000580
239 0.000558
240 0.000530
241 0.000513
242 0.000509
243 0.000521
244 0.000541
245 0.000555
246 0.000562
247 0.000575
248 0.000588
249 0.000584
250 0.000603
251 0.000636
252 0.000673
253 0.000693
254 0.000705
255 0.000724
256 0.000716
257 0.000708
258 0.000694
259 0.000674
260 0.000668
261 0.000658
262 0.000651
263 0.000634
264 0.000614
265 0.000603
266 0.000600
267 0.000581
268 0.000575
269 0.000587
270 0.000598
271 0.000605
272 0.000605
273 0.000609
274 0.000610
275 0.000615
276 0.000609
277 0.000616
278 0.000626
279 0.000634
280 0.000651
281 0.000668
282 0.000679
283 0.000697
284 0.000722
285 0.000738
286 0.000763
287 0.000779
288 0.000792
289 0.000800
290 0.000795
291 0.000788
292 0.000770
293 0.000766
294 0.000776
295 0.000765
296 0.000761
297 0.000754
298 0.000757
299 0.000748
300 0.000740
301 0.000729
302 0.000710
303 0.000698
304 0.000701
305 0.000710
306 0.000712
307 0.000709
308 0.000699
309 0.000692
310 0.000673
311 0.000662
312 0.000674
313 0.000674
314 0.000679
315 0.000676
316 0.000677
317 0.000695
318 0.000714
319 0.000719
320 0.000727
321 0.000722
322 0.000725
323 0.000719
324 0.000702
325 0.000681
326 0.000657
327 0.000635
328 0.000630
329 0.000623
330 0.000595
331 0.000586
332 0.000592
333 0.000597
334 0.000595
335 0.000591
336 0.000581
337 0.000583
338 0.000590
339 0.000606
340 0.000630
341 0.000644
342 0.000656
343 0.000678
344 0.000691
345 0.000704
346 0.000720
347 0.000740
348 0.000751
349 0.000738
350 0.000746
351 0.000743
352 0.000735
353 0.000746
354 0.000745
355 0.000754
356 0.000745
357 0.000734
358 0.000732
359 0.000716
360 0.000700
361 0.000683
362 0.000658
363 0.000639
364 0.000621
365 0.000598
366 0.000606
367 0.000608
368 0.000597
369 0.000582
370 0.000565
371 0.000562
372 0.000557
373 0.000552
374 0.000561
375 0.000575
376 0.000593
377 0.000601
378 0.000593
379 0.000612
380 0.000619
381 0.000621
382 0.000619
383 0.000621
384 0.000625
385 0.000622
386 0.000611
387 0.000593
388 0.000587
389 0.000586
390 0.000582
391 0.000549
392 0.000506
393 0.000482
394 0.000476
395 0.000449
396 0.000422
397 0.000408
398 0.000385
399 0.000377
400 0.000376
401 0.000388
402 0.000398
403 0.000406
404 0.000401
405 0.000394
406 0.000374
407 0.000361
408 0.000346
409 0.000343
410 0.000346
411 0.000342
412 0.000364
413 0.000366
414 0.000370
415 0.000374
416 0.000374
417 0.000376
418 0.000388
419 0.000395
420 0.000405
421 0.000411
422 0.000398
423 0.000389
424 0.000385
425 0.000380
426 0.000388
427 0.000399
428 0.000395
429 0.000401
430 0.000389
431 0.000374
432 0.000376
433 0.000366
434 0.000357
435 0.000363
436 0.000388
437 0.000412
438 0.000424
439 0.000415
440 0.000407
441 0.000404
442 0.000394
443 0.000393
444 0.000382
445 0.000381
446 0.000379
447 0.000365
448 0.000351
449 0.000331
450 0.000331
451 0.000323
452 0.000299
453 0.000270
454 0.000228
455 0.000198
456 0.000166
457 0.000146
458 0.000128
459 0.000114
460 0.000097
461 0.000107
462 0.000126
463 0.000132
464 0.000144
465 0.000155
466 0.000160
467 0.000167
468 0.000178
469 0.000179
470 0.000174
471 0.000179
472 0.000180
473 0.000190
474 0.000203
475 0.000223
476 0.000245
477 0.000267
478 0.000287
479 0.000320
480 0.000332
481 0.000345
482 0.000358
483 0.000359
484 0.000361
485 0.000355
486 0.000360
487 0.000362
488 0.000359
489 0.000362
490 0.000365
491 0.000362
492 0.000361
493 0.000361
494 0.000353
495 0.000341
496 0.000329
497 0.000336
498 0.000330
499 0.000340
500 0.000352
501 0.000350
502 0.000348
503 0.000344
504 0.000346
505 0.000352
506 0.000346
507 0.000335
508 0.000336
509 0.000344
510 0.000363
511 0.000364
512 0.000377
513 0.000388
514 0.000380
515 0.000379
516 0.000368
517 0.000355
518 0.000338
519 0.000330
520 0.000314
521 0.000317
522 0.000304
523 0.000283
524 0.000272
525 0.000262
526 0.000255
527 0.000257
528 0.000261
529 0.000245
530 0.000231
531 0.000237
532 0.000242
533 0.000250
534 0.000246
535 0.000250
536 0.000253
537 0.000251
538 0.000259
539 0.000266
540 0.000282
541 0.000288
542 0.000286
543 0.000286
544 0.000292
545 0.000299
546 0.000302
547 0.000302
548 0.000299
549 0.000310
550 0.000329
551 0.000345
552 0.000366
553 0.000380
554 0.000382
555 0.000372
556 0.000366
557 0.000363
558 0.000357
559 0.000345
560 0.000345
561 0.000333
562 0.000326
563 0.000326
564 0.000324
565 0.000322
566 0.000314
567 0.000306
568 0.000304
569 0.000304
570 0.000304
571 0.000297
572 0.000289
573 0.000282
574 0.000286
575 0.000295
576 0.000290
577 0.000293
578 0.000292
579 0.000295
580 0.000282
581 0.000275
582 0.000275
583 0.000270
584 0.000259
585 0.000257
586 0.000241
587 0.000225
588 0.000216
589 0.000220
590 0.000219
591 0.000218
592 0.000228
593 0.000225
594 0.000235
595 0.000247
596 0.000253
597 0.000261
598 0.000274
599 0.000284
600 0.000305
601 0.000324
602 0.000335
603 0.000347
604 0.000360
605 0.000370
606 0.000374
607 0.000375
608 0.000375
609 0.000371
610 0.000367
611 0.000363
612 0.000370
613 0.000371
614 0.000370
615 0.000361
616 0.000370
617 0.000358
618 0.000362
619 0.000371
620 0.000373
621 0.000370
622 0.000353
623 0.000348
624 0.000343
625 0.000344
626 0.000338
627 0.000346
628 0.000351
629 0.000349
630 0.000345
631 0.000348
632 0.000351
633 0.000349
634 0.000341
635 0.000326
636 0.000308
637 0.000290
638 0.000289
639 0.000288
640 0.000280
641 0.000280
642 0.000287
643 0.000294
644 0.000299
645 0.000304
646 0.000316
647 0.000323
648 0.000331
649 0.000347
650 0.000362
651 0.000369
652 0.000386
653 0.000388
654 0.000393
655 0.000396
656 0.000402
657 0.000407
658 0.000395
659 0.000368
660 0.000356
661 0.000343
662 0.000327
663 0.000318
664 0.000306
665 0.000302
666 0.000288
667 0.000279
668 0.000268
669 0.000247
670 0.000241
671 0.000238
672 0.000236
673 0.000242
674 0.000251
675 0.000255
676 0.000251
677 0.000242
678 0.000234
679 0.000225
680 0.000220
681 0.000220
682 0.000210
683 0.000198
684 0.000190
685 0.000180
686 0.000166
687 0.000157
688 0.000150
689 0.000154
690 0.000163
691 0.000165
692 0.000169
693 0.000184
694 0.000189
695 0.000200
696 0.000210
697 0.000219
698 0.000224
699 0.000233
700 0.000231
701 0.000232
702 0.000234
703 0.000234
704 0.000227
705 0.000217
706 0.000215
707 0.000208
708 0.000202
709 0.000193
710 0.000182
711 0.000177
712 0.000175
713 0.000181
714 0.000177
715 0.000178
716 0.000181
717 0.000179
718 0.000176
719 0.000180
720 0.000185
721 0.000191
722 0.000200
723 0.000209
724 0.000209
725 0.000205
726 0.000213
727 0.000230
728 0.000242
729 0.000240
730 0.000245
731 0.000251
732 0.000255
733 0.000256
734 0.000261
735 0.000264
736 0.000262
737 0.000261
738 0.000264
739 0.000259
740 0.000252
741 0.000246
742 0.000240
743 0.000233
744 0.000225
745 0.000219
746 0.000207
747 0.000187
748 0.000172
749 0.000165
750 0.000149
751 0.000136
752 0.000123
753 0.000106
754 0.000091
755 0.000095
756 0.000092
757 0.000093
758 0.000097
759 0.000100
760 0.000107
761 0.000099
762 0.000100
763 0.000104
764 0.000096
765 0.000090
766 0.000083
767 0.000076
768 0.000056
769 0.000047
770 0.000053
771 0.000048
772 0.000042
773 0.000041
774 0.000040
775 0.000042
776 0.000039
777 0.000037
778 0.000032
779 0.000037
780 0.000048
781 0.000063
782 0.000081
783 0.000097
784 0.000112
785 0.000127
786 0.000131
787 0.000142
788 0.000138
789 0.000126
790 0.000119
791 0.000109
792 0.000100
793 0.000092
794 0.000085
795 0.000070
796 0.000061
797 0.000049
798 0.000032
799 0.000024
800 0.000014
801 0.000010
802 0.000010
803 0.000009
804 0.000011
805 0.000011
806 0.000009
807 0.000002
808 -0.000004
809 -0.000009
