# i correlation
1 0.003420
2 0.003235
3 0.003065
4 0.002915
5 0.002794
6 0.002697
7 0.002611
8 0.002515
9 0.002429
10 0.002335
11 0.002234
12 0.002149
13 0.002087
14 0.002057
15 0.002015
16 0.001962
17 0.001923
18 0.001894
19 0.001874
20 0.001858
21 0.001827
22 0.001813
23 0.001810
24 0.001815
25 0.001817
26 0.001826
27 0.001822
28 0.001809
29 0.001822
30 0.001838
31 0.001853
32 0.001860
33 0.001871
34 0.001858
35 0.001867
36 0.001880
37 0.001864
38 0.001831
39 0.001794
40 0.001768
41 0.001749
42 0.001726
43 0.001696
44 0.001666
45 0.001649
46 0.001640
47 0.001610
48 0.001594
49 0.001580
50 0.001569
51 0.001562
52 0.001562
53 0.001555
54 0.001566
55 0.001598
56 0.001607
57 0.001597
58 0.001608
59 0.001616
60 0.001626
61 0.001624
62 0.001617
63 0.001603
64 0.001597
65 0.001593
66 0.001592
67 0.001569
68 0.001581
69 0.001574
70 0.001560
71 0.001533
72 0.001507
73 0.001482
74 0.001457
75 0.001436
76 0.001402
77 0.001377
78 0.001367
79 0.001374
80 0.001359
81 0.001340
82 0.001335
83 0.001330
84 0.001322
85 0.001318
86 0.001300
87 0.001290
88 0.001301
89 0.001295
90 0.001274
91 0.001261
92 0.001238
93 0.001221
94 0.001223
95 0.001223
96 0.001223
97 0.001203
98 0.001176
99 0.001138
100 0.001108
101 0.001078
102 0.001038
103 0.001029
104 0.001030
105 0.001023
106 0.001018
107 0.001000
108 0.000989
109 0.000991
110 0.001000
111 0.001014
112 0.001010
113 0.001008
114 0.001023
115 0.001035
116 0.001033
117 0.001034
118 0.001057
119 0.001081
120 0.001131
121 0.001173
122 0.001189
123 0.001190
124 0.001172
125 0.001165
126 0.001140
127 0.001107
128 0.001084
129 0.001087
130 0.001088
131 0.001086
132 0.001066
133 0.001027
134 0.001003
135 0.000967
136 0.000938
137 0.000909
138 0.000884
139 0.000855
140 0.000813
141 0.000784
142 0.000766
143 0.000746
144 0.000736
145 0.000733
146 0.000738
147 0.000739
148 0.000735
149 0.000738
150 0.000734
151 0.000765
152 0.000798
153 0.000816
154 0.000816
155 0.000814
156 0.000809
157 0.000792
158 0.000776
159 0.000763
160 0.000748
161 0.000749
162 0.000752
163 0.000746
164 0.000746
165 0.000733
166 0.000739
167 0.000755
168 0.000764
169 0.000780
170 0.000774
171 0.000777
172 0.000773
173 0.000772
174 0.000770
175 0.000797
176 0.000809
177 0.000823
178 0.000860
179 0.000879
180 0.000888
181 0.000884
182 0.000878
183 0.000889
184 0.000903
185 0.000900
186 0.000905
187 0.000907
188 0.000923
189 0.000938
190 0.000948
191 0.000957
192 0.000974
193 0.000986
194 0.000996
195 0.000998
196 0.000984
197 0.000966
198 0.000956
199 0.000935
200 0.000925
201 0.000912
202 0.000905
203 0.000885
204 0.000865
205 0.000838
206 0.000810
207 0.000793
208 0.000777
209 0.000766
210 0.000765
211 0.000767
212 0.000772
213 0.000780
214 0.000798
215 0.000802
216 0.000798
217 0.000797
218 0.000797
219 0.000793
220 0.000787
221 0.000779
222 0.000757
223 0.000722
224 0.000692
225 0.000671
226 0.000669
227 0.000670
228 0.000661
229 0.000657
230 0.000655
231 0.000635
232 0.000643
233 0.000664
234 0.000691
235 0.000723
236 0.000731
237 0.000730
238 0.000731
239 0.000734
240 0.000741
241 0.000742
242 0.000744
243 0.000751
244 0.000744
245 0.000743
246 0.000731
247 0.000720
248 0.000714
249 0.000706
250 0.000709
251 0.000712
252 0.000743
253 0.000768
254 0.000781
255 0.000772
256 0.000743
257 0.000715
258 0.000670
259 0.000643
260 0.000613
261 0.000594
262 0.000576
263 0.000568
264 0.000552
265 0.000513
266 0.000499
267 0.000496
268 0.000502
269 0.000515
270 0.000534
271 0.000556
272 0.000580
273 0.000600
274 0.000630
275 0.000667
276 0.000694
277 0.000702
278 0.000717
279 0.000732
280 0.000724
281 0.000718
282 0.000707
283 0.000694
284 0.000690
285 0.000669
286 0.000634
287 0.000608
288 0.000590
289 0.000578
290 0.000576
291 0.000559
292 0.000562
293 0.000550
294 0.000537
295 0.000525
296 0.000521
297 0.000515
298 0.000543
299 0.000567
300 0.000598
301 0.000608
302 0.000600
303 0.000598
304 0.000593
305 0.000606
306 0.000616
307 0.000632
308 0.000653
309 0.000673
310 0.000681
311 0.000687
312 0.000685
313 0.000686
314 0.000699
315 0.000714
316 0.000705
317 0.000713
318 0.000721
319 0.000719
320 0.000716
321 0.000711
322 0.000719
323 0.000744
324 0.000750
325 0.000756
326 0.000736
327 0.000724
328 0.000696
329 0.000676
330 0.000676
331 0.000678
332 0.000671
333 0.000663
334 0.000649
335 0.000640
336 0.000639
337 0.000635
338 0.000629
339 0.000613
340 0.000608
341 0.000602
342 0.000588
343 0.000582
344 0.000580
345 0.000575
346 0.000572
347 0.000579
348 0.000575
349 0.000570
350 0.000576
351 0.000557
352 0.000522
353 0.000491
354 0.000463
355 0.000450
356 0.000454
357 0.000438
358 0.000424
359 0.000402
360 0.000394
361 0.000377
362 0.000337
363 0.000324
364 0.000331
365 0.000318
366 0.000324
367 0.000337
368 0.000342
369 0.000345
370 0.000358
371 0.000368
372 0.000371
373 0.000393
374 0.000405
375 0.000422
376 0.000421
377 0.000432
378 0.000452
379 0.000460
380 0.000457
381 0.000459
382 0.000454
383 0.000454
384 0.000464
385 0.000474
386 0.000494
387 0.000515
388 0.000538
389 0.000553
390 0.000552
391 0.000550
392 0.000543
393 0.000550
394 0.000536
395 0.000511
396 0.000498
397 0.000497
398 0.000473
399 0.000448
400 0.000419
401 0.000396
402 0.000388
403 0.000384
404 0.000388
405 0.000405
406 0.000427
407 0.000436
408 0.000431
409 0.000419
410 0.000416
411 0.000411
412 0.000420
413 0.000431
414 0.000444
415 0.000447
416 0.000441
417 0.000420
418 0.000411
419 0.000416
420 0.000423
421 0.000439
422 0.000450
423 0.000461
424 0.000459
425 0.000447
426 0.000434
427 0.000410
428 0.000400
429 0.000401
430 0.000416
431 0.000424
432 0.000432
433 0.000416
434 0.000393
435 0.000362
436 0.000324
437 0.000306
438 0.000292
439 0.000291
440 0.000285
441 0.000285
442 0.000272
443 0.000278
444 0.000277
445 0.000265
446 0.000258
447 0.000242
448 0.000234
449 0.000227
450 0.000203
451 0.000190
452 0.000184
453 0.000174
454 0.000151
455 0.000140
456 0.000124
457 0.000109
458 0.000097
459 0.000092
460 0.000076
461 0.000076
462 0.000082
463 0.000069
464 0.000053
465 0.000043
466 0.000044
467 0.000074
468 0.000100
469 0.000118
470 0.000143
471 0.000164
472 0.000183
473 0.000195
474 0.000206
475 0.000228
476 0.000269
477 0.000284
478 0.000284
479 0.000273
480 0.000247
481 0.000220
482 0.000203
483 0.000159
484 0.000116
485 0.000084
486 0.000068
487 0.000045
488 0.000020
489 -0.000000
490 -0.000014
491 -0.000026
492 -0.000039
493 -0.000047
494 -0.000062
495 -0.000089
496 -0.000104
497 -0.000118
498 -0.000111
499 -0.000098
500 -0.000089
501 -0.000075
502 -0.000047
503 -0.000011
504 0.000001
505 0.000004
506 -0.000004
507 0.000006
508 0.000022
509 0.000054
510 0.000079
511 0.000105
512 0.000128
513 0.000155
514 0.000160
515 0.000158
516 0.000157
517 0.000167
518 0.000176
519 0.000183
520 0.000181
521 0.000164
522 0.000161
523 0.000157
524 0.000140
525 0.000132
526 0.000112
527 0.000106
528 0.000119
529 0.000114
530 0.000108
531 0.000107
532 0.000111
533 0.000117
534 0.000128
535 0.000144
536 0.000148
537 0.000154
538 0.000149
539 0.000147
540 0.000135
541 0.000134
542 0.000134
543 0.000129
544 0.000132
545 0.000138
546 0.000139
547 0.000129
548 0.000127
549 0.000125
550 0.000126
551 0.000131
552 0.000140
553 0.000156
554 0.000158
555 0.000162
556 0.000153
557 0.000146
558 0.000144
559 0.000145
560 0.000137
561 0.000134
562 0.000138
563 0.000139
564 0.000142
565 0.000146
566 0.000144
567 0.000134
568 0.000141
569 0.000135
570 0.000135
571 0.000141
572 0.000139
573 0.000137
574 0.000127
575 0.000117
576 0.000110
577 0.000119
578 0.000119
579 0.000121
580 0.000120
581 0.000123
582 0.000125
583 0.000135
584 0.000153
585 0.000168
586 0.000189
587 0.000204
588 0.000209
589 0.000199
590 0.000200
591 0.000202
592 0.000210
593 0.000227
594 0.000240
595 0.000245
596 0.000233
597 0.000225
598 0.000220
599 0.000229
600 0.000236
601 0.000255
602 0.000259
603 0.000247
604 0.000225
605 0.000198
606 0.000181
607 0.000178
608 0.000173
609 0.000151
610 0.000130
611 0.000108
612 0.000077
613 0.000068
614 0.000059
615 0.000043
616 0.000027
617 0.000011
618 -0.000007
619 -0.000011
620 -0.000008
621 -0.000005
622 0.000002
623 0.000021
624 0.000046
625 0.000066
626 0.000073
627 0.000075
628 0.000085
629 0.000085
630 0.000083
631 0.000081
632 0.000086
633 0.000087
634 0.000084
635 0.000077
636 0.000062
637 0.000051
638 0.000036
639 0.000046
640 0.000049
641 0.000048
642 0.000051
643 0.000054
644 0.000048
645 0.000041
646 0.000028
647 0.000015
648 0.000001
649 0.000003
650 0.000006
651 0.000007
652 0.000004
653 -0.000003
654 -0.000003
655 0.000001
656 0.000016
657 0.000028
658 0.000034
659 0.000046
660 0.000051
661 0.000050
662 0.000048
663 0.000046
664 0.000038
665 0.000029
666 0.000028
667 0.000025
668 0.000011
669 0.000014
670 0.000012
671 0.000007
672 -0.000011
673 -0.000025
674 -0.000040
675 -0.000057
676 -0.000068
677 -0.000084
678 -0.000096
679 -0.000116
680 -0.000130
681 -0.000136
682 -0.000143
683 -0.000146
684 -0.000149
685 -0.000153
686 -0.000150
687 -0.000155
688 -0.000158
689 -0.000159
690 -0.000164
691 -0.000152
692 -0.000150
693 -0.000137
694 -0.000129
695 -0.000131
696 -0.000136
697 -0.000142
698 -0.000146
699 -0.000164
700 -0.000176
701 -0.000186
702 -0.000202
703 -0.000208
704 -0.000208
705 -0.000195
706 -0.000178
707 -0.000165
708 -0.000156
709 -0.000165
710 -0.000172
711 -0.000178
712 -0.000173
713 -0.000160
714 -0.000146
715 -0.000132
716 -0.000120
717 -0.000112
718 -0.000111
719 -0.000107
720 -0.000099
721 -0.000100
722 -0.000093
723 -0.000088
724 -0.000077
725 -0.000077
726 -0.000090
727 -0.000106
728 -0.000116
729 -0.000117
730 -0.000115
731 -0.000107
732 -0.000104
733 -0.000108
734 -0.000117
735 -0.000130
736 -0.000147
737 -0.000156
738 -0.000153
739 -0.000151
740 -0.000161
741 -0.000176
742 -0.000189
743 -0.000195
744 -0.000194
745 -0.000185
746 -0.000168
747 -0.000156
748 -0.000142
749 -0.000124
750 -0.000111
751 -0.000097
752 -0.000073
753 -0.000043
754 -0.000017
755 0.000008
756 0.000026
757 0.000038
758 0.000041
759 0.000033
760 0.000027
761 0.000023
762 0.000020
763 0.000017
764 0.000008
765 -0.000004
766 -0.000015
767 -0.000034
768 -0.000048
769 -0.000070
770 -0.000080
771 -0.000094
772 -0.000109
773 -0.000123
774 -0.000133
775 -0.000135
776 -0.000134
777 -0.000139
778 -0.000143
779 -0.000146
780 -0.000143
781 -0.000145
782 -0.000141
783 -0.000144
784 -0.000141
785 -0.000137
786 -0.000131
787 -0.000126
788 -0.000120
789 -0.000107
790 -0.000100
791 -0.000093
792 -0.000086
793 -0.000086
794 -0.000082
795 -0.000088
796 -0.000098
797 -0.000107
798 -0.000111
799 -0.000114
800 -0.000119
801 -0.000124
802 -0.000133
803 -0.000138
804 -0.000132
805 -0.000131
806 -0.000131
807 -0.000122
808 -0.000112
809 -0.000107
