# i correlation
1 0.002479
2 0.002300
3 0.002133
4 0.001988
5 0.001882
6 0.001777
7 0.001691
8 0.001610
9 0.001537
10 0.001476
11 0.001430
12 0.001414
13 0.001418
14 0.001413
15 0.001395
16 0.001373
17 0.001365
18 0.001363
19 0.001373
20 0.001369
21 0.001377
22 0.001362
23 0.001353
24 0.001338
25 0.001320
26 0.001325
27 0.001320
28 0.001322
29 0.001325
30 0.001310
31 0.001292
32 0.001283
33 0.001289
34 0.001297
35 0.001303
36 0.001295
37 0.001281
38 0.001276
39 0.001279
40 0.001280
41 0.001277
42 0.001268
43 0.001248
44 0.001231
45 0.001211
46 0.001201
47 0.001201
48 0.001195
49 0.001171
50 0.001160
51 0.001158
52 0.001168
53 0.001193
54 0.001215
55 0.001228
56 0.001228
57 0.001220
58 0.001219
59 0.001201
60 0.001200
61 0.001189
62 0.001193
63 0.001194
64 0.001196
65 0.001184
66 0.001163
67 0.001134
68 0.001106
69 0.001084
70 0.001069
71 0.001056
72 0.001051
73 0.001040
74 0.001033
75 0.001025
76 0.001014
77 0.001006
78 0.000991
79 0.000999
80 0.000991
81 0.001008
82 0.001000
83 0.000997
84 0.000993
85 0.000977
86 0.000971
87 0.000975
88 0.000976
89 0.000978
90 0.000968
91 0.000961
92 0.000975
93 0.000979
94 0.001010
95 0.001034
96 0.001048
97 0.001037
98 0.001025
99 0.001007
100 0.000971
101 0.000953
102 0.000921
103 0.000885
104 0.000849
105 0.000829
106 0.000823
107 0.000824
108 0.000837
109 0.000874
110 0.000888
111 0.000900
112 0.000907
113 0.000915
114 0.000919
115 0.000921
116 0.000916
117 0.000902
118 0.000904
119 0.000902
120 0.000907
121 0.000907
122 0.000906
123 0.000896
124 0.000882
125 0.000880
126 0.000878
127 0.000890
128 0.000903
129 0.000905
130 0.000915
131 0.000883
132 0.000868
133 0.000855
134 0.000844
135 0.000840
136 0.000811
137 0.000787
138 0.000774
139 0.000751
140 0.000749
141 0.000747
142 0.000759
143 0.000785
144 0.000808
145 0.000835
146 0.000836
147 0.000858
148 0.000880
149 0.000914
150 0.000935
151 0.000949
152 0.000948
153 0.000946
154 0.000942
155 0.000925
156 0.000920
157 0.000896
158 0.000848
159 0.000816
160 0.000787
161 0.000769
162 0.000762
163 0.000770
164 0.000773
165 0.000767
166 0.000759
167 0.000746
168 0.000736
169 0.000732
170 0.000719
171 0.000711
172 0.000687
173 0.000682
174 0.000665
175 0.000661
176 0.000658
177 0.000665
178 0.000687
179 0.000688
180 0.000679
181 0.000674
182 0.000679
183 0.000684
184 0.000696
185 0.000711
186 0.000711
187 0.000684
188 0.000649
189 0.000611
190 0.000596
191 0.000604
192 0.000612
193 0.000617
194 0.000623
195 0.000620
196 0.000642
197 0.000673
198 0.000696
199 0.000715
200 0.000693
201 0.000666
202 0.000647
203 0.000634
204 0.000635
205 0.000630
206 0.000623
207 0.000617
208 0.000612
209 0.000613
210 0.000621
211 0.000630
212 0.000633
213 0.000622
214 0.000615
215 0.000604
216 0.000581
217 0.000568
218 0.000555
219 0.000557
220 0.000544
221 0.000525
222 0.000505
223 0.000479
224 0.000467
225 0.000479
226 0.000492
227 0.000496
228 0.000492
229 0.000496
230 0.000497
231 0.000501
232 0.000500
233 0.000484
234 0.000467
235 0.000451
236 0.000449
237 0.000440
238 0.000457
239 0.000493
240 0.000514
241 0.000543
242 0.000558
243 0.000576
244 0.000595
245 0.000604
246 0.000615
247 0.000615
248 0.000621
249 0.000629
250 0.000647
251 0.000648
252 0.000651
253 0.000632
254 0.000624
255 0.000621
256 0.000611
257 0.000607
258 0.000616
259 0.000616
260 0.000627
261 0.000626
262 0.000634
263 0.000641
264 0.000622
265 0.000629
266 0.000634
267 0.000625
268 0.000620
269 0.000619
270 0.000614
271 0.000614
272 0.000621
273 0.000645
274 0.000669
275 0.000679
276 0.000672
277 0.000678
278 0.000691
279 0.000721
280 0.000728
281 0.000715
282 0.000694
283 0.000684
284 0.000656
285 0.000628
286 0.000599
287 0.000570
288 0.000538
289 0.000510
290 0.000493
291 0.000489
292 0.000490
293 0.000497
294 0.000523
295 0.000529
296 0.000535
297 0.000529
298 0.000527
299 0.000519
300 0.000510
301 0.000510
302 0.000504
303 0.000496
304 0.000503
305 0.000505
306 0.000501
307 0.000497
308 0.000495
309 0.000492
310 0.000481
311 0.000471
312 0.000465
313 0.000487
314 0.000501
315 0.000506
316 0.000507
317 0.000494
318 0.000479
319 0.000482
320 0.000483
321 0.000481
322 0.000476
323 0.000478
324 0.000472
325 0.000462
326 0.000465
327 0.000462
328 0.000455
329 0.000444
330 0.000436
331 0.000433
332 0.000429
333 0.000444
334 0.000448
335 0.000440
336 0.000433
337 0.000443
338 0.000441
339 0.000424
340 0.000408
341 0.000394
342 0.000403
343 0.000411
344 0.000428
345 0.000443
346 0.000452
347 0.000459
348 0.000455
349 0.000469
350 0.000483
351 0.000489
352 0.000487
353 0.000486
354 0.000481
355 0.000475
356 0.000458
357 0.000447
358 0.000442
359 0.000448
360 0.000451
361 0.000463
362 0.000455
363 0.000454
364 0.000449
365 0.000436
366 0.000431
367 0.000429
368 0.000431
369 0.000439
370 0.000444
371 0.000446
372 0.000457
373 0.000455
374 0.000452
375 0.000453
376 0.000454
377 0.000475
378 0.000498
379 0.000516
380 0.000520
381 0.000517
382 0.000508
383 0.000493
384 0.000487
385 0.000473
386 0.000456
387 0.000432
388 0.000421
389 0.000407
390 0.000404
391 0.000403
392 0.000418
393 0.000435
394 0.000435
395 0.000453
396 0.000479
397 0.000506
398 0.000539
399 0.000546
400 0.000558
401 0.000564
402 0.000568
403 0.000583
404 0.000592
405 0.000612
406 0.000616
407 0.000633
408 0.000626
409 0.000611
410 0.000598
411 0.000589
412 0.000571
413 0.000546
414 0.000518
415 0.000493
416 0.000465
417 0.000439
418 0.000412
419 0.000405
420 0.000388
421 0.000380
422 0.000398
423 0.000426
424 0.000470
425 0.000514
426 0.000562
427 0.000594
428 0.000621
429 0.000629
430 0.000632
431 0.000622
432 0.000622
433 0.000613
434 0.000597
435 0.000568
436 0.000558
437 0.000543
438 0.000529
439 0.000529
440 0.000531
441 0.000535
442 0.000547
443 0.000561
444 0.000579
445 0.000603
446 0.000628
447 0.000639
448 0.000650
449 0.000661
450 0.000653
451 0.000656
452 0.000650
453 0.000638
454 0.000628
455 0.000610
456 0.000589
457 0.000572
458 0.000562
459 0.000557
460 0.000568
461 0.000572
462 0.000573
463 0.000561
464 0.000557
465 0.000546
466 0.000521
467 0.000507
468 0.000500
469 0.000491
470 0.000484
471 0.000482
472 0.000487
473 0.000494
474 0.000495
475 0.000487
476 0.000480
477 0.000492
478 0.000493
479 0.000496
480 0.000495
481 0.000490
482 0.000484
483 0.000468
484 0.000451
485 0.000428
486 0.000419
487 0.000413
488 0.000424
489 0.000437
490 0.000452
491 0.000466
492 0.000465
493 0.000475
494 0.000492
495 0.000490
496 0.000484
497 0.000470
498 0.000469
499 0.000471
500 0.000470
501 0.000469
502 0.000468
503 0.000464
504 0.000462
505 0.000458
506 0.000458
507 0.000465
508 0.000457
509 0.000453
510 0.000449
511 0.000446
512 0.000463
513 0.000481
514 0.000483
515 0.000484
516 0.000481
517 0.000487
518 0.000492
519 0.000486
520 0.000489
521 0.000474
522 0.000460
523 0.000443
524 0.000449
525 0.000452
526 0.000447
527 0.000433
528 0.000420
529 0.000406
530 0.000397
531 0.000389
532 0.000384
533 0.000393
534 0.000395
535 0.000398
536 0.000398
537 0.000390
538 0.000379
539 0.000370
540 0.000361
541 0.000362
542 0.000362
543 0.000368
544 0.000363
545 0.000362
546 0.000360
547 0.000342
548 0.000337
549 0.000334
550 0.000331
551 0.000325
552 0.000328
553 0.000331
554 0.000347
555 0.000360
556 0.000372
557 0.000393
558 0.000408
559 0.000414
560 0.000404
561 0.000384
562 0.000365
563 0.000348
564 0.000341
565 0.000323
566 0.000305
567 0.000298
568 0.000280
569 0.000282
570 0.000277
571 0.000274
572 0.000277
573 0.000276
574 0.000280
575 0.000286
576 0.000295
577 0.000297
578 0.000297
579 0.000294
580 0.000289
581 0.000288
582 0.000282
583 0.000272
584 0.000267
585 0.000255
586 0.000239
587 0.000232
588 0.000231
589 0.000243
590 0.000262
591 0.000267
592 0.000274
593 0.000279
594 0.000284
595 0.000294
596 0.000307
597 0.000325
598 0.000332
599 0.000339
600 0.000328
601 0.000314
602 0.000310
603 0.000298
604 0.000288
605 0.000281
606 0.000271
607 0.000275
608 0.000273
609 0.000279
610 0.000280
611 0.000290
612 0.000293
613 0.000291
614 0.000282
615 0.000270
616 0.000268
617 0.000266
618 0.000262
619 0.000242
620 0.000218
621 0.000194
622 0.000169
623 0.000162
624 0.000167
625 0.000175
626 0.000183
627 0.000194
628 0.000212
629 0.000226
630 0.000228
631 0.000227
632 0.000221
633 0.000212
634 0.000202
635 0.000195
636 0.000193
637 0.000197
638 0.000207
639 0.000218
640 0.000219
641 0.000214
642 0.000212
643 0.000208
644 0.000204
645 0.000208
646 0.000217
647 0.000231
648 0.000237
649 0.000230
650 0.000235
651 0.000242
652 0.000258
653 0.000272
654 0.000288
655 0.000299
656 0.000300
657 0.000299
658 0.000300
659 0.000299
660 0.000287
661 0.000266
662 0.000246
663 0.000237
664 0.000231
665 0.000230
666 0.000235
667 0.000241
668 0.000246
669 0.000249
670 0.000243
671 0.000238
672 0.000228
673 0.000229
674 0.000224
675 0.000218
676 0.000212
677 0.000194
678 0.000183
679 0.000170
680 0.000160
681 0.000148
682 0.000148
683 0.000152
684 0.000140
685 0.000129
686 0.000124
687 0.000129
688 0.000142
689 0.000150
690 0.000162
691 0.000173
692 0.000178
693 0.000179
694 0.000183
695 0.000184
696 0.000177
697 0.000175
698 0.000166
699 0.000166
700 0.000163
701 0.000159
702 0.000164
703 0.000169
704 0.000180
705 0.000199
706 0.000222
707 0.000230
708 0.000225
709 0.000219
710 0.000214
711 0.000219
712 0.000229
713 0.000228
714 0.000222
715 0.000211
716 0.000199
717 0.000184
718 0.000170
719 0.000154
720 0.000145
721 0.000142
722 0.000135
723 0.000135
724 0.000145
725 0.000152
726 0.000160
727 0.000165
728 0.000165
729 0.000168
730 0.000166
731 0.000169
732 0.000161
733 0.000153
734 0.000141
735 0.000127
736 0.000114
737 0.000099
738 0.000089
739 0.000090
740 0.000090
741 0.000088
742 0.000086
743 0.000087
744 0.000084
745 0.000079
746 0.000070
747 0.000069
748 0.000064
749 0.000066
750 0.000066
751 0.000069
752 0.000072
753 0.000070
754 0.000064
755 0.000052
756 0.000051
757 0.000048
758 0.000047
759 0.000047
760 0.000052
761 0.000067
762 0.000080
763 0.000098
764 0.000105
765 0.000108
766 0.000113
767 0.000107
768 0.000110
769 0.000106
770 0.000105
771 0.000100
772 0.000101
773 0.000098
774 0.000095
775 0.000092
776 0.000096
777 0.000107
778 0.000116
779 0.000123
780 0.000125
781 0.000121
782 0.000117
783 0.000107
784 0.000105
785 0.000099
786 0.000103
787 0.000098
788 0.000087
789 0.000077
790 0.000060
791 0.000052
792 0.000036
793 0.000028
794 0.000019
795 0.000019
796 0.000019
797 0.000016
798 0.000024
799 0.000033
800 0.000040
801 0.000048
802 0.000050
803 0.000060
804 0.000065
805 0.000076
806 0.000082
807 0.000087
808 0.000091
809 0.000090
