# i correlation
1 0.002836
2 0.002667
3 0.002527
4 0.002408
5 0.002299
6 0.002208
7 0.002127
8 0.002088
9 0.002067
10 0.002045
11 0.002026
12 0.002011
13 0.001999
14 0.001976
15 0.001965
16 0.001957
17 0.001957
18 0.001951
19 0.001935
20 0.001941
21 0.001945
22 0.001934
23 0.001917
24 0.001874
25 0.001841
26 0.001793
27 0.001753
28 0.001712
29 0.001674
30 0.001627
31 0.001583
32 0.001550
33 0.001530
34 0.001506
35 0.001497
36 0.001481
37 0.001480
38 0.001475
39 0.001464
40 0.001442
41 0.001420
42 0.001409
43 0.001409
44 0.001401
45 0.001400
46 0.001406
47 0.001399
48 0.001403
49 0.001396
50 0.001383
51 0.001371
52 0.001351
53 0.001327
54 0.001324
55 0.001328
56 0.001325
57 0.001317
58 0.001315
59 0.001300
60 0.001286
61 0.001276
62 0.001258
63 0.001239
64 0.001227
65 0.001208
66 0.001210
67 0.001221
68 0.001225
69 0.001197
70 0.001185
71 0.001181
72 0.001177
73 0.001181
74 0.001173
75 0.001162
76 0.001162
77 0.001163
78 0.001172
79 0.001189
80 0.001201
81 0.001197
82 0.001196
83 0.001179
84 0.001163
85 0.001163
86 0.001167
87 0.001172
88 0.001170
89 0.001158
90 0.001147
91 0.001152
92 0.001130
93 0.001117
94 0.001103
95 0.001090
96 0.001080
97 0.001082
98 0.001059
99 0.001057
100 0.001059
101 0.001069
102 0.001084
103 0.001098
104 0.001071
105 0.001056
106 0.001036
107 0.001022
108 0.000991
109 0.000986
110 0.000985
111 0.000974
112 0.000958
113 0.000942
114 0.000938
115 0.000934
116 0.000924
117 0.000904
118 0.000905
119 0.000904
120 0.000894
121 0.000856
122 0.000839
123 0.000830
124 0.000813
125 0.000790
126 0.000758
127 0.000742
128 0.000741
129 0.000735
130 0.000735
131 0.000750
132 0.000769
133 0.000778
134 0.000787
135 0.000787
136 0.000783
137 0.000775
138 0.000763
139 0.000738
140 0.000728
141 0.000722
142 0.000706
143 0.000684
144 0.000651
145 0.000609
146 0.000594
147 0.000595
148 0.000612
149 0.000612
150 0.000617
151 0.000633
152 0.000658
153 0.000687
154 0.000701
155 0.000702
156 0.000686
157 0.000673
158 0.000667
159 0.000652
160 0.000642
161 0.000639
162 0.000636
163 0.000632
164 0.000642
165 0.000658
166 0.000666
167 0.000685
168 0.000697
169 0.000690
170 0.000686
171 0.000700
172 0.000709
173 0.000737
174 0.000751
175 0.000762
176 0.000785
177 0.000798
178 0.000792
179 0.000783
180 0.000781
181 0.000790
182 0.000808
183 0.000809
184 0.000791
185 0.000793
186 0.000814
187 0.000807
188 0.000821
189 0.000831
190 0.000831
191 0.000835
192 0.000825
193 0.000817
194 0.000804
195 0.000774
196 0.000758
197 0.000743
198 0.000736
199 0.000738
200 0.000739
201 0.000722
202 0.000729
203 0.000726
204 0.000734
205 0.000734
206 0.000728
207 0.000717
208 0.000701
209 0.000689
210 0.000676
211 0.000689
212 0.000706
213 0.000714
214 0.000725
215 0.000728
216 0.000731
217 0.000712
218 0.000691
219 0.000695
220 0.000703
221 0.000694
222 0.000688
223 0.000695
224 0.000706
225 0.000717
226 0.000703
227 0.000691
228 0.000667
229 0.000651
230 0.000633
231 0.000597
232 0.000562
233 0.000545
234 0.000548
235 0.000554
236 0.000551
237 0.000548
238 0.000553
239 0.000555
240 0.000555
241 0.000565
242 0.000567
243 0.000564
244 0.000554
245 0.000550
246 0.000525
247 0.000514
248 0.000507
249 0.000499
250 0.000495
251 0.000487
252 0.000494
253 0.000491
254 0.000503
255 0.000502
256 0.000500
257 0.000496
258 0.000501
259 0.000487
260 0.000476
261 0.000468
262 0.000480
263 0.000493
264 0.000511
265 0.000527
266 0.000537
267 0.000547
268 0.000555
269 0.000555
270 0.000570
271 0.000581
272 0.000586
273 0.000615
274 0.000638
275 0.000654
276 0.000656
277 0.000652
278 0.000646
279 0.000646
280 0.000645
281 0.000630
282 0.000627
283 0.000635
284 0.000648
285 0.000667
286 0.000688
287 0.000709
288 0.000699
289 0.000687
290 0.000696
291 0.000702
292 0.000695
293 0.000687
294 0.000675
295 0.000683
296 0.000697
297 0.000691
298 0.000694
299 0.000697
300 0.000695
301 0.000702
302 0.000719
303 0.000730
304 0.000718
305 0.000702
306 0.000685
307 0.000689
308 0.000683
309 0.000680
310 0.000681
311 0.000682
312 0.000675
313 0.000668
314 0.000646
315 0.000639
316 0.000635
317 0.000620
318 0.000607
319 0.000591
320 0.000590
321 0.000596
322 0.000616
323 0.000634
324 0.000643
325 0.000640
326 0.000637
327 0.000614
328 0.000594
329 0.000589
330 0.000587
331 0.000587
332 0.000585
333 0.000580
334 0.000587
335 0.000583
336 0.000575
337 0.000554
338 0.000548
339 0.000539
340 0.000528
341 0.000522
342 0.000515
343 0.000506
344 0.000503
345 0.000502
346 0.000496
347 0.000490
348 0.000488
349 0.000477
350 0.000465
351 0.000473
352 0.000473
353 0.000491
354 0.000509
355 0.000518
356 0.000515
357 0.000529
358 0.000534
359 0.000529
360 0.000524
361 0.000528
362 0.000520
363 0.000504
364 0.000482
365 0.000460
366 0.000456
367 0.000466
368 0.000485
369 0.000495
370 0.000502
371 0.000518
372 0.000510
373 0.000497
374 0.000491
375 0.000484
376 0.000485
377 0.000504
378 0.000538
379 0.000542
380 0.000543
381 0.000549
382 0.000544
383 0.000521
384 0.000495
385 0.000461
386 0.000409
387 0.000367
388 0.000336
389 0.000326
390 0.000339
391 0.000359
392 0.000382
393 0.000404
394 0.000418
395 0.000435
396 0.000438
397 0.000430
398 0.000430
399 0.000405
400 0.000388
401 0.000387
402 0.000402
403 0.000407
404 0.000399
405 0.000407
406 0.000426
407 0.000418
408 0.000398
409 0.000385
410 0.000368
411 0.000345
412 0.000327
413 0.000311
414 0.000299
415 0.000301
416 0.000303
417 0.000309
418 0.000318
419 0.000329
420 0.000325
421 0.000330
422 0.000317
423 0.000306
424 0.000316
425 0.000323
426 0.000327
427 0.000348
428 0.000351
429 0.000340
430 0.000336
431 0.000333
432 0.000327
433 0.000334
434 0.000339
435 0.000359
436 0.000363
437 0.000353
438 0.000358
439 0.000371
440 0.000382
441 0.000390
442 0.000394
443 0.000387
444 0.000398
445 0.000399
446 0.000402
447 0.000399
448 0.000410
449 0.000412
450 0.000418
451 0.000425
452 0.000431
453 0.000433
454 0.000453
455 0.000454
456 0.000473
457 0.000500
458 0.000525
459 0.000540
460 0.000557
461 0.000561
462 0.000553
463 0.000569
464 0.000585
465 0.000589
466 0.000580
467 0.000555
468 0.000530
469 0.000521
470 0.000523
471 0.000523
472 0.000534
473 0.000550
474 0.000557
475 0.000573
476 0.000592
477 0.000610
478 0.000623
479 0.000631
480 0.000638
481 0.000645
482 0.000640
483 0.000634
484 0.000631
485 0.000628
486 0.000615
487 0.000597
488 0.000580
489 0.000563
490 0.000537
491 0.000515
492 0.000515
493 0.000520
494 0.000521
495 0.000531
496 0.000536
497 0.000551
498 0.000565
499 0.000571
500 0.000574
501 0.000559
502 0.000549
503 0.000545
504 0.000536
505 0.000519
506 0.000518
507 0.000509
508 0.000506
509 0.000508
510 0.000508
511 0.000507
512 0.000529
513 0.000535
514 0.000543
515 0.000575
516 0.000586
517 0.000578
518 0.000570
519 0.000545
520 0.000526
521 0.000521
522 0.000521
523 0.000516
524 0.000519
525 0.000524
526 0.000547
527 0.000558
528 0.000561
529 0.000558
530 0.000548
531 0.000547
532 0.000549
533 0.000553
534 0.000561
535 0.000575
536 0.000588
537 0.000610
538 0.000623
539 0.000636
540 0.000640
541 0.000632
542 0.000628
543 0.000637
544 0.000650
545 0.000657
546 0.000652
547 0.000649
548 0.000650
549 0.000662
550 0.000665
551 0.000668
552 0.000664
553 0.000663
554 0.000667
555 0.000673
556 0.000670
557 0.000670
558 0.000674
559 0.000683
560 0.000705
561 0.000714
562 0.000703
563 0.000688
564 0.000680
565 0.000673
566 0.000674
567 0.000676
568 0.000665
569 0.000657
570 0.000652
571 0.000643
572 0.000631
573 0.000621
574 0.000609
575 0.000598
576 0.000596
577 0.000598
578 0.000599
579 0.000586
580 0.000576
581 0.000570
582 0.000567
583 0.000572
584 0.000569
585 0.000548
586 0.000543
587 0.000527
588 0.000522
589 0.000515
590 0.000504
591 0.000495
592 0.000502
593 0.000506
594 0.000514
595 0.000527
596 0.000531
597 0.000530
598 0.000529
599 0.000530
600 0.000534
601 0.000532
602 0.000523
603 0.000518
604 0.000501
605 0.000484
606 0.000478
607 0.000481
608 0.000487
609 0.000495
610 0.000493
611 0.000495
612 0.000499
613 0.000507
614 0.000506
615 0.000508
616 0.000519
617 0.000525
618 0.000544
619 0.000549
620 0.000543
621 0.000549
622 0.000542
623 0.000533
624 0.000519
625 0.000512
626 0.000516
627 0.000516
628 0.000513
629 0.000504
630 0.000494
631 0.000484
632 0.000479
633 0.000478
634 0.000479
635 0.000482
636 0.000494
637 0.000507
638 0.000511
639 0.000512
640 0.000511
641 0.000504
642 0.000489
643 0.000469
644 0.000450
645 0.000435
646 0.000442
647 0.000454
648 0.000459
649 0.000458
650 0.000459
651 0.000463
652 0.000461
653 0.000451
654 0.000446
655 0.000444
656 0.000447
657 0.000443
658 0.000450
659 0.000446
660 0.000439
661 0.000428
662 0.000417
663 0.000412
664 0.000422
665 0.000426
666 0.000429
667 0.000427
668 0.000431
669 0.000440
670 0.000443
671 0.000443
672 0.000435
673 0.000429
674 0.000420
675 0.000407
676 0.000401
677 0.000400
678 0.000385
679 0.000377
680 0.000375
681 0.000379
682 0.000368
683 0.000374
684 0.000374
685 0.000376
686 0.000373
687 0.000357
688 0.000339
689 0.000344
690 0.000340
691 0.000338
692 0.000333
693 0.000333
694 0.000333
695 0.000324
696 0.000316
697 0.000307
698 0.000302
699 0.000296
700 0.000294
701 0.000295
702 0.000306
703 0.000310
704 0.000317
705 0.000315
706 0.000317
707 0.000308
708 0.000301
709 0.000289
710 0.000276
711 0.000271
712 0.000269
713 0.000265
714 0.000266
715 0.000262
716 0.000250
717 0.000236
718 0.000227
719 0.000224
720 0.000225
721 0.000222
722 0.000224
723 0.000233
724 0.000243
725 0.000257
726 0.000285
727 0.000308
728 0.000331
729 0.000348
730 0.000356
731 0.000370
732 0.000379
733 0.000378
734 0.000365
735 0.000345
736 0.000336
737 0.000331
738 0.000328
739 0.000325
740 0.000329
741 0.000329
742 0.000337
743 0.000342
744 0.000348
745 0.000342
746 0.000343
747 0.000348
748 0.000359
749 0.000383
750 0.000398
751 0.000416
752 0.000426
753 0.000439
754 0.000435
755 0.000425
756 0.000416
757 0.000405
758 0.000390
759 0.000386
760 0.000380
761 0.000381
762 0.000382
763 0.000387
764 0.000382
765 0.000372
766 0.000372
767 0.000369
768 0.000364
769 0.000369
770 0.000370
771 0.000375
772 0.000386
773 0.000400
774 0.000420
775 0.000436
776 0.000450
777 0.000453
778 0.000450
779 0.000446
780 0.000443
781 0.000429
782 0.000418
783 0.000409
784 0.000400
785 0.000388
786 0.000389
787 0.000385
788 0.000392
789 0.000395
790 0.000402
791 0.000402
792 0.000402
793 0.000399
794 0.000394
795 0.000393
796 0.000388
797 0.000383
798 0.000371
799 0.000372
800 0.000374
801 0.000376
802 0.000374
803 0.000370
804 0.000363
805 0.000363
806 0.000354
807 0.000343
808 0.000330
809 0.000324
