# i correlation
1 0.002465
2 0.002278
3 0.002150
4 0.002028
5 0.001915
6 0.001834
7 0.001747
8 0.001650
9 0.001554
10 0.001492
11 0.001444
12 0.001380
13 0.001351
14 0.001334
15 0.001305
16 0.001265
17 0.001233
18 0.001198
19 0.001171
20 0.001157
21 0.001164
22 0.001162
23 0.001159
24 0.001170
25 0.001181
26 0.001182
27 0.001165
28 0.001149
29 0.001139
30 0.001121
31 0.001122
32 0.001136
33 0.001134
34 0.001156
35 0.001170
36 0.001194
37 0.001204
38 0.001207
39 0.001227
40 0.001257
41 0.001275
42 0.001293
43 0.001314
44 0.001308
45 0.001322
46 0.001341
47 0.001343
48 0.001344
49 0.001350
50 0.001364
51 0.001359
52 0.001334
53 0.001327
54 0.001315
55 0.001293
56 0.001300
57 0.001303
58 0.001277
59 0.001256
60 0.001228
61 0.001222
62 0.001237
63 0.001233
64 0.001208
65 0.001184
66 0.001187
67 0.001208
68 0.001237
69 0.001257
70 0.001256
71 0.001247
72 0.001249
73 0.001229
74 0.001223
75 0.001228
76 0.001213
77 0.001192
78 0.001178
79 0.001154
80 0.001123
81 0.001100
82 0.001107
83 0.001095
84 0.001079
85 0.001066
86 0.001042
87 0.001013
88 0.001007
89 0.001018
90 0.001024
91 0.001011
92 0.000993
93 0.000977
94 0.000949
95 0.000925
96 0.000921
97 0.000935
98 0.000949
99 0.000951
100 0.000951
101 0.000970
102 0.000982
103 0.001020
104 0.001058
105 0.001073
106 0.001058
107 0.001045
108 0.001039
109 0.001028
110 0.001027
111 0.001029
112 0.001043
113 0.001058
114 0.001071
115 0.001082
116 0.001092
117 0.001097
118 0.001106
119 0.001115
120 0.001115
121 0.001109
122 0.001104
123 0.001086
124 0.001097
125 0.001100
126 0.001082
127 0.001045
128 0.001032
129 0.001044
130 0.001058
131 0.001063
132 0.001071
133 0.001058
134 0.001035
135 0.001037
136 0.001035
137 0.001023
138 0.001016
139 0.001010
140 0.000996
141 0.000975
142 0.000959
143 0.000947
144 0.000944
145 0.000923
146 0.000903
147 0.000892
148 0.000890
149 0.000889
150 0.000884
151 0.000875
152 0.000864
153 0.000851
154 0.000852
155 0.000851
156 0.000847
157 0.000844
158 0.000843
159 0.000851
160 0.000867
161 0.000885
162 0.000874
163 0.000849
164 0.000813
165 0.000789
166 0.000784
167 0.000777
168 0.000748
169 0.000740
170 0.000746
171 0.000753
172 0.000766
173 0.000783
174 0.000802
175 0.000835
176 0.000851
177 0.000835
178 0.000844
179 0.000832
180 0.000822
181 0.000829
182 0.000833
183 0.000844
184 0.000832
185 0.000823
186 0.000852
187 0.000887
188 0.000895
189 0.000884
190 0.000877
191 0.000876
192 0.000890
193 0.000913
194 0.000932
195 0.000941
196 0.000947
197 0.000955
198 0.000966
199 0.000966
200 0.000968
201 0.000960
202 0.000937
203 0.000914
204 0.000898
205 0.000880
206 0.000875
207 0.000888
208 0.000878
209 0.000836
210 0.000814
211 0.000802
212 0.000789
213 0.000751
214 0.000731
215 0.000726
216 0.000688
217 0.000653
218 0.000629
219 0.000595
220 0.000569
221 0.000559
222 0.000555
223 0.000563
224 0.000555
225 0.000551
226 0.000554
227 0.000551
228 0.000558
229 0.000585
230 0.000584
231 0.000572
232 0.000576
233 0.000590
234 0.000590
235 0.000577
236 0.000585
237 0.000613
238 0.000621
239 0.000641
240 0.000654
241 0.000663
242 0.000658
243 0.000675
244 0.000689
245 0.000693
246 0.000703
247 0.000712
248 0.000715
249 0.000735
250 0.000760
251 0.000781
252 0.000792
253 0.000817
254 0.000832
255 0.000835
256 0.000843
257 0.000835
258 0.000831
259 0.000802
260 0.000774
261 0.000745
262 0.000724
263 0.000718
264 0.000716
265 0.000710
266 0.000687
267 0.000647
268 0.000622
269 0.000602
270 0.000573
271 0.000544
272 0.000515
273 0.000489
274 0.000478
275 0.000480
276 0.000489
277 0.000481
278 0.000469
279 0.000469
280 0.000479
281 0.000457
282 0.000449
283 0.000440
284 0.000443
285 0.000455
286 0.000470
287 0.000487
288 0.000473
289 0.000466
290 0.000468
291 0.000478
292 0.000478
293 0.000474
294 0.000466
295 0.000460
296 0.000477
297 0.000493
298 0.000496
299 0.000501
300 0.000503
301 0.000493
302 0.000481
303 0.000471
304 0.000460
305 0.000468
306 0.000470
307 0.000469
308 0.000459
309 0.000441
310 0.000435
311 0.000447
312 0.000464
313 0.000482
314 0.000479
315 0.000478
316 0.000487
317 0.000486
318 0.000490
319 0.000504
320 0.000510
321 0.000525
322 0.000550
323 0.000559
324 0.000559
325 0.000572
326 0.000595
327 0.000605
328 0.000611
329 0.000590
330 0.000580
331 0.000577
332 0.000577
333 0.000561
334 0.000533
335 0.000515
336 0.000500
337 0.000492
338 0.000478
339 0.000475
340 0.000459
341 0.000459
342 0.000463
343 0.000460
344 0.000458
345 0.000459
346 0.000461
347 0.000477
348 0.000490
349 0.000493
350 0.000482
351 0.000457
352 0.000422
353 0.000397
354 0.000393
355 0.000382
356 0.000379
357 0.000376
358 0.000383
359 0.000383
360 0.000374
361 0.000378
362 0.000386
363 0.000379
364 0.000375
365 0.000385
366 0.000389
367 0.000387
368 0.000394
369 0.000417
370 0.000407
371 0.000407
372 0.000400
373 0.000392
374 0.000384
375 0.000373
376 0.000347
377 0.000312
378 0.000292
379 0.000270
380 0.000250
381 0.000236
382 0.000243
383 0.000249
384 0.000241
385 0.000244
386 0.000247
387 0.000245
388 0.000269
389 0.000307
390 0.000345
391 0.000347
392 0.000332
393 0.000325
394 0.000323
395 0.000333
396 0.000337
397 0.000329
398 0.000318
399 0.000287
400 0.000264
401 0.000244
402 0.000229
403 0.000211
404 0.000193
405 0.000171
406 0.000156
407 0.000143
408 0.000132
409 0.000112
410 0.000108
411 0.000116
412 0.000102
413 0.000082
414 0.000076
415 0.000083
416 0.000066
417 0.000042
418 0.000035
419 0.000020
420 -0.000004
421 -0.000026
422 -0.000043
423 -0.000061
424 -0.000069
425 -0.000056
426 -0.000048
427 -0.000052
428 -0.000063
429 -0.000055
430 -0.000062
431 -0.000053
432 -0.000042
433 -0.000041
434 -0.000056
435 -0.000045
436 -0.000020
437 -0.000003
438 0.000007
439 0.000026
440 0.000044
441 0.000056
442 0.000064
443 0.000064
444 0.000063
445 0.000061
446 0.000066
447 0.000080
448 0.000081
449 0.000078
450 0.000076
451 0.000093
452 0.000112
453 0.000112
454 0.000113
455 0.000098
456 0.000073
457 0.000065
458 0.000067
459 0.000073
460 0.000073
461 0.000081
462 0.000085
463 0.000094
464 0.000102
465 0.000118
466 0.000116
467 0.000113
468 0.000103
469 0.000081
470 0.000064
471 0.000046
472 0.000042
473 0.000046
474 0.000052
475 0.000044
476 0.000032
477 0.000015
478 0.000010
479 0.000000
480 0.000000
481 -0.000012
482 -0.000017
483 -0.000017
484 -0.000026
485 -0.000044
486 -0.000040
487 -0.000038
488 -0.000041
489 -0.000059
490 -0.000069
491 -0.000070
492 -0.000075
493 -0.000070
494 -0.000061
495 -0.000068
496 -0.000097
497 -0.000112
498 -0.000119
499 -0.000124
500 -0.000136
501 -0.000122
502 -0.000105
503 -0.000092
504 -0.000071
505 -0.000045
506 -0.000034
507 -0.000020
508 0.000017
509 0.000045
510 0.000063
511 0.000084
512 0.000095
513 0.000087
514 0.000090
515 0.000095
516 0.000106
517 0.000121
518 0.000140
519 0.000162
520 0.000179
521 0.000189
522 0.000193
523 0.000199
524 0.000193
525 0.000176
526 0.000164
527 0.000153
528 0.000142
529 0.000119
530 0.000098
531 0.000071
532 0.000041
533 0.000035
534 0.000024
535 0.000006
536 -0.000007
537 -0.000026
538 -0.000052
539 -0.000067
540 -0.000073
541 -0.000075
542 -0.000074
543 -0.000071
544 -0.000068
545 -0.000063
546 -0.000069
547 -0.000069
548 -0.000069
549 -0.000056
550 -0.000048
551 -0.000040
552 -0.000036
553 -0.000042
554 -0.000046
555 -0.000039
556 -0.000032
557 -0.000023
558 -0.000018
559 -0.000024
560 -0.000032
561 -0.000030
562 -0.000032
563 -0.000028
564 -0.000020
565 -0.000008
566 -0.000008
567 -0.000015
568 -0.000021
569 -0.000013
570 -0.000006
571 0.000003
572 0.000012
573 0.000022
574 0.000018
575 0.000001
576 0.000010
577 0.000018
578 0.000020
579 0.000018
580 0.000012
581 0.000012
582 0.000004
583 0.000011
584 0.000022
585 0.000029
586 0.000034
587 0.000042
588 0.000041
589 0.000053
590 0.000070
591 0.000072
592 0.000067
593 0.000057
594 0.000050
595 0.000054
596 0.000057
597 0.000067
598 0.000088
599 0.000098
600 0.000094
601 0.000088
602 0.000084
603 0.000081
604 0.000070
605 0.000066
606 0.000049
607 0.000031
608 0.000026
609 0.000005
610 -0.000019
611 -0.000030
612 -0.000031
613 -0.000026
614 -0.000025
615 -0.000023
616 -0.000033
617 -0.000052
618 -0.000065
619 -0.000063
620 -0.000073
621 -0.000078
622 -0.000062
623 -0.000042
624 -0.000020
625 0.000000
626 0.000016
627 0.000023
628 0.000014
629 0.000008
630 -0.000003
631 -0.000030
632 -0.000048
633 -0.000060
634 -0.000059
635 -0.000053
636 -0.000057
637 -0.000063
638 -0.000056
639 -0.000045
640 -0.000021
641 0.000003
642 0.000006
643 0.000019
644 0.000030
645 0.000043
646 0.000056
647 0.000070
648 0.000089
649 0.000104
650 0.000106
651 0.000103
652 0.000105
653 0.000104
654 0.000106
655 0.000107
656 0.000104
657 0.000089
658 0.000086
659 0.000081
660 0.000071
661 0.000062
662 0.000062
663 0.000043
664 0.000029
665 0.000028
666 0.000009
667 -0.000013
668 -0.000030
669 -0.000046
670 -0.000059
671 -0.000070
672 -0.000076
673 -0.000080
674 -0.000084
675 -0.000082
676 -0.000086
677 -0.000077
678 -0.000066
679 -0.000064
680 -0.000056
681 -0.000049
682 -0.000036
683 -0.000026
684 -0.000017
685 -0.000010
686 0.000007
687 0.000006
688 0.000012
689 0.000017
690 0.000017
691 0.000021
692 0.000019
693 0.000022
694 0.000031
695 0.000038
696 0.000042
697 0.000043
698 0.000043
699 0.000040
700 0.000029
701 0.000023
702 0.000030
703 0.000034
704 0.000034
705 0.000042
706 0.000048
707 0.000048
708 0.000043
709 0.000047
710 0.000049
711 0.000053
712 0.000059
713 0.000061
714 0.000056
715 0.000055
716 0.000057
717 0.000065
718 0.000069
719 0.000072
720 0.000085
721 0.000090
722 0.000083
723 0.000081
724 0.000078
725 0.000070
726 0.000059
727 0.000066
728 0.000073
729 0.000083
730 0.000084
731 0.000089
732 0.000087
733 0.000081
734 0.000080
735 0.000069
736 0.000052
737 0.000039
738 0.000027
739 0.000019
740 0.000004
741 -0.000019
742 -0.000044
743 -0.000067
744 -0.000085
745 -0.000099
746 -0.000112
747 -0.000126
748 -0.000135
749 -0.000139
750 -0.000146
751 -0.000149
752 -0.000145
753 -0.000152
754 -0.000157
755 -0.000151
756 -0.000139
757 -0.000116
758 -0.000104
759 -0.000088
760 -0.000072
761 -0.000052
762 -0.000028
763 -0.000008
764 0.000010
765 0.000028
766 0.000041
767 0.000043
768 0.000050
769 0.000048
770 0.000047
771 0.000042
772 0.000034
773 0.000025
774 0.000018
775 0.000003
776 -0.000005
777 -0.000009
778 -0.000019
779 -0.000030
780 -0.000041
781 -0.000050
782 -0.000067
783 -0.000075
784 -0.000078
785 -0.000082
786 -0.000087
787 -0.000093
788 -0.000104
789 -0.000108
790 -0.000117
791 -0.000121
792 -0.000129
793 -0.000140
794 -0.000147
795 -0.000152
796 -0.000150
797 -0.000151
798 -0.000143
799 -0.000136
800 -0.000129
801 -0.000122
802 -0.000108
803 -0.000093
804 -0.000079
805 -0.000066
806 -0.000057
807 -0.000052
808 -0.000045
809 -0.000038
