# i correlation
1 0.002203
2 0.002016
3 0.001878
4 0.001760
5 0.001677
6 0.001590
7 0.001491
8 0.001423
9 0.001360
10 0.001308
11 0.001246
12 0.001185
13 0.001150
14 0.001120
15 0.001127
16 0.001133
17 0.001106
18 0.001100
19 0.001087
20 0.001056
21 0.001046
22 0.001019
23 0.001002
24 0.001016
25 0.001028
26 0.001054
27 0.001067
28 0.001075
29 0.001092
30 0.001077
31 0.001069
32 0.001056
33 0.001032
34 0.001037
35 0.001030
36 0.000999
37 0.000966
38 0.000947
39 0.000934
40 0.000908
41 0.000895
42 0.000888
43 0.000880
44 0.000893
45 0.000905
46 0.000907
47 0.000909
48 0.000921
49 0.000915
50 0.000931
51 0.000930
52 0.000936
53 0.000945
54 0.000947
55 0.000963
56 0.000974
57 0.000972
58 0.000957
59 0.000953
60 0.000946
61 0.000945
62 0.000940
63 0.000932
64 0.000922
65 0.000906
66 0.000901
67 0.000901
68 0.000907
69 0.000906
70 0.000897
71 0.000882
72 0.000868
73 0.000841
74 0.000845
75 0.000857
76 0.000849
77 0.000853
78 0.000834
79 0.000814
80 0.000814
81 0.000817
82 0.000816
83 0.000839
84 0.000877
85 0.000898
86 0.000888
87 0.000880
88 0.000890
89 0.000908
90 0.000934
91 0.000944
92 0.000943
93 0.000965
94 0.000991
95 0.001010
96 0.001015
97 0.001005
98 0.001006
99 0.001009
100 0.001015
101 0.001013
102 0.001003
103 0.001001
104 0.000990
105 0.000949
106 0.000910
107 0.000883
108 0.000867
109 0.000862
110 0.000878
111 0.000889
112 0.000891
113 0.000904
114 0.000915
115 0.000927
116 0.000942
117 0.000953
118 0.000964
119 0.000961
120 0.000934
121 0.000874
122 0.000841
123 0.000825
124 0.000824
125 0.000845
126 0.000863
127 0.000869
128 0.000868
129 0.000878
130 0.000860
131 0.000849
132 0.000849
133 0.000852
134 0.000874
135 0.000861
136 0.000849
137 0.000855
138 0.000856
139 0.000861
140 0.000866
141 0.000869
142 0.000875
143 0.000875
144 0.000874
145 0.000886
146 0.000877
147 0.000848
148 0.000793
149 0.000741
150 0.000716
151 0.000712
152 0.000729
153 0.000728
154 0.000699
155 0.000680
156 0.000679
157 0.000687
158 0.000692
159 0.000675
160 0.000677
161 0.000706
162 0.000711
163 0.000737
164 0.000748
165 0.000744
166 0.000760
167 0.000779
168 0.000807
169 0.000825
170 0.000834
171 0.000844
172 0.000850
173 0.000857
174 0.000855
175 0.000844
176 0.000832
177 0.000812
178 0.000802
179 0.000804
180 0.000804
181 0.000811
182 0.000806
183 0.000792
184 0.000771
185 0.000748
186 0.000730
187 0.000725
188 0.000727
189 0.000716
190 0.000710
191 0.000706
192 0.000693
193 0.000683
194 0.000667
195 0.000671
196 0.000695
197 0.000718
198 0.000723
199 0.000724
200 0.000719
201 0.000721
202 0.000718
203 0.000714
204 0.000711
205 0.000679
206 0.000643
207 0.000632
208 0.000622
209 0.000624
210 0.000594
211 0.000575
212 0.000572
213 0.000573
214 0.000574
215 0.000561
216 0.000545
217 0.000535
218 0.000537
219 0.000553
220 0.000571
221 0.000584
222 0.000601
223 0.000605
224 0.000599
225 0.000611
226 0.000605
227 0.000612
228 0.000636
229 0.000646
230 0.000667
231 0.000674
232 0.000667
233 0.000658
234 0.000642
235 0.000647
236 0.000658
237 0.000658
238 0.000663
239 0.000635
240 0.000620
241 0.000622
242 0.000612
243 0.000620
244 0.000616
245 0.000610
246 0.000605
247 0.000589
248 0.000563
249 0.000555
250 0.000523
251 0.000517
252 0.000519
253 0.000509
254 0.000514
255 0.000516
256 0.000525
257 0.000557
258 0.000571
259 0.000590
260 0.000595
261 0.000594
262 0.000591
263 0.000580
264 0.000574
265 0.000562
266 0.000542
267 0.000536
268 0.000537
269 0.000529
270 0.000534
271 0.000547
272 0.000564
273 0.000570
274 0.000573
275 0.000574
276 0.000581
277 0.000568
278 0.000561
279 0.000541
280 0.000530
281 0.000535
282 0.000540
283 0.000540
284 0.000536
285 0.000526
286 0.000539
287 0.000544
288 0.000537
289 0.000545
290 0.000555
291 0.000586
292 0.000605
293 0.000620
294 0.000621
295 0.000620
296 0.000612
297 0.000616
298 0.000604
299 0.000591
300 0.000578
301 0.000564
302 0.000558
303 0.000547
304 0.000532
305 0.000505
306 0.000482
307 0.000470
308 0.000463
309 0.000457
310 0.000456
311 0.000444
312 0.000440
313 0.000443
314 0.000445
315 0.000460
316 0.000469
317 0.000464
318 0.000457
319 0.000439
320 0.000430
321 0.000428
322 0.000419
323 0.000404
324 0.000406
325 0.000412
326 0.000430
327 0.000444
328 0.000441
329 0.000451
330 0.000462
331 0.000469
332 0.000473
333 0.000471
334 0.000470
335 0.000469
336 0.000471
337 0.000471
338 0.000472
339 0.000470
340 0.000465
341 0.000468
342 0.000485
343 0.000496
344 0.000506
345 0.000520
346 0.000529
347 0.000543
348 0.000547
349 0.000562
350 0.000580
351 0.000577
352 0.000565
353 0.000555
354 0.000554
355 0.000562
356 0.000571
357 0.000563
358 0.000559
359 0.000567
360 0.000571
361 0.000571
362 0.000567
363 0.000566
364 0.000554
365 0.000564
366 0.000563
367 0.000536
368 0.000505
369 0.000475
370 0.000456
371 0.000455
372 0.000458
373 0.000435
374 0.000421
375 0.000418
376 0.000434
377 0.000450
378 0.000471
379 0.000466
380 0.000459
381 0.000465
382 0.000458
383 0.000444
384 0.000433
385 0.000434
386 0.000449
387 0.000458
388 0.000468
389 0.000469
390 0.000462
391 0.000452
392 0.000435
393 0.000423
394 0.000423
395 0.000418
396 0.000413
397 0.000415
398 0.000401
399 0.000391
400 0.000375
401 0.000375
402 0.000375
403 0.000359
404 0.000371
405 0.000372
406 0.000368
407 0.000369
408 0.000356
409 0.000341
410 0.000335
411 0.000331
412 0.000323
413 0.000316
414 0.000303
415 0.000304
416 0.000302
417 0.000298
418 0.000306
419 0.000310
420 0.000332
421 0.000345
422 0.000348
423 0.000353
424 0.000352
425 0.000342
426 0.000331
427 0.000316
428 0.000312
429 0.000304
430 0.000299
431 0.000293
432 0.000287
433 0.000300
434 0.000324
435 0.000340
436 0.000341
437 0.000345
438 0.000347
439 0.000369
440 0.000393
441 0.000402
442 0.000418
443 0.000418
444 0.000414
445 0.000414
446 0.000406
447 0.000402
448 0.000406
449 0.000422
450 0.000436
451 0.000416
452 0.000412
453 0.000420
454 0.000431
455 0.000450
456 0.000474
457 0.000483
458 0.000494
459 0.000499
460 0.000500
461 0.000509
462 0.000505
463 0.000505
464 0.000510
465 0.000514
466 0.000516
467 0.000499
468 0.000484
469 0.000473
470 0.000456
471 0.000444
472 0.000435
473 0.000421
474 0.000418
475 0.000407
476 0.000415
477 0.000401
478 0.000383
479 0.000379
480 0.000363
481 0.000352
482 0.000347
483 0.000335
484 0.000327
485 0.000326
486 0.000306
487 0.000300
488 0.000292
489 0.000290
490 0.000303
491 0.000298
492 0.000309
493 0.000316
494 0.000317
495 0.000319
496 0.000319
497 0.000305
498 0.000302
499 0.000289
500 0.000280
501 0.000263
502 0.000245
503 0.000238
504 0.000229
505 0.000239
506 0.000243
507 0.000228
508 0.000221
509 0.000200
510 0.000188
511 0.000193
512 0.000193
513 0.000192
514 0.000211
515 0.000229
516 0.000247
517 0.000269
518 0.000284
519 0.000301
520 0.000319
521 0.000326
522 0.000332
523 0.000349
524 0.000371
525 0.000365
526 0.000353
527 0.000345
528 0.000331
529 0.000320
530 0.000301
531 0.000283
532 0.000281
533 0.000297
534 0.000311
535 0.000321
536 0.000319
537 0.000317
538 0.000326
539 0.000337
540 0.000356
541 0.000360
542 0.000366
543 0.000364
544 0.000351
545 0.000325
546 0.000316
547 0.000303
548 0.000290
549 0.000291
550 0.000297
551 0.000305
552 0.000321
553 0.000333
554 0.000343
555 0.000338
556 0.000325
557 0.000311
558 0.000312
559 0.000329
560 0.000342
561 0.000339
562 0.000334
563 0.000325
564 0.000318
565 0.000313
566 0.000299
567 0.000297
568 0.000310
569 0.000321
570 0.000316
571 0.000301
572 0.000288
573 0.000291
574 0.000293
575 0.000305
576 0.000316
577 0.000313
578 0.000300
579 0.000297
580 0.000297
581 0.000306
582 0.000305
583 0.000306
584 0.000305
585 0.000308
586 0.000327
587 0.000344
588 0.000359
589 0.000359
590 0.000366
591 0.000381
592 0.000378
593 0.000367
594 0.000367
595 0.000360
596 0.000340
597 0.000313
598 0.000280
599 0.000254
600 0.000232
601 0.000217
602 0.000200
603 0.000190
604 0.000177
605 0.000162
606 0.000158
607 0.000159
608 0.000164
609 0.000177
610 0.000192
611 0.000197
612 0.000188
613 0.000185
614 0.000180
615 0.000174
616 0.000169
617 0.000167
618 0.000182
619 0.000200
620 0.000206
621 0.000208
622 0.000210
623 0.000227
624 0.000242
625 0.000256
626 0.000252
627 0.000255
628 0.000256
629 0.000268
630 0.000279
631 0.000288
632 0.000293
633 0.000302
634 0.000306
635 0.000312
636 0.000318
637 0.000334
638 0.000335
639 0.000347
640 0.000359
641 0.000351
642 0.000350
643 0.000347
644 0.000342
645 0.000329
646 0.000312
647 0.000286
648 0.000267
649 0.000256
650 0.000255
651 0.000254
652 0.000257
653 0.000261
654 0.000265
655 0.000262
656 0.000261
657 0.000267
658 0.000285
659 0.000307
660 0.000331
661 0.000347
662 0.000361
663 0.000369
664 0.000365
665 0.000358
666 0.000348
667 0.000337
668 0.000341
669 0.000343
670 0.000334
671 0.000324
672 0.000318
673 0.000297
674 0.000274
675 0.000260
676 0.000252
677 0.000246
678 0.000256
679 0.000272
680 0.000283
681 0.000284
682 0.000270
683 0.000257
684 0.000261
685 0.000273
686 0.000286
687 0.000306
688 0.000321
689 0.000322
690 0.000335
691 0.000347
692 0.000346
693 0.000353
694 0.000368
695 0.000374
696 0.000372
697 0.000363
698 0.000343
699 0.000325
700 0.000308
701 0.000285
702 0.000259
703 0.000240
704 0.000233
705 0.000229
706 0.000232
707 0.000239
708 0.000237
709 0.000226
710 0.000220
711 0.000214
712 0.000206
713 0.000209
714 0.000212
715 0.000226
716 0.000226
717 0.000219
718 0.000204
719 0.000194
720 0.000196
721 0.000203
722 0.000207
723 0.000212
724 0.000210
725 0.000217
726 0.000213
727 0.000201
728 0.000204
729 0.000205
730 0.000194
731 0.000185
732 0.000177
733 0.000176
734 0.000181
735 0.000183
736 0.000181
737 0.000177
738 0.000169
739 0.000169
740 0.000168
741 0.000166
742 0.000161
743 0.000170
744 0.000173
745 0.000173
746 0.000163
747 0.000152
748 0.000146
749 0.000146
750 0.000151
751 0.000159
752 0.000167
753 0.000172
754 0.000178
755 0.000185
756 0.000192
757 0.000203
758 0.000200
759 0.000203
760 0.000211
761 0.000211
762 0.000208
763 0.000211
764 0.000216
765 0.000222
766 0.000214
767 0.000205
768 0.000197
769 0.000198
770 0.000211
771 0.000221
772 0.000227
773 0.000223
774 0.000220
775 0.000227
776 0.000235
777 0.000236
778 0.000236
779 0.000231
780 0.000228
781 0.000224
782 0.000219
783 0.000208
784 0.000194
785 0.000189
786 0.000185
787 0.000182
788 0.000174
789 0.000170
790 0.000174
791 0.000177
792 0.000178
793 0.000163
794 0.000152
795 0.000152
796 0.000161
797 0.000170
798 0.000177
799 0.000177
800 0.000183
801 0.000189
802 0.000187
803 0.000189
804 0.000198
805 0.000211
806 0.000225
807 0.000237
808 0.000245
809 0.000253
