# i correlation
1 0.001812
2 0.001650
3 0.001521
4 0.001400
5 0.001317
6 0.001263
7 0.001215
8 0.001193
9 0.001165
10 0.001138
11 0.001107
12 0.001056
13 0.001011
14 0.000970
15 0.000932
16 0.000919
17 0.000905
18 0.000895
19 0.000870
20 0.000846
21 0.000819
22 0.000801
23 0.000772
24 0.000768
25 0.000748
26 0.000730
27 0.000721
28 0.000709
29 0.000707
30 0.000705
31 0.000705
32 0.000707
33 0.000699
34 0.000686
35 0.000682
36 0.000689
37 0.000680
38 0.000669
39 0.000659
40 0.000624
41 0.000609
42 0.000614
43 0.000604
44 0.000600
45 0.000602
46 0.000610
47 0.000626
48 0.000648
49 0.000663
50 0.000683
51 0.000690
52 0.000699
53 0.000700
54 0.000682
55 0.000663
56 0.000637
57 0.000617
58 0.000617
59 0.000618
60 0.000609
61 0.000607
62 0.000597
63 0.000592
64 0.000588
65 0.000562
66 0.000535
67 0.000514
68 0.000505
69 0.000509
70 0.000522
71 0.000526
72 0.000532
73 0.000534
74 0.000528
75 0.000516
76 0.000517
77 0.000511
78 0.000494
79 0.000488
80 0.000489
81 0.000479
82 0.000470
83 0.000455
84 0.000440
85 0.000434
86 0.000419
87 0.000433
88 0.000436
89 0.000415
90 0.000389
91 0.000379
92 0.000366
93 0.000357
94 0.000353
95 0.000347
96 0.000348
97 0.000353
98 0.000345
99 0.000342
100 0.000325
101 0.000308
102 0.000285
103 0.000265
104 0.000247
105 0.000234
106 0.000243
107 0.000239
108 0.000232
109 0.000226
110 0.000214
111 0.000230
112 0.000252
113 0.000254
114 0.000268
115 0.000298
116 0.000300
117 0.000300
118 0.000294
119 0.000289
120 0.000271
121 0.000255
122 0.000252
123 0.000257
124 0.000244
125 0.000248
126 0.000256
127 0.000249
128 0.000247
129 0.000248
130 0.000263
131 0.000260
132 0.000255
133 0.000281
134 0.000283
135 0.000291
136 0.000291
137 0.000275
138 0.000271
139 0.000294
140 0.000315
141 0.000328
142 0.000353
143 0.000370
144 0.000383
145 0.000394
146 0.000413
147 0.000440
148 0.000455
149 0.000462
150 0.000462
151 0.000478
152 0.000492
153 0.000497
154 0.000487
155 0.000471
156 0.000454
157 0.000433
158 0.000402
159 0.000377
160 0.000351
161 0.000322
162 0.000306
163 0.000296
164 0.000307
165 0.000322
166 0.000309
167 0.000298
168 0.000279
169 0.000256
170 0.000244
171 0.000229
172 0.000223
173 0.000213
174 0.000211
175 0.000226
176 0.000250
177 0.000261
178 0.000267
179 0.000260
180 0.000253
181 0.000242
182 0.000224
183 0.000215
184 0.000227
185 0.000252
186 0.000290
187 0.000305
188 0.000317
189 0.000332
190 0.000355
191 0.000352
192 0.000344
193 0.000348
194 0.000366
195 0.000391
196 0.000411
197 0.000416
198 0.000421
199 0.000431
200 0.000453
201 0.000464
202 0.000472
203 0.000490
204 0.000491
205 0.000469
206 0.000471
207 0.000480
208 0.000470
209 0.000454
210 0.000447
211 0.000432
212 0.000433
213 0.000437
214 0.000434
215 0.000432
216 0.000410
217 0.000389
218 0.000368
219 0.000348
220 0.000334
221 0.000314
222 0.000302
223 0.000288
224 0.000271
225 0.000260
226 0.000252
227 0.000260
228 0.000269
229 0.000270
230 0.000256
231 0.000234
232 0.000209
233 0.000184
234 0.000163
235 0.000144
236 0.000151
237 0.000166
238 0.000188
239 0.000211
240 0.000218
241 0.000211
242 0.000206
243 0.000188
244 0.000172
245 0.000183
246 0.000201
247 0.000212
248 0.000243
249 0.000254
250 0.000253
251 0.000255
252 0.000250
253 0.000239
254 0.000236
255 0.000227
256 0.000218
257 0.000208
258 0.000205
259 0.000198
260 0.000197
261 0.000205
262 0.000216
263 0.000225
264 0.000241
265 0.000247
266 0.000245
267 0.000243
268 0.000249
269 0.000240
270 0.000233
271 0.000217
272 0.000212
273 0.000221
274 0.000218
275 0.000213
276 0.000211
277 0.000215
278 0.000225
279 0.000233
280 0.000238
281 0.000253
282 0.000280
283 0.000296
284 0.000308
285 0.000311
286 0.000313
287 0.000330
288 0.000341
289 0.000340
290 0.000341
291 0.000335
292 0.000335
293 0.000340
294 0.000334
295 0.000340
296 0.000340
297 0.000338
298 0.000350
299 0.000353
300 0.000366
301 0.000385
302 0.000387
303 0.000373
304 0.000369
305 0.000356
306 0.000353
307 0.000343
308 0.000313
309 0.000301
310 0.000295
311 0.000285
312 0.000283
313 0.000266
314 0.000245
315 0.000237
316 0.000233
317 0.000232
318 0.000239
319 0.000270
320 0.000294
321 0.000310
322 0.000311
323 0.000321
324 0.000322
325 0.000327
326 0.000327
327 0.000323
328 0.000327
329 0.000323
330 0.000333
331 0.000339
332 0.000338
333 0.000353
334 0.000372
335 0.000377
336 0.000390
337 0.000418
338 0.000435
339 0.000451
340 0.000458
341 0.000465
342 0.000482
343 0.000499
344 0.000496
345 0.000502
346 0.000494
347 0.000471
348 0.000453
349 0.000442
350 0.000436
351 0.000427
352 0.000435
353 0.000440
354 0.000454
355 0.000468
356 0.000460
357 0.000445
358 0.000429
359 0.000400
360 0.000371
361 0.000341
362 0.000312
363 0.000299
364 0.000294
365 0.000294
366 0.000292
367 0.000291
368 0.000279
369 0.000278
370 0.000272
371 0.000263
372 0.000255
373 0.000244
374 0.000234
375 0.000220
376 0.000208
377 0.000181
378 0.000157
379 0.000123
380 0.000115
381 0.000115
382 0.000114
383 0.000115
384 0.000111
385 0.000108
386 0.000093
387 0.000083
388 0.000062
389 0.000057
390 0.000055
391 0.000061
392 0.000054
393 0.000067
394 0.000077
395 0.000072
396 0.000059
397 0.000062
398 0.000061
399 0.000063
400 0.000081
401 0.000097
402 0.000119
403 0.000149
404 0.000176
405 0.000180
406 0.000178
407 0.000184
408 0.000187
409 0.000175
410 0.000164
411 0.000151
412 0.000126
413 0.000121
414 0.000112
415 0.000113
416 0.000122
417 0.000134
418 0.000146
419 0.000154
420 0.000139
421 0.000123
422 0.000118
423 0.000110
424 0.000106
425 0.000097
426 0.000089
427 0.000086
428 0.000081
429 0.000086
430 0.000091
431 0.000087
432 0.000097
433 0.000104
434 0.000097
435 0.000098
436 0.000094
437 0.000093
438 0.000093
439 0.000098
440 0.000124
441 0.000128
442 0.000137
443 0.000144
444 0.000138
445 0.000127
446 0.000120
447 0.000098
448 0.000083
449 0.000085
450 0.000080
451 0.000086
452 0.000100
453 0.000120
454 0.000148
455 0.000150
456 0.000136
457 0.000130
458 0.000130
459 0.000119
460 0.000113
461 0.000115
462 0.000112
463 0.000114
464 0.000114
465 0.000116
466 0.000117
467 0.000112
468 0.000108
469 0.000109
470 0.000101
471 0.000095
472 0.000101
473 0.000095
474 0.000079
475 0.000073
476 0.000073
477 0.000073
478 0.000083
479 0.000086
480 0.000088
481 0.000099
482 0.000122
483 0.000136
484 0.000156
485 0.000171
486 0.000178
487 0.000179
488 0.000184
489 0.000189
490 0.000211
491 0.000237
492 0.000255
493 0.000274
494 0.000275
495 0.000266
496 0.000268
497 0.000281
498 0.000286
499 0.000284
500 0.000284
501 0.000289
502 0.000299
503 0.000300
504 0.000307
505 0.000309
506 0.000312
507 0.000298
508 0.000289
509 0.000298
510 0.000314
511 0.000315
512 0.000311
513 0.000307
514 0.000303
515 0.000297
516 0.000295
517 0.000298
518 0.000298
519 0.000302
520 0.000317
521 0.000319
522 0.000321
523 0.000322
524 0.000318
525 0.000314
526 0.000309
527 0.000303
528 0.000300
529 0.000303
530 0.000312
531 0.000311
532 0.000297
533 0.000294
534 0.000294
535 0.000287
536 0.000289
537 0.000294
538 0.000296
539 0.000298
540 0.000307
541 0.000315
542 0.000327
543 0.000329
544 0.000319
545 0.000317
546 0.000316
547 0.000318
548 0.000332
549 0.000351
550 0.000372
551 0.000387
552 0.000399
553 0.000401
554 0.000400
555 0.000408
556 0.000410
557 0.000407
558 0.000403
559 0.000401
560 0.000396
561 0.000387
562 0.000380
563 0.000374
564 0.000358
565 0.000354
566 0.000347
567 0.000343
568 0.000335
569 0.000332
570 0.000324
571 0.000310
572 0.000309
573 0.000313
574 0.000300
575 0.000289
576 0.000274
577 0.000256
578 0.000237
579 0.000232
580 0.000240
581 0.000252
582 0.000258
583 0.000273
584 0.000288
585 0.000288
586 0.000282
587 0.000283
588 0.000279
589 0.000286
590 0.000292
591 0.000287
592 0.000277
593 0.000272
594 0.000267
595 0.000253
596 0.000236
597 0.000233
598 0.000224
599 0.000216
600 0.000199
601 0.000191
602 0.000181
603 0.000177
604 0.000180
605 0.000188
606 0.000184
607 0.000184
608 0.000182
609 0.000186
610 0.000187
611 0.000185
612 0.000187
613 0.000184
614 0.000180
615 0.000174
616 0.000169
617 0.000167
618 0.000178
619 0.000187
620 0.000185
621 0.000187
622 0.000177
623 0.000161
624 0.000147
625 0.000133
626 0.000133
627 0.000125
628 0.000119
629 0.000121
630 0.000122
631 0.000125
632 0.000132
633 0.000134
634 0.000134
635 0.000137
636 0.000139
637 0.000147
638 0.000154
639 0.000170
640 0.000184
641 0.000190
642 0.000195
643 0.000193
644 0.000190
645 0.000189
646 0.000183
647 0.000170
648 0.000157
649 0.000146
650 0.000133
651 0.000121
652 0.000103
653 0.000097
654 0.000085
655 0.000085
656 0.000091
657 0.000094
658 0.000091
659 0.000078
660 0.000067
661 0.000058
662 0.000053
663 0.000048
664 0.000048
665 0.000051
666 0.000053
667 0.000051
668 0.000057
669 0.000060
670 0.000058
671 0.000064
672 0.000062
673 0.000068
674 0.000062
675 0.000043
676 0.000026
677 0.000011
678 0.000003
679 -0.000005
680 -0.000009
681 -0.000012
682 -0.000009
683 -0.000010
684 -0.000015
685 -0.000021
686 -0.000029
687 -0.000042
688 -0.000051
689 -0.000055
690 -0.000063
691 -0.000062
692 -0.000055
693 -0.000057
694 -0.000051
695 -0.000043
696 -0.000036
697 -0.000036
698 -0.000034
699 -0.000035
700 -0.000031
701 -0.000030
702 -0.000028
703 -0.000024
704 -0.000015
705 -0.000004
706 0.000013
707 0.000019
708 0.000021
709 0.000021
710 0.000018
711 0.000010
712 0.000009
713 0.000008
714 0.000004
715 -0.000007
716 -0.000015
717 -0.000021
718 -0.000031
719 -0.000036
720 -0.000036
721 -0.000043
722 -0.000051
723 -0.000055
724 -0.000058
725 -0.000058
726 -0.000062
727 -0.000057
728 -0.000052
729 -0.000059
730 -0.000060
731 -0.000070
732 -0.000073
733 -0.000074
734 -0.000083
735 -0.000094
736 -0.000096
737 -0.000096
738 -0.000088
739 -0.000083
740 -0.000078
741 -0.000069
742 -0.000066
743 -0.000068
744 -0.000074
745 -0.000076
746 -0.000078
747 -0.000078
748 -0.000074
749 -0.000067
750 -0.000054
751 -0.000053
752 -0.000048
753 -0.000051
754 -0.000057
755 -0.000063
756 -0.000062
757 -0.000061
758 -0.000052
759 -0.000044
760 -0.000042
761 -0.000047
762 -0.000055
763 -0.000063
764 -0.000074
765 -0.000074
766 -0.000073
767 -0.000075
768 -0.000077
769 -0.000081
770 -0.000081
771 -0.000084
772 -0.000088
773 -0.000088
774 -0.000085
775 -0.000082
776 -0.000080
777 -0.000076
778 -0.000079
779 -0.000077
780 -0.000080
781 -0.000090
782 -0.000085
783 -0.000078
784 -0.000069
785 -0.000062
786 -0.000060
787 -0.000058
788 -0.000052
789 -0.000051
790 -0.000047
791 -0.000040
792 -0.000036
793 -0.000032
794 -0.000033
795 -0.000029
796 -0.000026
797 -0.000021
798 -0.000025
799 -0.000030
800 -0.000039
801 -0.000048
802 -0.000053
803 -0.000053
804 -0.000048
805 -0.000042
806 -0.000037
807 -0.000029
808 -0.000029
809 -0.000034
